# Avida Average Deme Data
# Fri Apr 18 02:18:29 2014
#  1: Update
#  2: Count
#  3: Age
#  4: Births
#  5: Organisms
#  6: Generation
#  7: Births (at last replication)
#  8: Organisms (at last replication)
#  9: Merit
# 10: Gestation Time
# 11: Time Used (normalized by org fitness)
# 12: Generations between current and last founders
# 13: Events killed
# 14: Attempts to kill event

0 100 0 0 1 0 0 0 1 0 0 0 0 0 
1000 100 25.37 0 10 21.01 0 9.52418 1 15205.9 13.1612 0 0 0 
2000 100 24.4 0 10 42.08 0 9.76197 1 15218.9 13.0979 0 0 0 
3000 100 22.96 0 10 63.85 0 9.84129 1 14073.5 12.1628 0 0 0 
4000 100 26.68 0 10 85.69 0 9.88095 1 13056.5 11.3572 0 0 0 
5000 100 24.5 0 10 111.49 0 9.90476 1 12848.9 11.1829 0 0 0 
6000 100 17.57 0 10 144.45 0 9.92063 1 9944.47 8.75636 0 0 0 
7000 100 19.81 0 10 175.5 0 9.93197 1 10987.2 9.69527 0 0 0 
8000 100 17.13 0 10 205.09 0 9.94047 1 10103 8.93329 0 0 0 
9000 100 18.42 0 10 235.19 0 9.94708 1 10144.6 8.9262 0 0 0 
10000 100 20.52 0 10 264.56 0 9.95237 1 10245.2 9.09156 0 0 0 
11000 100 19.9 0 10 297.67 0 9.9567 1 10517.9 9.36844 0 0 0 
12000 100 20.86 0 10 326.24 0 9.96031 1 10777.4 9.56169 0 0 0 
13000 100 19.23 0 10 356.17 0 9.96336 1 10327.5 9.07649 0 0 0 
14000 100 18.08 0 10 385.36 0 9.96598 1 10372.4 9.0485 0 0 0 
15000 100 19.67 0 10 418.41 0 9.96825 1 10578.6 9.17737 0 0 0 
16000 100 18.63 0 10 449.62 0 9.97023 1 10113.8 8.81196 0 0 0 
17000 100 17.2 0 10 486.98 0 9.97198 1 8625.47 7.43452 0 0 0 
18000 100 18.48 0 10 528.21 0 9.97354 1 7683.13 6.77346 0 0 0 
19000 100 16.41 0 10 569.35 0 9.97493 1 7872.74 6.97061 0 0 0 
20000 100 10.73 0 10 612.7 0 9.97619 1 8524.29 7.4227 0 0 0 
21000 100 12.66 0 10 656.87 0 9.97732 1 7970.73 6.70254 0 0 0 
22000 100 14.01 0 10 698.98 0 9.97835 1 7479.58 6.23237 0 0 0 
23000 100 9.85 0 10 752.55 0 9.97929 1 5476.38 4.68215 0 0 0 
24000 100 11.27 0 10 811.58 0 9.98015 1 5631.63 4.7762 0 0 0 
25000 100 10.73 0 10 867.09 0 9.98095 1 5344.54 4.55589 0 0 0 
26000 100 9.59 0 10 921.73 0 9.98168 1 5737.65 4.85306 0 0 0 
27000 100 13.03 0 10 984.88 0 9.98236 1 5433.13 4.59721 0 0 0 
28000 100 10.66 0 10 1031.57 0 9.98299 1 6220.5 5.15672 0 0 0 
29000 100 9.18 0 10 1084.87 0 9.98358 1 5805.82 4.79286 0 0 0 
30000 100 10.72 0 10 1138.96 0 9.98412 1 5951.15 5.0051 0 0 0 
31000 100 9.31 0 10 1194.86 0 9.98464 1 5934.45 4.86425 0 0 0 
32000 100 9.68 0 10 1250.05 0 9.98512 1 5449.86 4.43439 0 0 0 
33000 100 11.02 0 10 1302.65 0 9.98557 1 5951.88 4.8162 0 0 0 
34000 100 9.84 0 10 1356.76 0 9.98599 1 5814.73 4.71402 0 0 0 
35000 100 7.84 0 10 1413.49 0 9.98639 1 6173.69 4.88159 0 0 0 
36000 100 13.34 0 10 1463.2 0 9.98677 1 5678.68 4.47517 0 0 0 
37000 100 9.15 0 10 1517 0 9.98713 1 6100.27 4.78671 0 0 0 
38000 100 10.48 0 10 1581.02 0 9.98747 1 5569.44 4.23515 0 0 0 
39000 100 9.51 0 10 1633.61 0 9.98779 1 5406.83 4.09276 0 0 0 
40000 100 10.11 0 10 1687.67 0 9.98809 1 5443.15 4.16628 0 0 0 
41000 100 10.39 0 10 1742.87 0 9.98838 1 6206.59 4.64436 0 0 0 
42000 100 12.04 0 10 1797.04 0 9.98866 1 5852.13 4.29436 0 0 0 
43000 100 9.29 0 10 1850.6 0 9.98892 1 6316.7 4.64719 0 0 0 
44000 100 12.56 0 10 1900.46 0 9.98918 1 5913.93 4.33934 0 0 0 
45000 100 10.93 0 10 1953.6 0 9.98942 1 5913.62 4.37267 0 0 0 
46000 100 13.19 0 10 2005.78 0 9.98965 1 5813.37 4.31134 0 0 0 
47000 100 9.38 0 10 2061.82 0 9.98987 1 5580.07 4.12422 0 0 0 
48000 100 9.88 0 10 2117.04 0 9.99008 1 6267.47 4.58679 0 0 0 
49000 100 12.06 0 10 2172.42 0 9.99028 1 5908.8 4.28031 0 0 0 
50000 100 11 0 10 2227.41 0 9.99047 1 6033.82 4.354 0 0 0 
51000 100 12.52 0 10 2278.48 0 9.99066 1 5736.73 4.09864 0 0 0 
52000 100 9.24 0 10 2331.18 0 9.99084 1 5466.49 3.88727 0 0 0 
53000 100 10.22 0 10 2388.06 0 9.99101 1 5664.77 4.00876 0 0 0 
54000 100 9.42 0 10 2440.37 0 9.99118 1 6020.54 4.24971 0 0 0 
55000 100 10.57 0 10 2493.57 0 9.99134 1 6446.01 4.57333 0 0 0 
56000 100 11.22 0 10 2546.89 0 9.99149 1 6179.6 4.38575 0 0 0 
57000 100 10.67 0 10 2601.43 0 9.99164 1 5888.2 4.2015 0 0 0 
58000 100 9.31 0 10 2656.78 0 9.99179 1 5508.84 3.95684 0 0 0 
59000 100 10.81 0 10 2709.92 0 9.99193 1 5929.35 4.29167 0 0 0 
60000 100 8.5 0 10 2762.93 0 9.99206 1 5851.01 4.21801 0 0 0 
61000 100 7.88 0 10 2879.11 0 9.99219 1 2482.06 1.82574 0 0 0 
62000 100 6.53 0 10 3006.01 0 9.99232 1 2274.23 1.66278 0 0 0 
63000 100 6.83 0 10 3137.51 0 9.99244 1 2587.59 1.89075 0 0 0 
64000 100 6.35 0 10 3260.49 0 9.99256 1 2654.73 1.91358 0 0 0 
65000 100 3.85 0 10 3418.16 0 9.99267 1 2232.73 1.6029 0 0 0 
66000 100 5.5 0 10 3572.21 0 9.99278 1 2121.57 1.53109 0 0 0 
67000 100 4.65 0 10 3727.73 0 9.99289 1 1887.25 1.35186 0 0 0 
68000 100 5.07 0 10 3909.55 0 9.993 1 1939.37 1.35913 0 0 0 
69000 100 4.61 0 10 4090.87 0 9.9931 1 1591.04 1.11054 0 0 0 
70000 100 4.94 0 10 4288.13 0 9.9932 1 1808.59 1.28289 0 0 0 
71000 100 4.11 0 10 4482.97 0 9.99329 1 1776.36 1.26204 0 0 0 
72000 100 4.1 0 10 4687.52 0 9.99338 1 1679.7 1.19898 0 0 0 
73000 100 3.85 0 10 4896.24 0 9.99348 1 1553.63 1.12496 0 0 0 
74000 100 3.39 0 10 5092.65 0 9.99356 1 1602.53 1.15521 0 0 0 
75000 100 3.49 0 10 5287.45 0 9.99365 1 1558.62 1.12258 0 0 0 
76000 100 3.05 0 10 5515.37 0 9.99373 1 1287.68 0.913463 0 0 0 
77000 100 2.43 0 10 5794.29 0 9.99381 1 1073.1 0.751764 0 0 0 
78000 100 2.36 0 10 6085.58 0 9.99389 1 1037.89 0.707168 0 0 0 
79000 100 2.16 0 10 6346.37 0 9.99397 1 1172.74 0.810207 0 0 0 
80000 100 2.57 0 10 6611.52 0 9.99405 1 1318.78 0.885374 0 0 0 
81000 100 2.57 0 10 6839.55 0 9.99412 1 1121.39 0.768367 0 0 0 
82000 100 2.73 0 10 7108.26 0 9.99419 1 1217.77 0.858108 0 0 0 
83000 100 2.58 0 10 7372.96 0 9.99426 1 1149.23 0.822166 0 0 0 
84000 100 2.3 0 10 7667.77 0 9.99433 1 987.89 0.687737 0 0 0 
85000 100 1.94 0 10 7966.46 0 9.9944 1 939.76 0.649632 0 0 0 
86000 100 2.27 0 10 8259.13 0 9.99446 1 924.68 0.652605 0 0 0 
87000 100 2.15 0 10 8560.57 0 9.99453 1 1036.49 0.713728 0 0 0 
88000 100 1.97 0 10 8846.47 0 9.99459 1 1265.62 0.865281 0 0 0 
89000 100 1.88 0 10 9140.02 0 9.99465 1 1067.99 0.72836 0 0 0 
90000 100 2.59 0 10 9442.42 0 9.99471 1 1044.95 0.740322 0 0 0 
91000 100 1.83 0 10 9766.55 0 9.99477 1 937.88 0.653713 0 0 0 
92000 100 2.58 0 10 10086.2 0 9.99482 1 1010.6 0.706018 0 0 0 
93000 100 2.46 0 10 10404.4 0 9.99488 1 1099.2 0.786555 0 0 0 
94000 100 1.91 0 10 10724.3 0 9.99493 1 939.76 0.673953 0 0 0 
95000 100 1.96 0 10 11049.6 0 9.99499 1 1180.29 0.834291 0 0 0 
96000 100 1.94 0 10 11338.1 0 9.99504 1 991.01 0.682232 0 0 0 
97000 100 2.09 0 10 11653.3 0 9.99509 1 1002.84 0.674489 0 0 0 
98000 100 2.18 0 10 11965.5 0 9.99514 1 1092.54 0.723279 0 0 0 
99000 100 2.02 0 10 12285 0 9.99519 1 939.89 0.605537 0 0 0 
100000 100 2.25 0 10 12599.1 0 9.99524 1 980.78 0.647054 0 0 0 
101000 100 2.05 0 10 12907.2 0 9.99528 1 1149.58 0.753868 0 0 0 
102000 100 2.48 0 10 13208.6 0 9.99533 1 999.95 0.655577 0 0 0 
103000 100 2.57 0 10 13508.9 0 9.99538 1 1012.9 0.66983 0 0 0 
104000 100 1.92 0 10 13834.8 0 9.99542 1 962.87 0.624171 0 0 0 
105000 100 2.62 0 10 14149.9 0 9.99546 1 1023.79 0.673324 0 0 0 
106000 100 1.89 0 10 14489.9 0 9.99551 1 994.09 0.648544 0 0 0 
107000 100 2 0 10 14798.9 0 9.99555 1 963.84 0.621953 0 0 0 
108000 100 1.87 0 10 15105.1 0 9.99559 1 982.41 0.633348 0 0 0 
109000 100 2.28 0 10 15424.4 0 9.99563 1 999.65 0.6343 0 0 0 
110000 100 1.88 0 10 15749.8 0 9.99567 1 1011.29 0.627091 0 0 0 
111000 100 1.94 0 10 16069.6 0 9.99571 1 937.26 0.58324 0 0 0 
112000 100 1.61 0 10 16390.2 0 9.99575 1 1075.3 0.660727 0 0 0 
113000 100 2.39 0 10 16696.4 0 9.99578 1 980.22 0.602631 0 0 0 
114000 100 1.78 0 10 16999.9 0 9.99582 1 1035.24 0.630928 0 0 0 
115000 100 2.09 0 10 17312.2 0 9.99586 1 1009.75 0.593036 0 0 0 
116000 100 2 0 10 17607.7 0 9.99589 1 1188.41 0.695611 0 0 0 
117000 100 2.21 0 10 17922.8 0 9.99593 1 994.44 0.58009 0 0 0 
118000 100 1.44 0 10 18259.7 0 9.99596 1 1006.21 0.587215 0 0 0 
119000 100 1.53 0 10 18603.5 0 9.996 1 880 0.509769 0 0 0 
120000 100 1.32 0 10 18954.1 0 9.99603 1 1024.43 0.583384 0 0 0 
121000 100 1.94 0 10 19262.5 0 9.99606 1 930.69 0.511159 0 0 0 
122000 100 1.53 0 10 19616.6 0 9.9961 1 963.17 0.51269 0 0 0 
123000 100 1.79 0 10 19955.4 0 9.99613 1 855.49 0.458736 0 0 0 
124000 100 2.17 0 10 20310.1 0 9.99616 1 856.28 0.446828 0 0 0 
125000 100 1.75 0 10 20658 0 9.99619 1 783.9 0.397162 0 0 0 
126000 100 1.53 0 10 21044.2 0 9.99622 1 742.7 0.373638 0 0 0 
127000 100 1.77 0 10 21396.1 0 9.99625 1 904.74 0.446491 0 0 0 
128000 100 1.63 0 10 21773.6 0 9.99628 1 783.08 0.383879 0 0 0 
129000 100 1.78 0 10 22168.8 0 9.99631 1 861.03 0.40908 0 0 0 
130000 100 1.65 0 10 22563.8 0 9.99634 1 795.56 0.37871 0 0 0 
131000 100 1.63 0 10 22948.2 0 9.99636 1 775.65 0.363041 0 0 0 
132000 100 1.75 0 10 23332.5 0 9.99639 1 879.57 0.418147 0 0 0 
133000 100 1.48 0 10 23705.2 0 9.99642 1 855.48 0.397629 0 0 0 
134000 100 1.69 0 10 24079.3 0 9.99645 1 776.95 0.355702 0 0 0 
135000 100 1.77 0 10 24445.7 0 9.99647 1 892.98 0.403155 0 0 0 
136000 100 1.83 0 10 24843.9 0 9.9965 1 796.26 0.363092 0 0 0 
137000 100 1.7 0 10 25218.3 0 9.99652 1 818.64 0.368667 0 0 0 
138000 100 1.72 0 10 25592.4 0 9.99655 1 891.19 0.400783 0 0 0 
139000 100 1.93 0 10 25972.2 0 9.99657 1 900.94 0.405367 0 0 0 
140000 100 1.84 0 10 26314.2 0 9.9966 1 934.16 0.405823 0 0 0 
141000 100 2.01 0 10 26671 0 9.99662 1 784.03 0.341935 0 0 0 
142000 100 1.88 0 10 27002.9 0 9.99665 1 910.04 0.4008 0 0 0 
143000 100 1.72 0 10 27342.5 0 9.99667 1 1005.06 0.440327 0 0 0 
144000 100 1.61 0 10 27689.9 0 9.99669 1 895.59 0.393525 0 0 0 
145000 100 1.86 0 10 28038.6 0 9.99672 1 728.99 0.319437 0 0 0 
146000 100 1.66 0 10 28422.2 0 9.99674 1 742.84 0.322889 0 0 0 
147000 100 2.03 0 10 28808.9 0 9.99676 1 838.05 0.368756 0 0 0 
148000 100 1.39 0 10 29175.8 0 9.99678 1 956.93 0.425339 0 0 0 
149000 100 2.17 0 10 29555.5 0 9.9968 1 801.19 0.353201 0 0 0 
150000 100 1.51 0 10 29927.8 0 9.99682 1 796.36 0.338242 0 0 0 
151000 100 1.68 0 10 30289.4 0 9.99685 1 899.86 0.368874 0 0 0 
152000 100 1.67 0 10 30643.7 0 9.99687 1 965.37 0.400944 0 0 0 
153000 100 2.66 0 10 30977 0 9.99689 1 825.04 0.337145 0 0 0 
154000 100 1.31 0 10 31337.6 0 9.99691 1 897.09 0.365316 0 0 0 
155000 100 1.54 0 10 31713 0 9.99693 1 733.38 0.294288 0 0 0 
156000 100 1.78 0 10 32093.2 0 9.99695 1 676.86 0.265702 0 0 0 
157000 100 1.55 0 10 32499.3 0 9.99697 1 770.55 0.301462 0 0 0 
158000 100 1.28 0 10 32908.9 0 9.99699 1 751.84 0.291886 0 0 0 
159000 100 1.96 0 10 33301.6 0 9.997 1 819.7 0.316828 0 0 0 
160000 100 1.91 0 10 33687.2 0 9.99702 1 750.53 0.291853 0 0 0 
161000 100 1.59 0 10 34073.2 0 9.99704 1 750.22 0.289416 0 0 0 
162000 100 1.89 0 10 34464.5 0 9.99706 1 779.73 0.299717 0 0 0 
163000 100 1.93 0 10 34848.9 0 9.99708 1 823.92 0.312725 0 0 0 
164000 100 1.28 0 10 35233.8 0 9.9971 1 668.79 0.250205 0 0 0 
165000 100 1.31 0 10 35630.3 0 9.99711 1 753.38 0.281792 0 0 0 
166000 100 1.68 0 10 36019.9 0 9.99713 1 771.88 0.286302 0 0 0 
167000 100 1.76 0 10 36410.2 0 9.99715 1 759.01 0.275642 0 0 0 
168000 100 1.75 0 10 36822.2 0 9.99716 1 712.04 0.254662 0 0 0 
169000 100 2.14 0 10 37207.9 0 9.99718 1 856.02 0.300637 0 0 0 
170000 100 1.94 0 10 37557.2 0 9.9972 1 773.45 0.272494 0 0 0 
171000 100 2.1 0 10 37912.8 0 9.99721 1 940.97 0.325203 0 0 0 
172000 100 2.04 0 10 38280.6 0 9.99723 1 918.81 0.317242 0 0 0 
173000 100 2.18 0 10 38649.4 0 9.99725 1 800.57 0.273444 0 0 0 
174000 100 2.2 0 10 39026.5 0 9.99726 1 993.95 0.33619 0 0 0 
175000 100 2.29 0 10 39399.8 0 9.99728 1 798.59 0.274946 0 0 0 
176000 100 2.39 0 10 39789.7 0 9.99729 1 857.53 0.2942 0 0 0 
177000 100 2.2 0 10 40165.7 0 9.99731 1 769.92 0.260233 0 0 0 
178000 100 1.41 0 10 40502.9 0 9.99732 1 808.18 0.279733 0 0 0 
179000 100 2.36 0 10 40868.3 0 9.99734 1 801.98 0.273773 0 0 0 
180000 100 1.6 0 10 41238.5 0 9.99735 1 877.44 0.299874 0 0 0 
181000 100 2.07 0 10 41610 0 9.99737 1 868.68 0.292886 0 0 0 
182000 100 1.93 0 10 41992.2 0 9.99738 1 804.71 0.265281 0 0 0 
183000 100 2.06 0 10 42356.2 0 9.9974 1 909.52 0.303974 0 0 0 
184000 100 1.75 0 10 42725.9 0 9.99741 1 1008.21 0.341303 0 0 0 
185000 100 1.89 0 10 43088.2 0 9.99743 1 899.12 0.307922 0 0 0 
186000 100 2.01 0 10 43453.5 0 9.99744 1 896.96 0.304716 0 0 0 
187000 100 2.05 0 10 43832.7 0 9.99745 1 869.64 0.293985 0 0 0 
188000 100 2.02 0 10 44184.8 0 9.99747 1 836.39 0.287083 0 0 0 
189000 100 1.52 0 10 44577.9 0 9.99748 1 899.15 0.302507 0 0 0 
190000 100 1.66 0 10 44964.6 0 9.99749 1 855.56 0.284927 0 0 0 
191000 100 2.06 0 10 45319.3 0 9.99751 1 841.39 0.279048 0 0 0 
192000 100 2.43 0 10 45683.4 0 9.99752 1 885.78 0.293307 0 0 0 
193000 100 1.67 0 10 46054.6 0 9.99753 1 831.51 0.277275 0 0 0 
194000 100 1.59 0 10 46432.5 0 9.99754 1 772.51 0.256166 0 0 0 
195000 100 1.52 0 10 46790.1 0 9.99756 1 786.82 0.255546 0 0 0 
196000 100 1.77 0 10 47189.5 0 9.99757 1 791.39 0.256837 0 0 0 
197000 100 1.25 0 10 47564.5 0 9.99758 1 793.9 0.255005 0 0 0 
198000 100 2.11 0 10 47938.5 0 9.99759 1 833.77 0.265468 0 0 0 
199000 100 1.47 0 10 48324.7 0 9.99761 1 744.75 0.236383 0 0 0 
200000 100 1.45 0 10 48706.9 0 9.99762 1 731.42 0.236219 0 0 0 
201000 100 1.54 0 10 49088.8 0 9.99763 1 847.51 0.270822 0 0 0 
202000 100 1.43 0 10 49489 0 9.99764 1 888.7 0.279081 0 0 0 
203000 100 1.46 0 10 49868.9 0 9.99765 1 853.71 0.267577 0 0 0 
204000 100 1.57 0 10 50260.2 0 9.99767 1 816.64 0.256806 0 0 0 
205000 100 1.97 0 10 50639 0 9.99768 1 807.51 0.254264 0 0 0 
206000 100 1.55 0 10 51037.3 0 9.99769 1 770.84 0.241505 0 0 0 
207000 100 1.68 0 10 51416.6 0 9.9977 1 735.18 0.230199 0 0 0 
208000 100 1.84 0 10 51812.7 0 9.99771 1 890.95 0.278588 0 0 0 
209000 100 1.79 0 10 52194.8 0 9.99772 1 801.2 0.248397 0 0 0 
210000 100 2.01 0 10 52590.8 0 9.99773 1 811.98 0.245653 0 0 0 
211000 100 2.38 0 10 52994.1 0 9.99774 1 753.21 0.226165 0 0 0 
212000 100 2.12 0 10 53410.9 0 9.99775 1 746.12 0.223917 0 0 0 
213000 100 1.69 0 10 53809.4 0 9.99776 1 888.35 0.2623 0 0 0 
214000 100 1.34 0 10 54196.4 0 9.99777 1 738.08 0.219606 0 0 0 
215000 100 1.42 0 10 54602.7 0 9.99778 1 729.32 0.219726 0 0 0 
216000 100 2.66 0 10 55008.1 0 9.99779 1 837.87 0.247848 0 0 0 
217000 100 1.79 0 10 55453.1 0 9.99781 1 951.24 0.279213 0 0 0 
218000 100 1.82 0 10 55845.3 0 9.99782 1 806.23 0.233254 0 0 0 
219000 100 1.23 0 10 56261.1 0 9.99783 1 752.77 0.213874 0 0 0 
220000 100 1.58 0 10 56657.8 0 9.99784 1 829.85 0.236672 0 0 0 
221000 100 1.77 0 10 57019.4 0 9.99784 1 782.6 0.220337 0 0 0 
222000 100 2.16 0 10 57433.4 0 9.99785 1 1044.96 0.28838 0 0 0 
223000 100 1.77 0 10 57794.2 0 9.99786 1 875.73 0.240885 0 0 0 
224000 100 1.97 0 10 58162.7 0 9.99787 1 900.9 0.248289 0 0 0 
225000 100 1.97 0 10 58530.6 0 9.99788 1 869.4 0.23841 0 0 0 
226000 100 2.26 0 10 58891.8 0 9.99789 1 841.21 0.230205 0 0 0 
227000 100 1.49 0 10 59250.2 0 9.9979 1 899.02 0.24434 0 0 0 
228000 100 2.1 0 10 59603.2 0 9.99791 1 972.33 0.263189 0 0 0 
229000 100 1.35 0 10 59994.3 0 9.99792 1 774.66 0.207446 0 0 0 
230000 100 1.75 0 10 60385.7 0 9.99793 1 880.93 0.231792 0 0 0 
231000 100 1.57 0 10 60775.8 0 9.99794 1 894.97 0.235963 0 0 0 
232000 100 1.66 0 10 61181.2 0 9.99795 1 804.53 0.210864 0 0 0 
233000 100 1.88 0 10 61581.2 0 9.99796 1 839.39 0.217623 0 0 0 
234000 100 2 0 10 61991.2 0 9.99796 1 660.45 0.171821 0 0 0 
235000 100 2.56 0 10 62340.9 0 9.99797 1 974.43 0.254245 0 0 0 
236000 100 1.89 0 10 62737.8 0 9.99798 1 747.35 0.193693 0 0 0 
237000 100 2.42 0 10 63098.8 0 9.99799 1 833.67 0.217056 0 0 0 
238000 100 1.78 0 10 63472 0 9.998 1 828.59 0.216026 0 0 0 
239000 100 2.13 0 10 63871.1 0 9.99801 1 892.99 0.230411 0 0 0 
240000 100 1.68 0 10 64291.4 0 9.99802 1 749.14 0.192198 0 0 0 
241000 100 1.99 0 10 64704.5 0 9.99802 1 791.3 0.204374 0 0 0 
242000 100 2.28 0 10 65110 0 9.99803 1 840.67 0.219063 0 0 0 
243000 100 1.94 0 10 65525.6 0 9.99804 1 740.84 0.192412 0 0 0 
244000 100 1.83 0 10 65911.8 0 9.99805 1 797.67 0.204907 0 0 0 
245000 100 1.55 0 10 66321 0 9.99806 1 804.86 0.205187 0 0 0 
246000 100 1.34 0 10 66723.3 0 9.99806 1 805.35 0.204237 0 0 0 
247000 100 2.27 0 10 67117.9 0 9.99807 1 741.93 0.188208 0 0 0 
248000 100 1.64 0 10 67541.1 0 9.99808 1 717.58 0.181609 0 0 0 
249000 100 1.52 0 10 67957.4 0 9.99809 1 808.43 0.202899 0 0 0 
250000 100 1.64 0 10 68390.9 0 9.99809 1 719.86 0.179109 0 0 0 