# Avida Average Deme Data
# Sun Apr 20 03:55:31 2014
#  1: Update
#  2: Count
#  3: Age
#  4: Births
#  5: Organisms
#  6: Generation
#  7: Births (at last replication)
#  8: Organisms (at last replication)
#  9: Merit
# 10: Gestation Time
# 11: Time Used (normalized by org fitness)
# 12: Generations between current and last founders
# 13: Events killed
# 14: Attempts to kill event

0 100 0 0 1 0 0 0 1 0 0 0 0 0 
1000 100 24.51 0 10 22.47 0 9.55614 1 13619.4 11.7518 0 0 0 
2000 100 25.83 0 10 45.78 0 9.77796 1 14260.1 12.261 0 0 0 
3000 100 25.75 0 10 69.26 0 9.85195 1 13112.3 11.2262 0 0 0 
4000 100 18.13 0 10 92.28 0 9.88895 1 12520.8 10.6805 0 0 0 
5000 100 4.26 0 10 180.81 0 9.91116 1 2428.38 2.06825 0 0 0 
6000 100 3.53 0 10 317.71 0 9.92596 1 2180.59 1.80746 0 0 0 
7000 100 3.69 0 10 463.42 0 9.93654 1 2104.53 1.72763 0 0 0 
8000 100 3.43 0 10 603.62 0 9.94447 1 2153.63 1.78837 0 0 0 
9000 100 3.95 0 10 750.98 0 9.95064 1 2100.31 1.71475 0 0 0 
10000 100 4.42 0 10 887 0 9.95557 1 2091.5 1.69716 0 0 0 
11000 100 4.37 0 10 1023.12 0 9.95961 1 2327.99 1.8464 0 0 0 
12000 100 4.03 0 10 1166.41 0 9.96298 1 2289.96 1.79034 0 0 0 
13000 100 3.51 0 10 1312.94 0 9.96583 1 2144.91 1.63899 0 0 0 
14000 100 4.49 0 10 1456.69 0 9.96827 1 2125.81 1.55425 0 0 0 
15000 100 4.22 0 10 1589.18 0 9.97038 1 2075.99 1.49262 0 0 0 
16000 100 4.49 0 10 1741.4 0 9.97223 1 2322.29 1.69511 0 0 0 
17000 100 4.57 0 10 1883.65 0 9.97387 1 2172.24 1.55553 0 0 0 
18000 100 4.91 0 10 2035.51 0 9.97532 1 2106.32 1.48205 0 0 0 
19000 100 4.34 0 10 2191.95 0 9.97662 1 2013.56 1.3975 0 0 0 
20000 100 4.35 0 10 2348.76 0 9.97779 1 1943.69 1.34355 0 0 0 
21000 100 2.78 0 10 2510.75 0 9.97884 1 2006.92 1.38636 0 0 0 
22000 100 4.08 0 10 2662.31 0 9.97981 1 2238.54 1.51178 0 0 0 
23000 100 3.73 0 10 2812.87 0 9.98068 1 2064.28 1.44417 0 0 0 
24000 100 3.76 0 10 2963.3 0 9.98149 1 1967.86 1.37345 0 0 0 
25000 100 4.27 0 10 3128.79 0 9.98223 1 1992.24 1.37213 0 0 0 
26000 100 3.79 0 10 3276.13 0 9.98291 1 2209.31 1.5143 0 0 0 
27000 100 3.72 0 10 3422.8 0 9.98355 1 2038.93 1.3955 0 0 0 
28000 100 4.17 0 10 3568.69 0 9.98413 1 2074.82 1.39336 0 0 0 
29000 100 5.54 0 10 3724.17 0 9.98468 1 2006.97 1.32055 0 0 0 
30000 100 3.97 0 10 3877.1 0 9.98519 1 2078.24 1.33835 0 0 0 
31000 100 3.46 0 10 4042.45 0 9.98567 1 1791.71 1.14224 0 0 0 
32000 100 3.82 0 10 4223.87 0 9.98612 1 1734.09 1.09242 0 0 0 
33000 100 3.42 0 10 4405.04 0 9.98654 1 1940.23 1.19932 0 0 0 
34000 100 2.96 0 10 4600.31 0 9.98693 1 1747.4 1.08107 0 0 0 
35000 100 3.35 0 10 4787.08 0 9.98731 1 1712.71 1.05371 0 0 0 
36000 100 3.05 0 10 4987.65 0 9.98766 1 1608.22 0.970158 0 0 0 
37000 100 3.75 0 10 5199.81 0 9.98799 1 1528.44 0.910249 0 0 0 
38000 100 3.65 0 10 5398.53 0 9.98831 1 1505.92 0.881193 0 0 0 
39000 100 2.93 0 10 5595.39 0 9.98861 1 1656.34 0.946295 0 0 0 
40000 100 3.48 0 10 5788.83 0 9.98889 1 1696.34 0.979984 0 0 0 
41000 100 3.85 0 10 5990.2 0 9.98916 1 1645.4 0.938901 0 0 0 
42000 100 4.04 0 10 6186.59 0 9.98942 1 1586.77 0.8748 0 0 0 
43000 100 4.04 0 10 6360.77 0 9.98967 1 1627.41 0.886294 0 0 0 
44000 100 3.11 0 10 6550.44 0 9.9899 1 1889.68 1.03072 0 0 0 
45000 100 3.57 0 10 6750.02 0 9.99013 1 1644.61 0.892247 0 0 0 
46000 100 3.17 0 10 6924.87 0 9.99034 1 1509.26 0.81607 0 0 0 
47000 100 3.65 0 10 7125.17 0 9.99055 1 1566.3 0.84099 0 0 0 
48000 100 3.72 0 10 7341.72 0 9.99074 1 1450.89 0.77502 0 0 0 
49000 100 4.13 0 10 7543.37 0 9.99093 1 1615.37 0.858331 0 0 0 
50000 100 4.22 0 10 7745.34 0 9.99111 1 1639.65 0.850607 0 0 0 
51000 100 3.61 0 10 7957.22 0 9.99129 1 1499.67 0.774421 0 0 0 
52000 100 2.79 0 10 8158.89 0 9.99146 1 1604.36 0.823241 0 0 0 
53000 100 2.5 0 10 8370.24 0 9.99162 1 1540.24 0.783309 0 0 0 
54000 100 2.94 0 10 8612.25 0 9.99177 1 1434.43 0.716856 0 0 0 
55000 100 3.46 0 10 8855.9 0 9.99192 1 1515.64 0.775423 0 0 0 
56000 100 3.33 0 10 9093.11 0 9.99207 1 1389.99 0.723167 0 0 0 
57000 100 3.64 0 10 9336.84 0 9.99221 1 1258.5 0.651441 0 0 0 
58000 100 3.2 0 10 9586.43 0 9.99234 1 1364.28 0.696476 0 0 0 
59000 100 2.54 0 10 9821.31 0 9.99247 1 1306.2 0.659619 0 0 0 
60000 100 2.63 0 10 10072.4 0 9.9926 1 1453.06 0.735106 0 0 0 
61000 100 2.91 0 10 10295.6 0 9.99272 1 1556.14 0.800599 0 0 0 
62000 100 2.99 0 10 10534.7 0 9.99283 1 1516.23 0.779786 0 0 0 
63000 100 2.53 0 10 10764.5 0 9.99295 1 1319.2 0.676216 0 0 0 
64000 100 3.76 0 10 11018 0 9.99306 1 1647.73 0.834871 0 0 0 
65000 100 4.06 0 10 11264.8 0 9.99316 1 1386.4 0.71135 0 0 0 
66000 100 2.66 0 10 11516.2 0 9.99327 1 1130.65 0.579052 0 0 0 
67000 100 2.84 0 10 11758.3 0 9.99337 1 1336.97 0.676875 0 0 0 
68000 100 2.85 0 10 12000.5 0 9.99347 1 1379.25 0.699678 0 0 0 
69000 100 3.34 0 10 12255.9 0 9.99356 1 1175.26 0.595727 0 0 0 
70000 100 3.5 0 10 12514.8 0 9.99365 1 1348.57 0.672369 0 0 0 
71000 100 2.71 0 10 12806.6 0 9.99374 1 1127.42 0.56902 0 0 0 
72000 100 2.61 0 10 13097.1 0 9.99383 1 1075.69 0.544652 0 0 0 
73000 100 2 0 10 13390.9 0 9.99391 1 1034.47 0.520754 0 0 0 
74000 100 1.7 0 10 13689.5 0 9.994 1 1062.94 0.535616 0 0 0 
75000 100 1.92 0 10 14001.9 0 9.99408 1 1131.52 0.571791 0 0 0 
76000 100 2.18 0 10 14304.6 0 9.99415 1 1199.54 0.605309 0 0 0 
77000 100 2.6 0 10 14583.8 0 9.99423 1 1003.55 0.510302 0 0 0 
78000 100 2.7 0 10 14856.7 0 9.9943 1 1041.9 0.529309 0 0 0 
79000 100 2.35 0 10 15166.9 0 9.99438 1 1177.31 0.602558 0 0 0 
80000 100 2.29 0 10 15456.6 0 9.99445 1 1097.21 0.558913 0 0 0 
81000 100 2.95 0 10 15729.6 0 9.99451 1 1311.87 0.659043 0 0 0 
82000 100 2.34 0 10 16013.7 0 9.99458 1 1143.4 0.557769 0 0 0 
83000 100 2.64 0 10 16310.5 0 9.99465 1 1134.91 0.554298 0 0 0 
84000 100 2.16 0 10 16588.2 0 9.99471 1 1076.15 0.525999 0 0 0 
85000 100 2.28 0 10 16870.2 0 9.99477 1 1149.62 0.564839 0 0 0 
86000 100 2.34 0 10 17145.7 0 9.99483 1 1299.26 0.636191 0 0 0 
87000 100 3 0 10 17398.4 0 9.99489 1 1288.59 0.625821 0 0 0 
88000 100 2.7 0 10 17663 0 9.99495 1 1301.64 0.637083 0 0 0 
89000 100 2.9 0 10 17905.3 0 9.99501 1 1312.58 0.643878 0 0 0 
90000 100 2.77 0 10 18166.1 0 9.99506 1 1313.7 0.646887 0 0 0 
91000 100 3.61 0 10 18422.5 0 9.99512 1 1231.76 0.604309 0 0 0 
92000 100 2.59 0 10 18703.8 0 9.99517 1 1344.3 0.658133 0 0 0 
93000 100 2.77 0 10 18958.7 0 9.99522 1 1390.56 0.678558 0 0 0 
94000 100 2.26 0 10 19220.3 0 9.99527 1 1271.35 0.612474 0 0 0 
95000 100 2.78 0 10 19486.4 0 9.99532 1 1272.7 0.611943 0 0 0 
96000 100 3.04 0 10 19756.2 0 9.99537 1 1150.97 0.553173 0 0 0 
97000 100 2.61 0 10 19993.7 0 9.99542 1 1267.15 0.596494 0 0 0 
98000 100 2.76 0 10 20266 0 9.99547 1 1172.53 0.550959 0 0 0 
99000 100 3.01 0 10 20529.8 0 9.99551 1 1355.84 0.637862 0 0 0 
100000 100 2.95 0 10 20795.3 0 9.99556 1 1101.72 0.515914 0 0 0 
101000 100 2.73 0 10 21051.6 0 9.9956 1 1193.03 0.542849 0 0 0 
102000 100 2.71 0 10 21308.2 0 9.99564 1 1013.11 0.451486 0 0 0 
103000 100 2.42 0 10 21598.9 0 9.99569 1 1148.52 0.512106 0 0 0 
104000 100 2.39 0 10 21877.5 0 9.99573 1 1150.36 0.510131 0 0 0 
105000 100 2.4 0 10 22178.5 0 9.99577 1 1122.16 0.50149 0 0 0 
106000 100 3.28 0 10 22434.7 0 9.99581 1 1100.66 0.497649 0 0 0 
107000 100 2.12 0 10 22704.4 0 9.99585 1 1096.58 0.492662 0 0 0 
108000 100 2.19 0 10 22952.3 0 9.99589 1 1150.08 0.520243 0 0 0 
109000 100 2.55 0 10 23215.2 0 9.99592 1 1227.41 0.55489 0 0 0 
110000 100 1.56 0 10 23460 0 9.99596 1 1208.53 0.554274 0 0 0 
111000 100 2 0 10 23735.9 0 9.996 1 1085.28 0.501853 0 0 0 
112000 100 2.26 0 10 23997.8 0 9.99603 1 1193.16 0.56078 0 0 0 
113000 100 3.17 0 10 24257.8 0 9.99607 1 1289.51 0.604526 0 0 0 
114000 100 2.48 0 10 24537.9 0 9.9961 1 1225.5 0.577694 0 0 0 
115000 100 2.47 0 10 24798.5 0 9.99614 1 1194.94 0.567952 0 0 0 
116000 100 2.66 0 10 25065.3 0 9.99617 1 1156.85 0.536 0 0 0 
117000 100 2.48 0 10 25338.6 0 9.9962 1 1187.7 0.552154 0 0 0 
118000 100 2.4 0 10 25630.8 0 9.99623 1 1058.17 0.489901 0 0 0 
119000 100 2.21 0 10 25915.8 0 9.99627 1 1228.47 0.573736 0 0 0 
120000 100 3.07 0 10 26203.2 0 9.9963 1 1115.61 0.512308 0 0 0 
121000 100 2.33 0 10 26486.3 0 9.99633 1 1179.37 0.539693 0 0 0 
122000 100 2.04 0 10 26752.8 0 9.99636 1 1065.01 0.486801 0 0 0 
123000 100 2.55 0 10 27043.3 0 9.99639 1 1222.75 0.555591 0 0 0 
124000 100 2.5 0 10 27327.4 0 9.99642 1 1060.54 0.481292 0 0 0 
125000 100 2.62 0 10 27605.6 0 9.99645 1 1171.16 0.519652 0 0 0 
126000 100 2.3 0 10 27871.9 0 9.99647 1 1166.04 0.510547 0 0 0 
127000 100 2.44 0 10 28132 0 9.9965 1 1093.53 0.47655 0 0 0 
128000 100 2 0 10 28425.7 0 9.99653 1 1196.15 0.519705 0 0 0 
129000 100 2.39 0 10 28742.1 0 9.99656 1 1121.55 0.487735 0 0 0 
130000 100 2.43 0 10 29040 0 9.99658 1 1043.57 0.457596 0 0 0 
131000 100 2.23 0 10 29324.6 0 9.99661 1 1002.17 0.445168 0 0 0 
132000 100 1.88 0 10 29643.2 0 9.99663 1 957.22 0.42512 0 0 0 
133000 100 2.26 0 10 29960.7 0 9.99666 1 968.8 0.426311 0 0 0 
134000 100 2.43 0 10 30247.8 0 9.99668 1 1086.83 0.471269 0 0 0 
135000 100 2.27 0 10 30554.5 0 9.99671 1 901.97 0.390116 0 0 0 
136000 100 3.28 0 10 30854.8 0 9.99673 1 982.13 0.42591 0 0 0 
137000 100 2.47 0 10 31154.7 0 9.99676 1 977.34 0.426637 0 0 0 
138000 100 2.48 0 10 31447.2 0 9.99678 1 1189.83 0.519211 0 0 0 
139000 100 1.86 0 10 31739.9 0 9.9968 1 1107.27 0.482254 0 0 0 
140000 100 3.49 0 10 32038.5 0 9.99683 1 1105.08 0.486632 0 0 0 
141000 100 2.26 0 10 32330.4 0 9.99685 1 1352.32 0.594594 0 0 0 
142000 100 1.77 0 10 32624.7 0 9.99687 1 999.46 0.435909 0 0 0 
143000 100 2.37 0 10 32903.1 0 9.99689 1 943.08 0.411661 0 0 0 
144000 100 2.85 0 10 33197.3 0 9.99691 1 1284.08 0.557666 0 0 0 
145000 100 1.94 0 10 33503.9 0 9.99694 1 1156.88 0.505724 0 0 0 
146000 100 2.53 0 10 33784.7 0 9.99696 1 1190.32 0.517506 0 0 0 
147000 100 2.33 0 10 34059 0 9.99698 1 1164.72 0.503121 0 0 0 
148000 100 2.28 0 10 34327.3 0 9.997 1 1147.58 0.496353 0 0 0 
149000 100 2.29 0 10 34600.8 0 9.99702 1 1217.2 0.518997 0 0 0 
150000 100 2.17 0 10 34860.9 0 9.99704 1 1297.06 0.553712 0 0 0 
151000 100 3.2 0 10 35159.9 0 9.99706 1 1162.51 0.496655 0 0 0 
152000 100 1.93 0 10 35469.7 0 9.99708 1 1169.89 0.500085 0 0 0 
153000 100 2.09 0 10 35741.7 0 9.9971 1 1100.56 0.46498 0 0 0 
154000 100 2.16 0 10 36037 0 9.99711 1 1026.71 0.432257 0 0 0 
155000 100 1.95 0 10 36325.1 0 9.99713 1 1036.72 0.43091 0 0 0 
156000 100 2.03 0 10 36617.6 0 9.99715 1 1099.77 0.459005 0 0 0 
157000 100 2.22 0 10 36907 0 9.99717 1 1131.93 0.471342 0 0 0 
158000 100 2.62 0 10 37202.2 0 9.99719 1 1035.82 0.431676 0 0 0 
159000 100 2.19 0 10 37518 0 9.99721 1 1086.57 0.451794 0 0 0 
160000 100 2.69 0 10 37821.2 0 9.99722 1 1160.22 0.479734 0 0 0 
161000 100 2.58 0 10 38106.6 0 9.99724 1 1127.02 0.458759 0 0 0 
162000 100 2.61 0 10 38411.1 0 9.99726 1 1116.27 0.46933 0 0 0 
163000 100 2.1 0 10 38696.8 0 9.99727 1 1108.73 0.46332 0 0 0 
164000 100 2.13 0 10 38992.7 0 9.99729 1 1055.33 0.439095 0 0 0 
165000 100 2.46 0 10 39299.8 0 9.99731 1 1225.64 0.511856 0 0 0 
166000 100 2.02 0 10 39596.4 0 9.99732 1 1138.7 0.469866 0 0 0 
167000 100 2.59 0 10 39902.2 0 9.99734 1 1093.56 0.448615 0 0 0 
168000 100 2.5 0 10 40220.5 0 9.99736 1 1089.1 0.442968 0 0 0 
169000 100 2.47 0 10 40502.3 0 9.99737 1 1069.29 0.435415 0 0 0 
170000 100 2.3 0 10 40779.6 0 9.99739 1 1083.88 0.445802 0 0 0 
171000 100 2.28 0 10 41063.1 0 9.9974 1 1065.05 0.440865 0 0 0 
172000 100 1.77 0 10 41368.5 0 9.99742 1 1158.99 0.475068 0 0 0 
173000 100 2.16 0 10 41667.1 0 9.99743 1 1130.01 0.458057 0 0 0 
174000 100 2.12 0 10 41950.8 0 9.99745 1 1227.06 0.497993 0 0 0 
175000 100 2.23 0 10 42257.6 0 9.99746 1 1024.94 0.416677 0 0 0 
176000 100 2.33 0 10 42545.3 0 9.99748 1 1060.17 0.436103 0 0 0 
177000 100 2.48 0 10 42872.8 0 9.99749 1 1064.07 0.439614 0 0 0 
178000 100 2.19 0 10 43169.1 0 9.9975 1 1160.26 0.484085 0 0 0 
179000 100 2.25 0 10 43461.4 0 9.99752 1 1220.45 0.507429 0 0 0 
180000 100 2.12 0 10 43763 0 9.99753 1 1187.17 0.491445 0 0 0 
181000 100 2.2 0 10 44057.8 0 9.99755 1 1114.34 0.462842 0 0 0 
182000 100 2.38 0 10 44367.3 0 9.99756 1 1105.72 0.45565 0 0 0 
183000 100 2.21 0 10 44648.6 0 9.99757 1 1143.12 0.464551 0 0 0 
184000 100 1.69 0 10 44909 0 9.99759 1 1124.12 0.453958 0 0 0 
185000 100 2.74 0 10 45179.4 0 9.9976 1 1154.27 0.458569 0 0 0 
186000 100 2.53 0 10 45441.5 0 9.99761 1 999.99 0.402185 0 0 0 
187000 100 2.89 0 10 45711.8 0 9.99762 1 1102.67 0.436363 0 0 0 
188000 100 2.65 0 10 45988.6 0 9.99764 1 1181.41 0.472176 0 0 0 
189000 100 1.73 0 10 46278.6 0 9.99765 1 1139.34 0.453984 0 0 0 
190000 100 2.2 0 10 46551.1 0 9.99766 1 1097.31 0.4346 0 0 0 
191000 100 2.6 0 10 46840.4 0 9.99767 1 1101.36 0.43238 0 0 0 
192000 100 1.86 0 10 47112.7 0 9.99769 1 969.29 0.382835 0 0 0 
193000 100 2.26 0 10 47403.2 0 9.9977 1 1062.42 0.422436 0 0 0 
194000 100 2.09 0 10 47685.3 0 9.99771 1 1146.14 0.451512 0 0 0 
195000 100 1.86 0 10 47968.4 0 9.99772 1 1030.34 0.40602 0 0 0 
196000 100 1.98 0 10 48280.7 0 9.99773 1 1215.76 0.478402 0 0 0 
197000 100 2.46 0 10 48579.4 0 9.99774 1 943.1 0.366045 0 0 0 
198000 100 3.03 0 10 48871.4 0 9.99776 1 1077.48 0.420863 0 0 0 
199000 100 2.39 0 10 49164.2 0 9.99777 1 1016.86 0.393942 0 0 0 
200000 100 1.74 0 10 49438.7 0 9.99778 1 1058.44 0.408703 0 0 0 
201000 100 2.36 0 10 49721.6 0 9.99779 1 994.15 0.384115 0 0 0 
202000 100 2.19 0 10 50007.1 0 9.9978 1 1060.35 0.414831 0 0 0 
203000 100 2.93 0 10 50291.3 0 9.99781 1 1094.21 0.422588 0 0 0 
204000 100 2.29 0 10 50576.4 0 9.99782 1 1131.9 0.425297 0 0 0 
205000 100 2.16 0 10 50848.3 0 9.99783 1 1172.29 0.437452 0 0 0 
206000 100 2.03 0 10 51130.1 0 9.99784 1 1153.34 0.424435 0 0 0 
207000 100 2.27 0 10 51408.7 0 9.99785 1 1147.46 0.419179 0 0 0 
208000 100 2.28 0 10 51692.2 0 9.99786 1 1144.5 0.419494 0 0 0 
209000 100 2.39 0 10 51986.4 0 9.99787 1 1096.63 0.405104 0 0 0 
210000 100 2.14 0 10 52254.4 0 9.99788 1 1225.56 0.445271 0 0 0 
211000 100 2.14 0 10 52540.3 0 9.99789 1 1077.1 0.394132 0 0 0 
212000 100 1.76 0 10 52834.9 0 9.9979 1 1167.31 0.428118 0 0 0 
213000 100 2.19 0 10 53100.2 0 9.99791 1 1149.27 0.421627 0 0 0 
214000 100 2.45 0 10 53397.5 0 9.99792 1 967.81 0.349803 0 0 0 
215000 100 2.38 0 10 53711.4 0 9.99793 1 1078.71 0.392079 0 0 0 
216000 100 2.59 0 10 54023.1 0 9.99794 1 1139.56 0.41284 0 0 0 
217000 100 1.96 0 10 54322.4 0 9.99795 1 1126.34 0.406946 0 0 0 
218000 100 2.22 0 10 54612.1 0 9.99796 1 1079.12 0.388511 0 0 0 
219000 100 1.57 0 10 54920.7 0 9.99797 1 1110.58 0.400412 0 0 0 
220000 100 2.41 0 10 55228.7 0 9.99798 1 1041.6 0.377495 0 0 0 
221000 100 2.09 0 10 55533.8 0 9.99799 1 978.84 0.35276 0 0 0 
222000 100 2.38 0 10 55842.4 0 9.998 1 982.24 0.353437 0 0 0 
223000 100 1.86 0 10 56137.6 0 9.99801 1 1059.48 0.380915 0 0 0 
224000 100 1.73 0 10 56425.6 0 9.99802 1 941.06 0.334909 0 0 0 
225000 100 2.39 0 10 56726.3 0 9.99803 1 1120.3 0.399636 0 0 0 
226000 100 2.14 0 10 57022.2 0 9.99803 1 1049.95 0.370716 0 0 0 
227000 100 2.02 0 10 57311.3 0 9.99804 1 1187.75 0.408968 0 0 0 
228000 100 1.81 0 10 57586.4 0 9.99805 1 1083.23 0.378297 0 0 0 
229000 100 2.12 0 10 57857 0 9.99806 1 1185.79 0.419277 0 0 0 
230000 100 2.39 0 10 58157.1 0 9.99807 1 1130.78 0.403203 0 0 0 
231000 100 2.28 0 10 58443 0 9.99808 1 1163.54 0.411322 0 0 0 
232000 100 2.38 0 10 58715.8 0 9.99808 1 1255.4 0.438921 0 0 0 
233000 100 2.25 0 10 58989.2 0 9.99809 1 1188.01 0.415072 0 0 0 
234000 100 1.82 0 10 59252.2 0 9.9981 1 1176.75 0.408047 0 0 0 
235000 100 2.81 0 10 59526.1 0 9.99811 1 1059.99 0.36445 0 0 0 
236000 100 2.5 0 10 59808.2 0 9.99812 1 1138.04 0.390775 0 0 0 
237000 100 2.73 0 10 60090.2 0 9.99813 1 1273.65 0.440133 0 0 0 
238000 100 2.14 0 10 60387.6 0 9.99813 1 1143.89 0.394377 0 0 0 
239000 100 2.05 0 10 60673.2 0 9.99814 1 1111.18 0.378367 0 0 0 
240000 100 2.22 0 10 60922.6 0 9.99815 1 1338.4 0.458452 0 0 0 
241000 100 2.39 0 10 61222.5 0 9.99816 1 1228.82 0.417496 0 0 0 
242000 100 2.31 0 10 61512.5 0 9.99816 1 1172.17 0.40016 0 0 0 
243000 100 2.33 0 10 61799.4 0 9.99817 1 1077.45 0.363871 0 0 0 
244000 100 2.17 0 10 62080.6 0 9.99818 1 1130.83 0.383905 0 0 0 
245000 100 2.75 0 10 62342.7 0 9.99819 1 1200.06 0.404511 0 0 0 
246000 100 2.3 0 10 62608.5 0 9.99819 1 1143.03 0.383078 0 0 0 
247000 100 2.59 0 10 62878.5 0 9.9982 1 1208.48 0.406309 0 0 0 
248000 100 2.54 0 10 63166.8 0 9.99821 1 1173.76 0.394702 0 0 0 
249000 100 2.34 0 10 63454 0 9.99822 1 1104.64 0.369095 0 0 0 
250000 100 2.81 0 10 63744.9 0 9.99822 1 1181.38 0.395094 0 0 0 