# Avida Average Deme Data
# Sat Apr 19 11:08:38 2014
#  1: Update
#  2: Count
#  3: Age
#  4: Births
#  5: Organisms
#  6: Generation
#  7: Births (at last replication)
#  8: Organisms (at last replication)
#  9: Merit
# 10: Gestation Time
# 11: Time Used (normalized by org fitness)
# 12: Generations between current and last founders
# 13: Events killed
# 14: Attempts to kill event

0 100 0 0 1 0 0 0 1 0 0 0 0 0 
1000 100 27.74 0 10 20.51 0 9.55784 1 13159.9 11.3298 0 0 0 
2000 100 27.91 0 10 43.77 0 9.77881 1 13983.7 12.0104 0 0 0 
3000 100 23.7 0 10 68.26 0 9.85252 1 12497.5 10.6697 0 0 0 
4000 100 25.71 0 10 92.24 0 9.88938 1 12315.2 10.4039 0 0 0 
5000 100 22.07 0 10 116.76 0 9.9115 1 13081.1 11.0653 0 0 0 
6000 100 21.51 0 10 142.97 0 9.92625 1 11337.1 9.63386 0 0 0 
7000 100 20.85 0 10 167.83 0 9.93678 1 11316.7 9.69196 0 0 0 
8000 100 20.44 0 10 196.67 0 9.94468 1 11649.9 10.0853 0 0 0 
9000 100 16.4 0 10 230.28 0 9.95083 1 9531.52 8.27244 0 0 0 
10000 100 19.14 0 10 264.76 0 9.95574 1 8800.74 7.68797 0 0 0 
11000 100 18.35 0 10 298.67 0 9.95977 1 10263.2 8.91963 0 0 0 
12000 100 13.93 0 10 333.8 0 9.96312 1 8001.88 6.97937 0 0 0 
13000 100 9.25 0 10 419.85 0 9.96596 1 3214.88 2.78328 0 0 0 
14000 100 6.42 0 10 548.12 0 9.96839 1 2435.45 2.07272 0 0 0 
15000 100 4.97 0 10 708.95 0 9.9705 1 2149.65 1.82132 0 0 0 
16000 100 4.94 0 10 872.53 0 9.97234 1 1973.56 1.60226 0 0 0 
17000 100 5.82 0 10 1047.74 0 9.97397 1 2371.02 1.91085 0 0 0 
18000 100 7.44 0 10 1230.14 0 9.97541 1 1838.67 1.48868 0 0 0 
19000 100 5.52 0 10 1421.42 0 9.97671 1 1897.56 1.51121 0 0 0 
20000 100 5.01 0 10 1588.73 0 9.97787 1 1583.57 1.27034 0 0 0 
21000 100 5.68 0 10 1769.94 0 9.97892 1 1826.14 1.48719 0 0 0 
22000 100 3.89 0 10 1972.71 0 9.97988 1 1599.62 1.34386 0 0 0 
23000 100 3.97 0 10 2170.27 0 9.98076 1 1286.57 1.1244 0 0 0 
24000 100 3.29 0 10 2379.62 0 9.98156 1 1518.12 1.31746 0 0 0 
25000 100 3.8 0 10 2603.72 0 9.9823 1 1360.37 1.15046 0 0 0 
26000 100 3.46 0 10 2818.67 0 9.98298 1 1431.34 1.20845 0 0 0 
27000 100 3.87 0 10 3052.19 0 9.98361 1 1546.07 1.29772 0 0 0 
28000 100 3.31 0 10 3284.18 0 9.98419 1 1495.14 1.23987 0 0 0 
29000 100 3.53 0 10 3488.41 0 9.98474 1 1404.27 1.15144 0 0 0 
30000 100 3.34 0 10 3736.68 0 9.98525 1 1285.46 1.06983 0 0 0 
31000 100 3.7 0 10 3973.09 0 9.98572 1 1101.06 0.903309 0 0 0 
32000 100 4.69 0 10 4207.72 0 9.98617 1 1192.86 0.9823 0 0 0 
33000 100 3.31 0 10 4435.74 0 9.98659 1 1254.4 1.04657 0 0 0 
34000 100 3.97 0 10 4662.8 0 9.98698 1 1740.97 1.48852 0 0 0 
35000 100 3.57 0 10 4899.79 0 9.98735 1 1425.88 1.18087 0 0 0 
36000 100 2.68 0 10 5148.59 0 9.98771 1 1410.37 1.14537 0 0 0 
37000 100 3.4 0 10 5396.84 0 9.98804 1 1213.29 0.978069 0 0 0 
38000 100 3.77 0 10 5617.18 0 9.98835 1 1359.13 1.04949 0 0 0 
39000 100 3.58 0 10 5841.78 0 9.98865 1 1218.3 0.944083 0 0 0 
40000 100 3.52 0 10 6089.48 0 9.98894 1 1170.73 0.914785 0 0 0 
41000 100 3.3 0 10 6333.54 0 9.98921 1 1261.16 0.968324 0 0 0 
42000 100 3.09 0 10 6592.95 0 9.98946 1 1252.8 0.942396 0 0 0 
43000 100 3.65 0 10 6834 0 9.98971 1 1162.09 0.855263 0 0 0 
44000 100 3 0 10 7092.48 0 9.98994 1 1185.89 0.876176 0 0 0 
45000 100 3.02 0 10 7337.73 0 9.99016 1 1423.53 1.04779 0 0 0 
46000 100 2.44 0 10 7579.88 0 9.99038 1 1304.72 0.981759 0 0 0 
47000 100 2.9 0 10 7803.73 0 9.99058 1 1202.9 0.918031 0 0 0 
48000 100 3.05 0 10 8083.28 0 9.99078 1 1135.76 0.882205 0 0 0 
49000 100 2.52 0 10 8386.77 0 9.99097 1 1130.74 0.858861 0 0 0 
50000 100 2.12 0 10 8687.53 0 9.99115 1 1245.03 0.921006 0 0 0 
51000 100 2.27 0 10 9001.74 0 9.99132 1 990.64 0.726457 0 0 0 
52000 100 3.5 0 10 9296.62 0 9.99149 1 1046.5 0.753217 0 0 0 
53000 100 2.72 0 10 9561.55 0 9.99165 1 1019.69 0.734867 0 0 0 
54000 100 2.53 0 10 9830.77 0 9.9918 1 1147.09 0.819462 0 0 0 
55000 100 2.55 0 10 10081 0 9.99195 1 1294 0.860392 0 0 0 
56000 100 2.35 0 10 10346.9 0 9.9921 1 1219.86 0.819811 0 0 0 
57000 100 3.04 0 10 10619.1 0 9.99224 1 1016.14 0.663905 0 0 0 
58000 100 3.26 0 10 10900.6 0 9.99237 1 1318.18 0.857243 0 0 0 
59000 100 2.02 0 10 11187.5 0 9.9925 1 1130.77 0.732278 0 0 0 
60000 100 2.06 0 10 11479.3 0 9.99262 1 1017.72 0.660655 0 0 0 
61000 100 3.28 0 10 11765 0 9.99274 1 1173.47 0.737344 0 0 0 
62000 100 2.69 0 10 12072.2 0 9.99286 1 1023.26 0.621066 0 0 0 
63000 100 2.7 0 10 12371 0 9.99297 1 942.37 0.569472 0 0 0 
64000 100 2.4 0 10 12684 0 9.99308 1 1056.99 0.661137 0 0 0 
65000 100 1.47 0 10 12981.9 0 9.99319 1 894.38 0.539904 0 0 0 
66000 100 2.18 0 10 13297.5 0 9.99329 1 1097.84 0.645906 0 0 0 
67000 100 2.15 0 10 13579.4 0 9.99339 1 968.79 0.550362 0 0 0 
68000 100 2.17 0 10 13883.3 0 9.99349 1 1109.23 0.619418 0 0 0 
69000 100 2.39 0 10 14176.1 0 9.99359 1 1100.83 0.613221 0 0 0 
70000 100 2.26 0 10 14507.4 0 9.99368 1 916.56 0.518125 0 0 0 
71000 100 2.17 0 10 14812.6 0 9.99377 1 959.23 0.542118 0 0 0 
72000 100 2.41 0 10 15117.3 0 9.99385 1 1238.15 0.691955 0 0 0 
73000 100 2.32 0 10 15424.8 0 9.99394 1 1111.92 0.626079 0 0 0 
74000 100 1.62 0 10 15750.7 0 9.99402 1 984.28 0.547951 0 0 0 
75000 100 1.89 0 10 16068 0 9.9941 1 1139.08 0.654274 0 0 0 
76000 100 2.08 0 10 16378.9 0 9.99418 1 1121.51 0.652348 0 0 0 
77000 100 2.28 0 10 16678.3 0 9.99425 1 1111.48 0.635575 0 0 0 
78000 100 2.09 0 10 16991.7 0 9.99433 1 942.31 0.520704 0 0 0 
79000 100 1.87 0 10 17298.4 0 9.9944 1 1073.49 0.569197 0 0 0 
80000 100 2.22 0 10 17605.3 0 9.99447 1 1053.04 0.551445 0 0 0 
81000 100 2.36 0 10 17908.4 0 9.99454 1 1015.24 0.525301 0 0 0 
82000 100 2.48 0 10 18222.1 0 9.9946 1 1131.75 0.590227 0 0 0 
83000 100 1.63 0 10 18538.5 0 9.99467 1 878.01 0.46361 0 0 0 
84000 100 2.27 0 10 18869.5 0 9.99473 1 1040.36 0.558574 0 0 0 
85000 100 2.07 0 10 19212.7 0 9.99479 1 818.06 0.435908 0 0 0 
86000 100 1.4 0 10 19549.8 0 9.99485 1 913.33 0.468211 0 0 0 
87000 100 2.12 0 10 19909.3 0 9.99491 1 863.39 0.436252 0 0 0 
88000 100 1.75 0 10 20243.3 0 9.99497 1 993.12 0.509105 0 0 0 
89000 100 1.88 0 10 20578.9 0 9.99503 1 811.91 0.407726 0 0 0 
90000 100 1.96 0 10 20918.8 0 9.99508 1 924.4 0.452481 0 0 0 
91000 100 1.75 0 10 21227.6 0 9.99514 1 988.85 0.472378 0 0 0 
92000 100 1.95 0 10 21556.8 0 9.99519 1 916.86 0.436094 0 0 0 
93000 100 1.61 0 10 21888.7 0 9.99524 1 922.85 0.423754 0 0 0 
94000 100 1.47 0 10 22228.8 0 9.99529 1 910.59 0.408166 0 0 0 
95000 100 1.74 0 10 22571.6 0 9.99534 1 845.56 0.37779 0 0 0 
96000 100 1.79 0 10 22901.1 0 9.99539 1 961.27 0.433519 0 0 0 
97000 100 2.56 0 10 23232.2 0 9.99544 1 893.68 0.40091 0 0 0 
98000 100 2.17 0 10 23560.1 0 9.99548 1 934.4 0.415977 0 0 0 
99000 100 1.79 0 10 23870.9 0 9.99553 1 933.47 0.401705 0 0 0 
100000 100 1.36 0 10 24196.6 0 9.99557 1 1008.24 0.438409 0 0 0 
101000 100 2.16 0 10 24507.8 0 9.99562 1 946.41 0.40538 0 0 0 
102000 100 1.9 0 10 24807.5 0 9.99566 1 981.64 0.415033 0 0 0 
103000 100 1.82 0 10 25113.1 0 9.9957 1 871.66 0.359795 0 0 0 
104000 100 1.45 0 10 25438.1 0 9.99574 1 820.54 0.342212 0 0 0 
105000 100 1.97 0 10 25749.5 0 9.99578 1 1002.51 0.411714 0 0 0 
106000 100 1.73 0 10 26093.6 0 9.99582 1 1068.64 0.433212 0 0 0 
107000 100 2.01 0 10 26428.2 0 9.99586 1 916.64 0.370155 0 0 0 
108000 100 1.76 0 10 26789.1 0 9.9959 1 900.12 0.36309 0 0 0 
109000 100 1.86 0 10 27124 0 9.99594 1 792.68 0.324115 0 0 0 
110000 100 1.79 0 10 27456.3 0 9.99598 1 981.86 0.400742 0 0 0 
111000 100 1.88 0 10 27804.5 0 9.99601 1 882.33 0.354797 0 0 0 
112000 100 1.71 0 10 28145.2 0 9.99605 1 1010.65 0.414304 0 0 0 
113000 100 1.82 0 10 28488 0 9.99608 1 992.62 0.404513 0 0 0 
114000 100 1.65 0 10 28815.2 0 9.99612 1 807.67 0.325425 0 0 0 
115000 100 1.72 0 10 29175.5 0 9.99615 1 1084.41 0.440677 0 0 0 
116000 100 1.77 0 10 29532.5 0 9.99618 1 889.92 0.362249 0 0 0 
117000 100 1.63 0 10 29876.1 0 9.99622 1 883.73 0.351381 0 0 0 
118000 100 1.59 0 10 30215.3 0 9.99625 1 1016.25 0.409305 0 0 0 
119000 100 1.54 0 10 30552.3 0 9.99628 1 918.99 0.379212 0 0 0 
120000 100 1.74 0 10 30920.4 0 9.99631 1 927.78 0.392684 0 0 0 
121000 100 1.59 0 10 31237.5 0 9.99634 1 788.25 0.330598 0 0 0 
122000 100 1.58 0 10 31574.1 0 9.99637 1 841.28 0.352731 0 0 0 
123000 100 1.58 0 10 31923.8 0 9.9964 1 997.89 0.414113 0 0 0 
124000 100 2.04 0 10 32267.5 0 9.99643 1 897.02 0.37017 0 0 0 
125000 100 1.84 0 10 32651.9 0 9.99646 1 871.56 0.355325 0 0 0 
126000 100 2.01 0 10 32989.8 0 9.99649 1 896.11 0.370684 0 0 0 
127000 100 1.72 0 10 33325.7 0 9.99651 1 932.43 0.373414 0 0 0 
128000 100 1.84 0 10 33678.6 0 9.99654 1 905.26 0.363558 0 0 0 
129000 100 1.46 0 10 34040.8 0 9.99657 1 769.94 0.307513 0 0 0 
130000 100 2.15 0 10 34407.2 0 9.9966 1 877.45 0.35545 0 0 0 
131000 100 2.04 0 10 34742.7 0 9.99662 1 892.14 0.360333 0 0 0 
132000 100 1.84 0 10 35077.5 0 9.99665 1 946.39 0.3867 0 0 0 
133000 100 2.18 0 10 35389.6 0 9.99667 1 975.19 0.39552 0 0 0 
134000 100 1.85 0 10 35732.8 0 9.9967 1 813.05 0.32967 0 0 0 
135000 100 1.2 0 10 36076.5 0 9.99672 1 799.78 0.323656 0 0 0 
136000 100 1.42 0 10 36437.7 0 9.99675 1 811.51 0.322581 0 0 0 
137000 100 2.01 0 10 36802.2 0 9.99677 1 806.13 0.315527 0 0 0 
138000 100 1.6 0 10 37173.3 0 9.99679 1 1010.77 0.399028 0 0 0 
139000 100 1.85 0 10 37521.6 0 9.99682 1 867.59 0.344622 0 0 0 
140000 100 1.7 0 10 37913 0 9.99684 1 875.86 0.349793 0 0 0 
141000 100 1.58 0 10 38277.1 0 9.99686 1 831.72 0.330004 0 0 0 
142000 100 1.61 0 10 38630.4 0 9.99688 1 865.27 0.34481 0 0 0 
143000 100 1.37 0 10 38998.5 0 9.9969 1 709.27 0.29019 0 0 0 
144000 100 1.25 0 10 39367.4 0 9.99693 1 948.66 0.386587 0 0 0 
145000 100 2.01 0 10 39724.3 0 9.99695 1 887.12 0.356387 0 0 0 
146000 100 2.13 0 10 40076.3 0 9.99697 1 934.25 0.382167 0 0 0 
147000 100 1.8 0 10 40468.2 0 9.99699 1 940.31 0.377893 0 0 0 
148000 100 1.71 0 10 40829 0 9.99701 1 814.41 0.322638 0 0 0 
149000 100 1.57 0 10 41223.4 0 9.99703 1 941.18 0.369396 0 0 0 
150000 100 1.29 0 10 41596.2 0 9.99705 1 809.35 0.320407 0 0 0 
151000 100 2.06 0 10 41970.5 0 9.99707 1 920.78 0.366319 0 0 0 
152000 100 1.7 0 10 42348.8 0 9.99709 1 864.26 0.342565 0 0 0 
153000 100 1.94 0 10 42693.7 0 9.99711 1 895.75 0.356362 0 0 0 
154000 100 1.2 0 10 43070.9 0 9.99713 1 890.59 0.349915 0 0 0 
155000 100 1.65 0 10 43424.8 0 9.99714 1 789.15 0.306792 0 0 0 
156000 100 1.23 0 10 43782.8 0 9.99716 1 946.32 0.361042 0 0 0 
157000 100 1.76 0 10 44161.7 0 9.99718 1 790.2 0.300753 0 0 0 
158000 100 1.78 0 10 44531.6 0 9.9972 1 873.36 0.331693 0 0 0 
159000 100 1.27 0 10 44905.8 0 9.99722 1 866.17 0.324353 0 0 0 
160000 100 1.71 0 10 45249.9 0 9.99723 1 1000.04 0.368762 0 0 0 
161000 100 1.45 0 10 45588 0 9.99725 1 881.3 0.323518 0 0 0 
162000 100 1.65 0 10 45934.1 0 9.99727 1 883.72 0.320302 0 0 0 
163000 100 2.06 0 10 46290.5 0 9.99728 1 831.15 0.296931 0 0 0 
164000 100 1.64 0 10 46635.2 0 9.9973 1 915.77 0.331236 0 0 0 
165000 100 1.19 0 10 46988.5 0 9.99732 1 888.36 0.32301 0 0 0 
166000 100 1.66 0 10 47359.6 0 9.99733 1 916.78 0.336187 0 0 0 
167000 100 2.1 0 10 47700.4 0 9.99735 1 923.47 0.337736 0 0 0 
168000 100 1.61 0 10 48057.7 0 9.99737 1 867.77 0.308794 0 0 0 
169000 100 1.54 0 10 48363.3 0 9.99738 1 1031.81 0.361204 0 0 0 
170000 100 1.64 0 10 48711.5 0 9.9974 1 890.93 0.311532 0 0 0 
171000 100 1.52 0 10 49030.2 0 9.99741 1 858.76 0.30827 0 0 0 
172000 100 1.43 0 10 49368.2 0 9.99743 1 990.42 0.361846 0 0 0 
173000 100 1.71 0 10 49734.1 0 9.99744 1 922.14 0.33248 0 0 0 
174000 100 1.9 0 10 50109.8 0 9.99746 1 958.33 0.334638 0 0 0 
175000 100 1.58 0 10 50468 0 9.99747 1 989.41 0.341331 0 0 0 
176000 100 1.38 0 10 50822.3 0 9.99749 1 892.12 0.305091 0 0 0 
177000 100 1.59 0 10 51172.1 0 9.9975 1 1006.08 0.347758 0 0 0 
178000 100 1.49 0 10 51531.5 0 9.99751 1 1049.79 0.360465 0 0 0 
179000 100 1.43 0 10 51883 0 9.99753 1 1032.95 0.352166 0 0 0 
180000 100 1.7 0 10 52204.9 0 9.99754 1 920.48 0.317688 0 0 0 
181000 100 1.35 0 10 52544.5 0 9.99755 1 823.52 0.288641 0 0 0 
182000 100 1.79 0 10 52920.3 0 9.99757 1 1019.53 0.369557 0 0 0 
183000 100 1.99 0 10 53289.7 0 9.99758 1 968.89 0.347998 0 0 0 
184000 100 2.19 0 10 53694.3 0 9.99759 1 790.21 0.287461 0 0 0 
185000 100 2.31 0 10 54085.5 0 9.99761 1 776.87 0.287149 0 0 0 
186000 100 2.06 0 10 54500.7 0 9.99762 1 843.07 0.306505 0 0 0 
187000 100 1.68 0 10 54899.2 0 9.99763 1 826.04 0.295834 0 0 0 
188000 100 1.69 0 10 55295.8 0 9.99765 1 963.99 0.344968 0 0 0 
189000 100 1.56 0 10 55668 0 9.99766 1 744.51 0.262163 0 0 0 
190000 100 1.54 0 10 56064.3 0 9.99767 1 768.46 0.271474 0 0 0 
191000 100 2.35 0 10 56435.5 0 9.99768 1 845.74 0.30092 0 0 0 
192000 100 1.77 0 10 56849.3 0 9.99769 1 792.54 0.277342 0 0 0 
193000 100 1.81 0 10 57252.9 0 9.99771 1 756.12 0.263167 0 0 0 
194000 100 2.01 0 10 57686 0 9.99772 1 793.93 0.278503 0 0 0 
195000 100 1.67 0 10 58088.7 0 9.99773 1 757.16 0.267447 0 0 0 
196000 100 1.18 0 10 58503.2 0 9.99774 1 696.65 0.240617 0 0 0 
197000 100 1.67 0 10 58899.9 0 9.99775 1 802.03 0.277877 0 0 0 
198000 100 1.83 0 10 59294.4 0 9.99776 1 814.56 0.284188 0 0 0 
199000 100 2.22 0 10 59667.9 0 9.99778 1 803.53 0.277805 0 0 0 
200000 100 1.78 0 10 60040.9 0 9.99779 1 754.54 0.259149 0 0 0 
201000 100 1.58 0 10 60445.5 0 9.9978 1 811.02 0.276187 0 0 0 
202000 100 1.31 0 10 60847.1 0 9.99781 1 680.42 0.225342 0 0 0 
203000 100 1.44 0 10 61247.1 0 9.99782 1 852.33 0.279169 0 0 0 
204000 100 1.74 0 10 61637.5 0 9.99783 1 764.38 0.249206 0 0 0 
205000 100 1.49 0 10 62035 0 9.99784 1 798.53 0.262255 0 0 0 
206000 100 1.2 0 10 62435.9 0 9.99785 1 953.54 0.305401 0 0 0 
207000 100 2.1 0 10 62788.3 0 9.99786 1 885.2 0.285941 0 0 0 
208000 100 1.57 0 10 63123.8 0 9.99787 1 927.84 0.298786 0 0 0 
209000 100 1.72 0 10 63493.1 0 9.99788 1 950.27 0.301243 0 0 0 
210000 100 1.6 0 10 63869.2 0 9.99789 1 875.91 0.276446 0 0 0 
211000 100 1.16 0 10 64235.3 0 9.9979 1 822.3 0.260079 0 0 0 
212000 100 1.54 0 10 64598.3 0 9.99791 1 915.81 0.284584 0 0 0 
213000 100 1.64 0 10 64977.8 0 9.99792 1 905.04 0.282888 0 0 0 
214000 100 1.45 0 10 65340.8 0 9.99793 1 840.3 0.260855 0 0 0 
215000 100 1.46 0 10 65727.4 0 9.99794 1 1119.06 0.340864 0 0 0 
216000 100 1.53 0 10 66105.2 0 9.99795 1 892.62 0.268528 0 0 0 
217000 100 1.95 0 10 66500.5 0 9.99796 1 826.36 0.246193 0 0 0 
218000 100 1.69 0 10 66870.8 0 9.99797 1 852.09 0.251409 0 0 0 
219000 100 1.93 0 10 67232.1 0 9.99798 1 698.3 0.206815 0 0 0 
220000 100 1.88 0 10 67633 0 9.99799 1 794.35 0.237588 0 0 0 
221000 100 1.28 0 10 68003.3 0 9.998 1 847.19 0.24971 0 0 0 
222000 100 1.57 0 10 68377.4 0 9.99801 1 861.64 0.254031 0 0 0 
223000 100 1.88 0 10 68770.3 0 9.99802 1 890.21 0.261827 0 0 0 
224000 100 1.92 0 10 69162.7 0 9.99802 1 684.95 0.200003 0 0 0 
225000 100 1.7 0 10 69555.8 0 9.99803 1 877.46 0.256093 0 0 0 
226000 100 1.57 0 10 69934.5 0 9.99804 1 959.19 0.278341 0 0 0 
227000 100 1.35 0 10 70297.4 0 9.99805 1 814.37 0.234276 0 0 0 
228000 100 1.53 0 10 70669.4 0 9.99806 1 886.34 0.254764 0 0 0 
229000 100 1.36 0 10 71048.4 0 9.99807 1 821.38 0.234672 0 0 0 
230000 100 1.66 0 10 71413.7 0 9.99808 1 758.58 0.21519 0 0 0 
231000 100 1.99 0 10 71777.3 0 9.99808 1 770.86 0.216689 0 0 0 
232000 100 1.49 0 10 72148.3 0 9.99809 1 947.7 0.265335 0 0 0 
233000 100 1.7 0 10 72518.9 0 9.9981 1 884.69 0.243755 0 0 0 
234000 100 1.72 0 10 72887.8 0 9.99811 1 772.34 0.210191 0 0 0 
235000 100 1.38 0 10 73246.2 0 9.99812 1 838.64 0.227866 0 0 0 
236000 100 1.5 0 10 73648.7 0 9.99812 1 792.76 0.216139 0 0 0 
237000 100 1.48 0 10 74048.9 0 9.99813 1 830.49 0.223136 0 0 0 
238000 100 2.07 0 10 74430.4 0 9.99814 1 813.65 0.215938 0 0 0 
239000 100 1.64 0 10 74820.6 0 9.99815 1 790.78 0.209421 0 0 0 
240000 100 1.37 0 10 75211.9 0 9.99816 1 701.4 0.184725 0 0 0 
241000 100 1.45 0 10 75629.3 0 9.99816 1 774.32 0.203868 0 0 0 
242000 100 1.78 0 10 76032.9 0 9.99817 1 889.68 0.232008 0 0 0 
243000 100 1.71 0 10 76432.6 0 9.99818 1 795.7 0.208127 0 0 0 
244000 100 1.34 0 10 76834.6 0 9.99819 1 846.5 0.221392 0 0 0 
245000 100 1.38 0 10 77221.6 0 9.99819 1 823.7 0.216394 0 0 0 
246000 100 1.44 0 10 77621.6 0 9.9982 1 774.41 0.204081 0 0 0 
247000 100 1.5 0 10 78015.1 0 9.99821 1 806.43 0.213098 0 0 0 
248000 100 1.67 0 10 78408.8 0 9.99822 1 875.68 0.229391 0 0 0 
249000 100 1.6 0 10 78809.7 0 9.99822 1 866.32 0.22558 0 0 0 
250000 100 1.83 0 10 79194.5 0 9.99823 1 799.29 0.206772 0 0 0 