# Avida Average Deme Data
# Sun Apr 20 09:52:45 2014
#  1: Update
#  2: Count
#  3: Age
#  4: Births
#  5: Organisms
#  6: Generation
#  7: Births (at last replication)
#  8: Organisms (at last replication)
#  9: Merit
# 10: Gestation Time
# 11: Time Used (normalized by org fitness)
# 12: Generations between current and last founders
# 13: Events killed
# 14: Attempts to kill event

0 100 0 0 1 0 0 0 1 0 0 0 0 0 
1000 100 23.53 0 10 21.63 0 9.53956 1 12709.7 10.9747 0 0 0 
2000 100 22.34 0 10 47.31 0 9.76967 1 11780.4 10.209 0 0 0 
3000 100 23.83 0 10 73.97 0 9.84642 1 10991.8 9.47706 0 0 0 
4000 100 20.48 0 10 101.76 0 9.8848 1 12330 10.6935 0 0 0 
5000 100 18.38 0 10 128.34 0 9.90784 1 12525 10.7612 0 0 0 
6000 100 17.64 0 10 154.71 0 9.9232 1 10956.6 9.38519 0 0 0 
7000 100 18.7 0 10 184.42 0 9.93417 1 10684.1 9.30815 0 0 0 
8000 100 18.74 0 10 214.93 0 9.94239 1 9057.21 7.84998 0 0 0 
9000 100 16.61 0 10 248.39 0 9.94879 1 9600.87 8.24256 0 0 0 
10000 100 18 0 10 279.57 0 9.95391 1 9710.3 8.31599 0 0 0 
11000 100 21.77 0 10 310.83 0 9.9581 1 9189.95 7.93308 0 0 0 
12000 100 16.8 0 10 344.94 0 9.96159 1 9146.65 7.84366 0 0 0 
13000 100 18.55 0 10 377.47 0 9.96455 1 10641.8 9.23318 0 0 0 
14000 100 17.55 0 10 413.9 0 9.96708 1 8829.73 7.59525 0 0 0 
15000 100 20.48 0 10 446.5 0 9.96928 1 8919.08 7.65184 0 0 0 
16000 100 17.02 0 10 482.12 0 9.9712 1 8911.76 7.55159 0 0 0 
17000 100 16.64 0 10 518.93 0 9.97289 1 8866.44 7.33914 0 0 0 
18000 100 16.31 0 10 551.37 0 9.9744 1 9422.5 7.90219 0 0 0 
19000 100 20 0 10 584.43 0 9.97574 1 10001.1 8.20858 0 0 0 
20000 100 14.92 0 10 618.72 0 9.97696 1 9411.21 7.70158 0 0 0 
21000 100 16.35 0 10 652.09 0 9.97805 1 9625.96 7.85888 0 0 0 
22000 100 19.02 0 10 682.37 0 9.97905 1 9239.55 7.53105 0 0 0 
23000 100 17.99 0 10 717.68 0 9.97996 1 8683.17 7.10122 0 0 0 
24000 100 19.23 0 10 748.92 0 9.9808 1 9733.16 7.89447 0 0 0 
25000 100 16.71 0 10 781.55 0 9.98156 1 8892.79 7.2148 0 0 0 
26000 100 17.91 0 10 821.96 0 9.98227 1 9559.84 7.7589 0 0 0 
27000 100 17.08 0 10 858.94 0 9.98293 1 9412.18 7.51411 0 0 0 
28000 100 16.26 0 10 898.5 0 9.98354 1 9117.81 7.21681 0 0 0 
29000 100 16.14 0 10 931.94 0 9.98411 1 9164.75 7.19953 0 0 0 
30000 100 15.93 0 10 964.58 0 9.98464 1 9172.08 7.16343 0 0 0 
31000 100 18.77 0 10 998.01 0 9.98513 1 9317.07 7.31826 0 0 0 
32000 100 17.53 0 10 1029.52 0 9.9856 1 9526.99 7.47035 0 0 0 
33000 100 18.3 0 10 1061.16 0 9.98603 1 9041.22 7.04208 0 0 0 
34000 100 19.35 0 10 1095.94 0 9.98644 1 8666.71 6.71364 0 0 0 
35000 100 14.77 0 10 1128.5 0 9.98683 1 9500.55 7.37632 0 0 0 
36000 100 14.71 0 10 1162.55 0 9.9872 1 9189.37 7.08672 0 0 0 
37000 100 18.61 0 10 1196.33 0 9.98754 1 8465.22 6.47515 0 0 0 
38000 100 15.25 0 10 1229.92 0 9.98787 1 8795.93 6.68402 0 0 0 
39000 100 17.59 0 10 1263.74 0 9.98818 1 9370.92 7.14928 0 0 0 
40000 100 15.37 0 10 1300.95 0 9.98848 1 9006.18 6.7746 0 0 0 
41000 100 16.79 0 10 1336.29 0 9.98876 1 9179.11 6.89498 0 0 0 
42000 100 14.58 0 10 1369.86 0 9.98903 1 9177.65 6.82732 0 0 0 
43000 100 17.04 0 10 1406.99 0 9.98928 1 9370.15 6.86192 0 0 0 
44000 100 15.93 0 10 1444.76 0 9.98953 1 10517.8 7.49684 0 0 0 
45000 100 16.21 0 10 1482.5 0 9.98976 1 9025.61 6.3666 0 0 0 
46000 100 17.77 0 10 1520.71 0 9.98998 1 8108.45 5.79827 0 0 0 
47000 100 17.62 0 10 1554.75 0 9.99019 1 8647.06 6.22665 0 0 0 
48000 100 17.26 0 10 1588.86 0 9.9904 1 8801.68 6.33001 0 0 0 
49000 100 20.19 0 10 1623.12 0 9.99059 1 9463.77 6.72712 0 0 0 
50000 100 16.56 0 10 1655.05 0 9.99078 1 8879.72 6.23499 0 0 0 
51000 100 18.55 0 10 1687.48 0 9.99096 1 9445.85 6.66916 0 0 0 
52000 100 17.16 0 10 1719.83 0 9.99114 1 8610.99 6.01781 0 0 0 
53000 100 12.48 0 10 1755.36 0 9.9913 1 9201.39 6.35919 0 0 0 
54000 100 17.74 0 10 1791.5 0 9.99146 1 8678.29 6.02684 0 0 0 
55000 100 16.31 0 10 1824.65 0 9.99162 1 9069.76 6.22586 0 0 0 
56000 100 20.19 0 10 1857.24 0 9.99177 1 9728.27 6.52984 0 0 0 
57000 100 19.38 0 10 1893 0 9.99191 1 9038.04 6.03053 0 0 0 
58000 100 15.86 0 10 1927.18 0 9.99205 1 9065.62 6.0338 0 0 0 
59000 100 18.81 0 10 1959.15 0 9.99219 1 9075.63 6.0577 0 0 0 
60000 100 16.32 0 10 1992.83 0 9.99232 1 9372.63 6.21053 0 0 0 
61000 100 14.81 0 10 2025.39 0 9.99244 1 9762.92 6.46426 0 0 0 
62000 100 18.28 0 10 2059.48 0 9.99257 1 9416.17 6.29473 0 0 0 
63000 100 17.64 0 10 2090.45 0 9.99268 1 9133.63 6.10458 0 0 0 
64000 100 16.64 0 10 2123.67 0 9.9928 1 10086.4 6.70727 0 0 0 
65000 100 19.38 0 10 2153.71 0 9.99291 1 9631.44 6.3742 0 0 0 
66000 100 15.58 0 10 2190.41 0 9.99302 1 9203.77 6.04441 0 0 0 
67000 100 17.85 0 10 2223.43 0 9.99312 1 9227.99 6.00575 0 0 0 
68000 100 16.59 0 10 2260.47 0 9.99322 1 8817.4 5.71877 0 0 0 
69000 100 17.85 0 10 2297.1 0 9.99332 1 8598.99 5.58066 0 0 0 
70000 100 12.94 0 10 2351.39 0 9.99342 1 5474.36 3.5481 0 0 0 
71000 100 8.6 0 10 2420.08 0 9.99351 1 4717.97 3.03678 0 0 0 
72000 100 8.1 0 10 2506.86 0 9.9936 1 3563.79 2.29568 0 0 0 
73000 100 8.52 0 10 2599.94 0 9.99369 1 3264.19 2.10525 0 0 0 
74000 100 8.58 0 10 2708.38 0 9.99377 1 3288.91 2.17895 0 0 0 
75000 100 8.43 0 10 2821.51 0 9.99385 1 2520.39 1.65643 0 0 0 
76000 100 4.69 0 10 2960.35 0 9.99394 1 1898.04 1.23564 0 0 0 
77000 100 2.45 0 10 3180.66 0 9.99401 1 1185.05 0.773715 0 0 0 
78000 100 1.77 0 10 3479.42 0 9.99409 1 1181.2 0.760562 0 0 0 
79000 100 2.44 0 10 3778.51 0 9.99417 1 1198.47 0.757579 0 0 0 
80000 100 2.43 0 10 4091.85 0 9.99424 1 1007.42 0.640047 0 0 0 
81000 100 1.7 0 10 4400.25 0 9.99431 1 1123.71 0.725667 0 0 0 
82000 100 2.73 0 10 4710.59 0 9.99438 1 1068.11 0.698676 0 0 0 
83000 100 1.95 0 10 5018.55 0 9.99445 1 908.65 0.580917 0 0 0 
84000 100 1.74 0 10 5320.84 0 9.99451 1 964.22 0.619519 0 0 0 
85000 100 2.13 0 10 5618.59 0 9.99458 1 958.26 0.61378 0 0 0 
86000 100 1.6 0 10 5938.87 0 9.99464 1 1070.37 0.670976 0 0 0 
87000 100 1.48 0 10 6260.46 0 9.9947 1 1003.51 0.629119 0 0 0 
88000 100 1.63 0 10 6585.87 0 9.99476 1 983.53 0.597213 0 0 0 
89000 100 1.94 0 10 6909.59 0 9.99482 1 894.38 0.52031 0 0 0 
90000 100 1.59 0 10 7222.31 0 9.99488 1 947.65 0.545333 0 0 0 
91000 100 1.64 0 10 7534.07 0 9.99494 1 910.76 0.520478 0 0 0 
92000 100 1.21 0 10 7855.82 0 9.99499 1 951.7 0.524316 0 0 0 
93000 100 1.13 0 10 8173.01 0 9.99504 1 895.71 0.495037 0 0 0 
94000 100 1.1 0 10 8488.73 0 9.9951 1 858.17 0.462615 0 0 0 
95000 100 1.55 0 10 8805.77 0 9.99515 1 900.44 0.481019 0 0 0 
96000 100 1.45 0 10 9115.27 0 9.9952 1 867.01 0.460496 0 0 0 
97000 100 1.8 0 10 9423.54 0 9.99525 1 1052.37 0.558991 0 0 0 
98000 100 1.65 0 10 9741.62 0 9.9953 1 1064.7 0.562253 0 0 0 
99000 100 1.36 0 10 10064.5 0 9.99534 1 979.34 0.512912 0 0 0 
100000 100 1.61 0 10 10383.4 0 9.99539 1 922.58 0.488047 0 0 0 
101000 100 1.47 0 10 10710.2 0 9.99544 1 1044.93 0.541178 0 0 0 
102000 100 1.43 0 10 11020.1 0 9.99548 1 969.03 0.498187 0 0 0 
103000 100 1.5 0 10 11330.4 0 9.99553 1 914.23 0.472998 0 0 0 
104000 100 1.26 0 10 11646.5 0 9.99557 1 982.05 0.504407 0 0 0 
105000 100 1.81 0 10 11962.6 0 9.99561 1 872.54 0.440465 0 0 0 
106000 100 1.48 0 10 12296.9 0 9.99565 1 939.03 0.457809 0 0 0 
107000 100 1.33 0 10 12617.7 0 9.99569 1 909.39 0.444275 0 0 0 
108000 100 1.49 0 10 12928.2 0 9.99573 1 943.57 0.457562 0 0 0 
109000 100 1.36 0 10 13238.2 0 9.99577 1 986.15 0.46945 0 0 0 
110000 100 1.37 0 10 13550.4 0 9.99581 1 885.77 0.425261 0 0 0 
111000 100 1.23 0 10 13887 0 9.99585 1 961.31 0.457952 0 0 0 
112000 100 1.76 0 10 14208.1 0 9.99588 1 961.14 0.458839 0 0 0 
113000 100 1.37 0 10 14540.1 0 9.99592 1 914.29 0.432561 0 0 0 
114000 100 1.72 0 10 14864.2 0 9.99596 1 922.08 0.424929 0 0 0 
115000 100 1.68 0 10 15198.6 0 9.99599 1 984.2 0.440288 0 0 0 
116000 100 1.2 0 10 15535.8 0 9.99603 1 871.65 0.38252 0 0 0 
117000 100 1.16 0 10 15882.9 0 9.99606 1 945.4 0.412303 0 0 0 
118000 100 1.58 0 10 16204.7 0 9.99609 1 1127.36 0.482816 0 0 0 
119000 100 1.08 0 10 16538.5 0 9.99613 1 935.47 0.400557 0 0 0 
120000 100 1.45 0 10 16876.4 0 9.99616 1 867.68 0.362733 0 0 0 
121000 100 1.4 0 10 17201.2 0 9.99619 1 889.02 0.363728 0 0 0 
122000 100 1.34 0 10 17537.5 0 9.99622 1 1035.63 0.413577 0 0 0 
123000 100 1.7 0 10 17860.6 0 9.99625 1 913.37 0.362737 0 0 0 
124000 100 1.22 0 10 18193.6 0 9.99628 1 987.75 0.386853 0 0 0 
125000 100 1.27 0 10 18532.5 0 9.99631 1 1026.17 0.395268 0 0 0 
126000 100 1.48 0 10 18862.8 0 9.99634 1 949.3 0.366305 0 0 0 
127000 100 1.25 0 10 19188.4 0 9.99637 1 904.81 0.345123 0 0 0 
128000 100 1.63 0 10 19534.5 0 9.9964 1 879.68 0.334963 0 0 0 
129000 100 1.73 0 10 19877.2 0 9.99643 1 872.99 0.327742 0 0 0 
130000 100 1.29 0 10 20202.3 0 9.99645 1 957.35 0.35836 0 0 0 
131000 100 1.21 0 10 20532.1 0 9.99648 1 854.68 0.319339 0 0 0 
132000 100 1.69 0 10 20855.7 0 9.99651 1 842.06 0.313055 0 0 0 
133000 100 1.4 0 10 21177 0 9.99653 1 905.6 0.328367 0 0 0 
134000 100 1.67 0 10 21513.6 0 9.99656 1 934.35 0.330181 0 0 0 
135000 100 1.55 0 10 21834.1 0 9.99659 1 1115.18 0.397692 0 0 0 
136000 100 1.6 0 10 22147.5 0 9.99661 1 933.3 0.333946 0 0 0 
137000 100 1.58 0 10 22486.2 0 9.99664 1 854.44 0.305416 0 0 0 
138000 100 1.61 0 10 22825.1 0 9.99666 1 865.2 0.313199 0 0 0 
139000 100 1.6 0 10 23152.3 0 9.99668 1 909.24 0.326775 0 0 0 
140000 100 1.59 0 10 23483.8 0 9.99671 1 946.3 0.342932 0 0 0 
141000 100 1.26 0 10 23809.5 0 9.99673 1 919.8 0.330267 0 0 0 
142000 100 1.39 0 10 24143.5 0 9.99675 1 908.9 0.323155 0 0 0 
143000 100 1.33 0 10 24474.7 0 9.99678 1 921.63 0.330902 0 0 0 
144000 100 2.07 0 10 24810.5 0 9.9968 1 1027.56 0.374874 0 0 0 
145000 100 1.51 0 10 25149.8 0 9.99682 1 940.71 0.338608 0 0 0 
146000 100 1.6 0 10 25492.4 0 9.99684 1 869.46 0.318529 0 0 0 
147000 100 1.42 0 10 25830.1 0 9.99686 1 853.35 0.305208 0 0 0 
148000 100 1.43 0 10 26146.2 0 9.99689 1 881.57 0.315655 0 0 0 
149000 100 1.01 0 10 26477.5 0 9.99691 1 954.43 0.3429 0 0 0 
150000 100 1.81 0 10 26800.8 0 9.99693 1 1070.28 0.374299 0 0 0 
151000 100 1.31 0 10 27129.8 0 9.99695 1 929.63 0.32897 0 0 0 
152000 100 1.26 0 10 27445.9 0 9.99697 1 901.35 0.319786 0 0 0 
153000 100 1.94 0 10 27780.5 0 9.99699 1 947.15 0.331628 0 0 0 
154000 100 1.29 0 10 28111.3 0 9.99701 1 886.19 0.307458 0 0 0 
155000 100 1.48 0 10 28445.8 0 9.99703 1 896.24 0.307119 0 0 0 
156000 100 1.4 0 10 28773.2 0 9.99705 1 891 0.307362 0 0 0 
157000 100 1.61 0 10 29098.2 0 9.99706 1 930.83 0.324092 0 0 0 
158000 100 1.65 0 10 29430.8 0 9.99708 1 878.23 0.298614 0 0 0 
159000 100 1.51 0 10 29762.3 0 9.9971 1 912.97 0.307177 0 0 0 
160000 100 1.21 0 10 30085.7 0 9.99712 1 877.09 0.293043 0 0 0 
161000 100 2.28 0 10 30418 0 9.99714 1 950.84 0.314292 0 0 0 
162000 100 1.42 0 10 30739.2 0 9.99715 1 1074.01 0.348539 0 0 0 
163000 100 1.08 0 10 31085.4 0 9.99717 1 870.94 0.281599 0 0 0 
164000 100 1.33 0 10 31425.6 0 9.99719 1 793.5 0.256662 0 0 0 
165000 100 1.71 0 10 31743.8 0 9.99721 1 943 0.304997 0 0 0 
166000 100 1.66 0 10 32083.2 0 9.99722 1 873.51 0.280037 0 0 0 
167000 100 1.83 0 10 32405.5 0 9.99724 1 888 0.282308 0 0 0 
168000 100 1.38 0 10 32727.8 0 9.99726 1 908.48 0.282647 0 0 0 
169000 100 0.95 0 10 33060.5 0 9.99727 1 872.41 0.268729 0 0 0 
170000 100 1.45 0 10 33384.2 0 9.99729 1 897.31 0.275984 0 0 0 
171000 100 1.63 0 10 33703.5 0 9.9973 1 1024.39 0.31641 0 0 0 
172000 100 1.37 0 10 34042.8 0 9.99732 1 862.36 0.267877 0 0 0 
173000 100 1.34 0 10 34375.2 0 9.99734 1 863.51 0.268491 0 0 0 
174000 100 1.24 0 10 34693 0 9.99735 1 995.68 0.306465 0 0 0 
175000 100 1.74 0 10 35018.8 0 9.99737 1 905.08 0.276035 0 0 0 
176000 100 1.4 0 10 35349.8 0 9.99738 1 962.28 0.28735 0 0 0 
177000 100 1.15 0 10 35672.8 0 9.9974 1 863.53 0.258439 0 0 0 
178000 100 1.41 0 10 36015.7 0 9.99741 1 974.78 0.29146 0 0 0 
179000 100 1.52 0 10 36340.1 0 9.99743 1 888.15 0.266626 0 0 0 
180000 100 1.35 0 10 36669.5 0 9.99744 1 891.83 0.2653 0 0 0 
181000 100 1.59 0 10 37006.4 0 9.99745 1 946.8 0.275931 0 0 0 
182000 100 1.54 0 10 37328.6 0 9.99747 1 1092.87 0.315225 0 0 0 
183000 100 1.56 0 10 37646.7 0 9.99748 1 929.35 0.263481 0 0 0 
184000 100 1.45 0 10 37985.1 0 9.9975 1 910.73 0.256937 0 0 0 
185000 100 1.11 0 10 38306.8 0 9.99751 1 878.62 0.245597 0 0 0 
186000 100 1.21 0 10 38648.3 0 9.99752 1 896.34 0.251968 0 0 0 
187000 100 1.77 0 10 38969.3 0 9.99754 1 816.32 0.228106 0 0 0 
188000 100 1.42 0 10 39284.4 0 9.99755 1 1004.84 0.280264 0 0 0 
189000 100 1.49 0 10 39615.8 0 9.99756 1 926.91 0.26111 0 0 0 
190000 100 1.3 0 10 39951.9 0 9.99757 1 936.09 0.262148 0 0 0 
191000 100 1.51 0 10 40264.5 0 9.99759 1 977.68 0.274568 0 0 0 
192000 100 1.6 0 10 40595.1 0 9.9976 1 1000.51 0.278789 0 0 0 
193000 100 1.35 0 10 40923.3 0 9.99761 1 968.51 0.267842 0 0 0 
194000 100 1.4 0 10 41248 0 9.99762 1 926.39 0.25603 0 0 0 
195000 100 1.3 0 10 41583.1 0 9.99764 1 974 0.26984 0 0 0 
196000 100 1.08 0 10 41933.6 0 9.99765 1 937.05 0.25882 0 0 0 
197000 100 1.34 0 10 42265.4 0 9.99766 1 914.87 0.249403 0 0 0 
198000 100 1.79 0 10 42605.8 0 9.99767 1 859.64 0.231869 0 0 0 
199000 100 1.79 0 10 42946.2 0 9.99768 1 893.76 0.240685 0 0 0 
200000 100 1.66 0 10 43282.2 0 9.9977 1 926.31 0.249928 0 0 0 
201000 100 1.3 0 10 43612.3 0 9.99771 1 964.93 0.260517 0 0 0 
202000 100 1.24 0 10 43939.1 0 9.99772 1 932.17 0.251763 0 0 0 
203000 100 1.19 0 10 44247.9 0 9.99773 1 915.15 0.247811 0 0 0 
204000 100 1.59 0 10 44571.7 0 9.99774 1 901.17 0.247754 0 0 0 
205000 100 1.62 0 10 44905.3 0 9.99775 1 870.9 0.239872 0 0 0 
206000 100 1.47 0 10 45239.8 0 9.99776 1 908.37 0.251289 0 0 0 
207000 100 1.22 0 10 45560.5 0 9.99777 1 890.55 0.246162 0 0 0 
208000 100 1.38 0 10 45883.1 0 9.99778 1 958.26 0.262482 0 0 0 
209000 100 1.31 0 10 46198.3 0 9.99779 1 865.12 0.233459 0 0 0 
210000 100 1.49 0 10 46534.2 0 9.99781 1 901.54 0.239653 0 0 0 
211000 100 1.47 0 10 46882.7 0 9.99782 1 941.49 0.24649 0 0 0 
212000 100 1.52 0 10 47200.1 0 9.99783 1 889.21 0.23185 0 0 0 
213000 100 1.52 0 10 47534.1 0 9.99784 1 890.6 0.233225 0 0 0 
214000 100 1.6 0 10 47868.7 0 9.99785 1 866.76 0.225292 0 0 0 
215000 100 1.56 0 10 48208.8 0 9.99786 1 939.39 0.240269 0 0 0 
216000 100 1.7 0 10 48528.3 0 9.99787 1 948.15 0.242967 0 0 0 
217000 100 1.47 0 10 48862.8 0 9.99788 1 858.78 0.220763 0 0 0 
218000 100 1.62 0 10 49183.2 0 9.99789 1 912.74 0.231446 0 0 0 
219000 100 1.45 0 10 49524.6 0 9.9979 1 974.27 0.245391 0 0 0 
220000 100 1.37 0 10 49859 0 9.99791 1 792.38 0.198253 0 0 0 
221000 100 1.43 0 10 50199.3 0 9.99791 1 870 0.218017 0 0 0 
222000 100 1.15 0 10 50532.1 0 9.99792 1 966.6 0.238097 0 0 0 
223000 100 1.34 0 10 50860.2 0 9.99793 1 995.84 0.246749 0 0 0 
224000 100 1.36 0 10 51180.7 0 9.99794 1 880.28 0.217073 0 0 0 
225000 100 1.42 0 10 51523.3 0 9.99795 1 920.63 0.22602 0 0 0 
226000 100 1.27 0 10 51853.7 0 9.99796 1 937.41 0.229788 0 0 0 
227000 100 1.04 0 10 52186.4 0 9.99797 1 881.56 0.214972 0 0 0 
228000 100 1.38 0 10 52525.4 0 9.99798 1 926.73 0.223556 0 0 0 
229000 100 1.35 0 10 52845.5 0 9.99799 1 949.1 0.2274 0 0 0 
230000 100 1.01 0 10 53155.2 0 9.998 1 930.94 0.223768 0 0 0 
231000 100 1.63 0 10 53479.9 0 9.998 1 973.27 0.234346 0 0 0 
232000 100 1.73 0 10 53816 0 9.99801 1 883.5 0.21189 0 0 0 
233000 100 1.21 0 10 54130.3 0 9.99802 1 867.84 0.205374 0 0 0 
234000 100 1.7 0 10 54451.3 0 9.99803 1 932.6 0.221846 0 0 0 
235000 100 1.52 0 10 54792 0 9.99804 1 825.26 0.194779 0 0 0 
236000 100 1.17 0 10 55122.9 0 9.99805 1 920.08 0.216841 0 0 0 
237000 100 1.59 0 10 55446.8 0 9.99806 1 909.58 0.21413 0 0 0 
238000 100 1.45 0 10 55782.7 0 9.99806 1 884.4 0.206389 0 0 0 
239000 100 1.43 0 10 56117.5 0 9.99807 1 893.34 0.206599 0 0 0 
240000 100 1.81 0 10 56443.2 0 9.99808 1 996.01 0.231889 0 0 0 
241000 100 1.42 0 10 56780.8 0 9.99809 1 888.89 0.208246 0 0 0 
242000 100 1.39 0 10 57092.8 0 9.9981 1 923.37 0.21584 0 0 0 
243000 100 1.52 0 10 57426.9 0 9.9981 1 948.48 0.221884 0 0 0 
244000 100 1.38 0 10 57759.4 0 9.99811 1 904.19 0.21087 0 0 0 
245000 100 1.98 0 10 58086.4 0 9.99812 1 931.24 0.217311 0 0 0 
246000 100 1.39 0 10 58410.9 0 9.99813 1 941.1 0.221008 0 0 0 
247000 100 1.43 0 10 58746.2 0 9.99813 1 945.09 0.222752 0 0 0 
248000 100 1.23 0 10 59062.5 0 9.99814 1 859.27 0.200085 0 0 0 
249000 100 1.22 0 10 59398.6 0 9.99815 1 877.05 0.203949 0 0 0 
250000 100 1.31 0 10 59709.4 0 9.99816 1 866.4 0.203618 0 0 0 