# Avida Average Deme Data
# Sun Apr 20 03:33:55 2014
#  1: Update
#  2: Count
#  3: Age
#  4: Births
#  5: Organisms
#  6: Generation
#  7: Births (at last replication)
#  8: Organisms (at last replication)
#  9: Merit
# 10: Gestation Time
# 11: Time Used (normalized by org fitness)
# 12: Generations between current and last founders
# 13: Events killed
# 14: Attempts to kill event

0 100 0 0 1 0 0 0 1 0 0 0 0 0 
1000 100 23.31 0 10 23.77 0 9.55814 1 12085.5 10.3982 0 0 0 
2000 100 21.14 0 10 51.09 0 9.77896 1 12512.9 10.7562 0 0 0 
3000 100 17.7 0 10 86.95 0 9.85262 1 10398.7 8.9558 0 0 0 
4000 100 19 0 10 118.77 0 9.88945 1 10801.3 9.24668 0 0 0 
5000 100 18.13 0 10 153.23 0 9.91156 1 8618.97 7.31269 0 0 0 
6000 100 16.18 0 10 191.51 0 9.9263 1 8963.6 7.66821 0 0 0 
7000 100 18.88 0 10 226.26 0 9.93682 1 9025.03 7.70128 0 0 0 
8000 100 17.91 0 10 262.93 0 9.94472 1 8612.74 7.37867 0 0 0 
9000 100 8.89 0 10 307.55 0 9.95086 1 5384.51 4.65033 0 0 0 
10000 100 7.62 0 10 370.39 0 9.95577 1 5285.78 4.46626 0 0 0 
11000 100 9.56 0 10 432.14 0 9.95979 1 4712.68 3.99746 0 0 0 
12000 100 9.89 0 10 491.47 0 9.96314 1 5251.16 4.44812 0 0 0 
13000 100 9.2 0 10 553.7 0 9.96598 1 5067.41 4.32409 0 0 0 
14000 100 8.03 0 10 614.14 0 9.96841 1 4822.34 4.08808 0 0 0 
15000 100 9.5 0 10 680.45 0 9.97052 1 5359.32 4.44151 0 0 0 
16000 100 9.99 0 10 743.24 0 9.97236 1 5414.3 4.4104 0 0 0 
17000 100 10.73 0 10 803.58 0 9.97398 1 4593.04 3.78231 0 0 0 
18000 100 10.58 0 10 864.73 0 9.97543 1 4955.52 4.04792 0 0 0 
19000 100 9.92 0 10 920.67 0 9.97672 1 5020.79 4.07869 0 0 0 
20000 100 11.03 0 10 978.05 0 9.97789 1 4685.33 3.71832 0 0 0 
21000 100 8.52 0 10 1040.62 0 9.97894 1 4952.72 3.84485 0 0 0 
22000 100 8.78 0 10 1100.54 0 9.9799 1 5144.3 3.99102 0 0 0 
23000 100 10.14 0 10 1163.03 0 9.98077 1 5340.52 4.08616 0 0 0 
24000 100 10.83 0 10 1225.57 0 9.98157 1 5304.9 4.0118 0 0 0 
25000 100 10.33 0 10 1284.63 0 9.98231 1 5147.76 3.79905 0 0 0 
26000 100 9.23 0 10 1344.5 0 9.98299 1 5440.26 4.01678 0 0 0 
27000 100 8.32 0 10 1403.82 0 9.98362 1 4805.99 3.56391 0 0 0 
28000 100 8.03 0 10 1465.43 0 9.9842 1 4774.95 3.51758 0 0 0 
29000 100 10.85 0 10 1525.63 0 9.98475 1 5117.09 3.76083 0 0 0 
30000 100 8.64 0 10 1584.9 0 9.98526 1 4901.09 3.54572 0 0 0 
31000 100 7.55 0 10 1642.94 0 9.98573 1 4740.27 3.46193 0 0 0 
32000 100 8.88 0 10 1707.07 0 9.98618 1 5204.15 3.73968 0 0 0 
33000 100 10.64 0 10 1769.29 0 9.9866 1 4747.76 3.34529 0 0 0 
34000 100 10.27 0 10 1830.65 0 9.98699 1 5299.54 3.68854 0 0 0 
35000 100 8.4 0 10 1897.13 0 9.98736 1 4660.44 3.20248 0 0 0 
36000 100 11.84 0 10 1965.28 0 9.98771 1 5246.52 3.5446 0 0 0 
37000 100 9.9 0 10 2025.17 0 9.98805 1 4825.77 3.24387 0 0 0 
38000 100 10.45 0 10 2085.21 0 9.98836 1 5038.63 3.38198 0 0 0 
39000 100 9.18 0 10 2149.56 0 9.98866 1 5945.26 3.96369 0 0 0 
40000 100 9.68 0 10 2211.24 0 9.98894 1 5241.25 3.4711 0 0 0 
41000 100 9.94 0 10 2270.66 0 9.98921 1 5160.31 3.40958 0 0 0 
42000 100 9.86 0 10 2338.51 0 9.98947 1 5422.96 3.51677 0 0 0 
43000 100 9.9 0 10 2396.16 0 9.98971 1 5140.85 3.3171 0 0 0 
44000 100 9.39 0 10 2457.6 0 9.98995 1 5086.43 3.28246 0 0 0 
45000 100 9.15 0 10 2518.85 0 9.99017 1 5225.46 3.36503 0 0 0 
46000 100 9.28 0 10 2581.03 0 9.99038 1 5055.57 3.27299 0 0 0 
47000 100 10.2 0 10 2639.52 0 9.99059 1 4815.07 3.13231 0 0 0 
48000 100 7.87 0 10 2730.76 0 9.99079 1 3998.68 2.62449 0 0 0 
49000 100 7.73 0 10 2920.31 0 9.99097 1 3412.62 2.24049 0 0 0 
50000 100 3.1 0 10 3131.38 0 9.99115 1 1186.29 0.786149 0 0 0 
51000 100 2.89 0 10 3412.03 0 9.99133 1 1091.65 0.719299 0 0 0 
52000 100 3.01 0 10 3684.47 0 9.99149 1 1072.44 0.700666 0 0 0 
53000 100 2.81 0 10 3970.77 0 9.99165 1 1123.11 0.725771 0 0 0 
54000 100 3.47 0 10 4256.81 0 9.99181 1 1099.84 0.716097 0 0 0 
55000 100 2.89 0 10 4523.35 0 9.99196 1 1409.24 0.931313 0 0 0 
56000 100 2.09 0 10 4819.08 0 9.9921 1 1057.29 0.69388 0 0 0 
57000 100 2.68 0 10 5115.22 0 9.99224 1 1089.03 0.71384 0 0 0 
58000 100 1.97 0 10 5416.91 0 9.99237 1 1141.18 0.735547 0 0 0 
59000 100 2.94 0 10 5699.01 0 9.9925 1 969.81 0.62499 0 0 0 
60000 100 2.33 0 10 6002.34 0 9.99263 1 1181.5 0.76097 0 0 0 
61000 100 2.54 0 10 6271.49 0 9.99275 1 1162.98 0.746675 0 0 0 
62000 100 3.81 0 10 6552.55 0 9.99287 1 1009.45 0.638221 0 0 0 
63000 100 2.88 0 10 6824.31 0 9.99298 1 1090 0.666882 0 0 0 
64000 100 2.52 0 10 7112.42 0 9.99309 1 1057.49 0.66052 0 0 0 
65000 100 3.68 0 10 7389.19 0 9.9932 1 1075.03 0.684416 0 0 0 
66000 100 2.28 0 10 7706.04 0 9.9933 1 1172.25 0.73888 0 0 0 
67000 100 3.04 0 10 8011.12 0 9.9934 1 1060.86 0.672738 0 0 0 
68000 100 2.96 0 10 8309.48 0 9.9935 1 894.07 0.571312 0 0 0 
69000 100 2.53 0 10 8618.34 0 9.99359 1 995.59 0.618327 0 0 0 
70000 100 2.88 0 10 8932.64 0 9.99368 1 1070.26 0.669793 0 0 0 
71000 100 1.94 0 10 9216.05 0 9.99377 1 948.27 0.589859 0 0 0 
72000 100 3.27 0 10 9532.25 0 9.99386 1 941.4 0.591151 0 0 0 
73000 100 2.41 0 10 9846.22 0 9.99394 1 933.77 0.589759 0 0 0 
74000 100 2.68 0 10 10142.5 0 9.99402 1 1138.79 0.731681 0 0 0 
75000 100 2.32 0 10 10463.1 0 9.9941 1 1165.52 0.737273 0 0 0 
76000 100 3.01 0 10 10761.5 0 9.99418 1 1090.78 0.658144 0 0 0 
77000 100 2.94 0 10 11072.9 0 9.99426 1 1121.6 0.664767 0 0 0 
78000 100 2.33 0 10 11355 0 9.99433 1 879.04 0.515034 0 0 0 
79000 100 2.35 0 10 11669.5 0 9.9944 1 898.26 0.519024 0 0 0 
80000 100 3.3 0 10 11955.4 0 9.99447 1 1004.23 0.584015 0 0 0 
81000 100 1.94 0 10 12276.7 0 9.99454 1 894.01 0.503634 0 0 0 
82000 100 2.72 0 10 12626.1 0 9.99461 1 911.47 0.511951 0 0 0 
83000 100 2.55 0 10 12950.9 0 9.99467 1 1044.06 0.577273 0 0 0 
84000 100 2.35 0 10 13283.7 0 9.99473 1 961.57 0.522828 0 0 0 
85000 100 2.58 0 10 13599 0 9.9948 1 982.93 0.52864 0 0 0 
86000 100 2.58 0 10 13911.6 0 9.99486 1 984.95 0.528237 0 0 0 
87000 100 2.95 0 10 14227.5 0 9.99492 1 1007.18 0.534006 0 0 0 
88000 100 2.33 0 10 14564.8 0 9.99497 1 947.01 0.483044 0 0 0 
89000 100 2.79 0 10 14888.9 0 9.99503 1 966.9 0.475089 0 0 0 
90000 100 1.34 0 10 15237.5 0 9.99509 1 819.2 0.406045 0 0 0 
91000 100 1.62 0 10 15559.2 0 9.99514 1 843.75 0.419489 0 0 0 
92000 100 2.14 0 10 15893.2 0 9.99519 1 1187.98 0.584821 0 0 0 
93000 100 3.07 0 10 16237.7 0 9.99524 1 903.77 0.447121 0 0 0 
94000 100 1.64 0 10 16578.5 0 9.99529 1 867.16 0.43826 0 0 0 
95000 100 2.62 0 10 16901.8 0 9.99534 1 959.36 0.487493 0 0 0 
96000 100 2.79 0 10 17223.5 0 9.99539 1 842.33 0.427905 0 0 0 
97000 100 2.27 0 10 17569.1 0 9.99544 1 941.29 0.480541 0 0 0 
98000 100 2.6 0 10 17913.8 0 9.99549 1 1018.75 0.518264 0 0 0 
99000 100 2.5 0 10 18229.6 0 9.99553 1 875.94 0.438721 0 0 0 
100000 100 3.49 0 10 18593.1 0 9.99558 1 858.01 0.427718 0 0 0 
101000 100 3.01 0 10 18965.5 0 9.99562 1 895.36 0.442088 0 0 0 
102000 100 2.02 0 10 19327.3 0 9.99566 1 825.83 0.397915 0 0 0 
103000 100 1.95 0 10 19648.4 0 9.99571 1 1023.44 0.484961 0 0 0 
104000 100 2.5 0 10 19973.6 0 9.99575 1 984.77 0.454749 0 0 0 
105000 100 2.69 0 10 20319.2 0 9.99579 1 923.85 0.417839 0 0 0 
106000 100 2.42 0 10 20664.2 0 9.99583 1 808.39 0.364016 0 0 0 
107000 100 2.01 0 10 21005.2 0 9.99587 1 883.6 0.39367 0 0 0 
108000 100 2.12 0 10 21320.3 0 9.9959 1 896.14 0.398552 0 0 0 
109000 100 1.89 0 10 21662.6 0 9.99594 1 868.13 0.387605 0 0 0 
110000 100 2.1 0 10 22008.4 0 9.99598 1 1050.6 0.457061 0 0 0 
111000 100 1.72 0 10 22367.4 0 9.99602 1 927.2 0.398454 0 0 0 
112000 100 1.62 0 10 22688 0 9.99605 1 869.62 0.368601 0 0 0 
113000 100 2.51 0 10 23023 0 9.99609 1 887.4 0.36538 0 0 0 
114000 100 2.96 0 10 23344.6 0 9.99612 1 963.35 0.399285 0 0 0 
115000 100 2.56 0 10 23729.1 0 9.99615 1 855.78 0.348911 0 0 0 
116000 100 1.99 0 10 24148.5 0 9.99619 1 852.72 0.346109 0 0 0 
117000 100 2.24 0 10 24515.4 0 9.99622 1 797.47 0.326841 0 0 0 
118000 100 1.53 0 10 24902 0 9.99625 1 853.45 0.345769 0 0 0 
119000 100 2 0 10 25268.5 0 9.99628 1 811.99 0.328686 0 0 0 
120000 100 2.66 0 10 25658.1 0 9.99631 1 761.34 0.30864 0 0 0 
121000 100 1.93 0 10 26032.7 0 9.99634 1 820.46 0.329002 0 0 0 
122000 100 2.34 0 10 26401.8 0 9.99637 1 1111.21 0.435622 0 0 0 
123000 100 1.73 0 10 26765.3 0 9.9964 1 938.43 0.363596 0 0 0 
124000 100 1.98 0 10 27134.1 0 9.99643 1 862.5 0.341514 0 0 0 
125000 100 2.22 0 10 27483.6 0 9.99646 1 857.43 0.340727 0 0 0 
126000 100 2.26 0 10 27852.4 0 9.99649 1 815.41 0.318638 0 0 0 
127000 100 2.18 0 10 28241.5 0 9.99652 1 846.78 0.33035 0 0 0 
128000 100 2.06 0 10 28615.1 0 9.99654 1 866.1 0.338965 0 0 0 
129000 100 2.12 0 10 28972.6 0 9.99657 1 864.62 0.337291 0 0 0 
130000 100 1.95 0 10 29321.9 0 9.9966 1 872.58 0.342441 0 0 0 
131000 100 1.82 0 10 29670.3 0 9.99662 1 879.22 0.341586 0 0 0 
132000 100 1.77 0 10 30028 0 9.99665 1 785.05 0.301964 0 0 0 
133000 100 2.23 0 10 30413.6 0 9.99667 1 836.07 0.327272 0 0 0 
134000 100 2.31 0 10 30803 0 9.9967 1 858.51 0.335209 0 0 0 
135000 100 1.92 0 10 31161 0 9.99672 1 792.06 0.307559 0 0 0 
136000 100 1.97 0 10 31492.3 0 9.99675 1 1022.52 0.393424 0 0 0 
137000 100 1.97 0 10 31828.5 0 9.99677 1 815.95 0.314483 0 0 0 
138000 100 2.53 0 10 32205.5 0 9.99679 1 927.16 0.357238 0 0 0 
139000 100 2.18 0 10 32583.4 0 9.99682 1 889.28 0.339681 0 0 0 
140000 100 1.82 0 10 32963.2 0 9.99684 1 896.74 0.342724 0 0 0 
141000 100 2.39 0 10 33329 0 9.99686 1 853.76 0.331223 0 0 0 
142000 100 2.51 0 10 33695.4 0 9.99689 1 746.2 0.288923 0 0 0 
143000 100 2.61 0 10 34068.5 0 9.99691 1 962.4 0.375201 0 0 0 
144000 100 2.34 0 10 34430 0 9.99693 1 733.67 0.282948 0 0 0 
145000 100 1.87 0 10 34791.7 0 9.99695 1 825.4 0.319212 0 0 0 
146000 100 2.44 0 10 35158.7 0 9.99697 1 864.12 0.333597 0 0 0 
147000 100 2.53 0 10 35501.1 0 9.99699 1 838.54 0.328099 0 0 0 
148000 100 2.69 0 10 35862 0 9.99701 1 804.01 0.313677 0 0 0 
149000 100 2.16 0 10 36235.1 0 9.99703 1 971.55 0.37632 0 0 0 
150000 100 2.38 0 10 36566.5 0 9.99705 1 1134.96 0.436153 0 0 0 
151000 100 3.31 0 10 36899.8 0 9.99707 1 943.06 0.358356 0 0 0 
152000 100 2.41 0 10 37247.6 0 9.99709 1 773.86 0.294979 0 0 0 
153000 100 2.27 0 10 37584.8 0 9.99711 1 858.55 0.335282 0 0 0 
154000 100 2.01 0 10 37954.8 0 9.99713 1 868.19 0.347971 0 0 0 
155000 100 2.35 0 10 38306.7 0 9.99715 1 939.37 0.372811 0 0 0 
156000 100 2.81 0 10 38628.5 0 9.99716 1 847.35 0.335595 0 0 0 
157000 100 2.11 0 10 38979.1 0 9.99718 1 960.35 0.383801 0 0 0 
158000 100 2.11 0 10 39299.6 0 9.9972 1 1068.59 0.426606 0 0 0 
159000 100 2.92 0 10 39638.1 0 9.99722 1 1013.8 0.409045 0 0 0 
160000 100 2.17 0 10 39971.9 0 9.99724 1 998.03 0.405823 0 0 0 
161000 100 2.26 0 10 40337.7 0 9.99725 1 857.5 0.353718 0 0 0 
162000 100 2.54 0 10 40679.3 0 9.99727 1 995.52 0.402084 0 0 0 
163000 100 2.39 0 10 40997 0 9.99729 1 927.21 0.367137 0 0 0 
164000 100 1.76 0 10 41342.3 0 9.9973 1 961.5 0.376646 0 0 0 
165000 100 2.7 0 10 41682.2 0 9.99732 1 959.85 0.375386 0 0 0 
166000 100 2.14 0 10 42022.7 0 9.99734 1 911.85 0.356092 0 0 0 
167000 100 2.38 0 10 42371.4 0 9.99735 1 1138.29 0.438593 0 0 0 
168000 100 2.33 0 10 42766.5 0 9.99737 1 822.18 0.316867 0 0 0 
169000 100 2.03 0 10 43158.7 0 9.99738 1 898.76 0.346239 0 0 0 
170000 100 2.33 0 10 43527.2 0 9.9974 1 794.59 0.308792 0 0 0 
171000 100 2.03 0 10 43896.7 0 9.99741 1 822.35 0.326682 0 0 0 
172000 100 2.68 0 10 44246.4 0 9.99743 1 802.45 0.308292 0 0 0 
173000 100 2.09 0 10 44599.2 0 9.99744 1 838.66 0.327419 0 0 0 
174000 100 2.28 0 10 44946.8 0 9.99746 1 860.93 0.332344 0 0 0 
175000 100 2.28 0 10 45275.1 0 9.99747 1 794.58 0.30345 0 0 0 
176000 100 2.18 0 10 45655.2 0 9.99749 1 759 0.300207 0 0 0 
177000 100 1.84 0 10 46057.4 0 9.9975 1 732.74 0.291314 0 0 0 
178000 100 1.74 0 10 46431.4 0 9.99752 1 877.94 0.350862 0 0 0 
179000 100 1.91 0 10 46792.7 0 9.99753 1 848.17 0.336058 0 0 0 
180000 100 1.88 0 10 47188.6 0 9.99754 1 875.5 0.347174 0 0 0 
181000 100 2.48 0 10 47560.9 0 9.99756 1 699.08 0.274622 0 0 0 
182000 100 2.81 0 10 47935.9 0 9.99757 1 818.15 0.323935 0 0 0 
183000 100 2.22 0 10 48342.4 0 9.99758 1 847.28 0.331765 0 0 0 
184000 100 2.07 0 10 48727.8 0 9.9976 1 816.28 0.312745 0 0 0 
185000 100 2.07 0 10 49089.4 0 9.99761 1 820.22 0.306605 0 0 0 
186000 100 2.23 0 10 49428.6 0 9.99762 1 789.04 0.293747 0 0 0 
187000 100 1.75 0 10 49790.2 0 9.99763 1 756.64 0.28099 0 0 0 
188000 100 1.61 0 10 50179.3 0 9.99765 1 873.04 0.326373 0 0 0 
189000 100 1.3 0 10 50559.3 0 9.99766 1 835.99 0.313733 0 0 0 
190000 100 1.71 0 10 50953.1 0 9.99767 1 847.92 0.309664 0 0 0 
191000 100 1.34 0 10 51345.7 0 9.99768 1 788.81 0.288848 0 0 0 
192000 100 1.65 0 10 51763.6 0 9.9977 1 714.91 0.263965 0 0 0 
193000 100 1.65 0 10 52180.5 0 9.99771 1 803.2 0.29329 0 0 0 
194000 100 1.25 0 10 52629.9 0 9.99772 1 668.34 0.243402 0 0 0 
195000 100 1.39 0 10 53057.6 0 9.99773 1 950.13 0.333114 0 0 0 
196000 100 1.65 0 10 53485 0 9.99774 1 766.56 0.272935 0 0 0 
197000 100 1.65 0 10 53910.8 0 9.99775 1 776.45 0.272747 0 0 0 
198000 100 1.73 0 10 54325.2 0 9.99777 1 816.23 0.28092 0 0 0 
199000 100 2.01 0 10 54732.6 0 9.99778 1 875.79 0.301459 0 0 0 
200000 100 2.47 0 10 55156.1 0 9.99779 1 701.2 0.235569 0 0 0 
201000 100 2.15 0 10 55583.8 0 9.9978 1 783.34 0.260528 0 0 0 
202000 100 1.4 0 10 56002.7 0 9.99781 1 742.2 0.247898 0 0 0 
203000 100 1.65 0 10 56409.8 0 9.99782 1 788.41 0.269773 0 0 0 
204000 100 1.83 0 10 56821.6 0 9.99783 1 854.72 0.293238 0 0 0 
205000 100 1.9 0 10 57257.6 0 9.99784 1 726.31 0.245597 0 0 0 
206000 100 1.39 0 10 57692.8 0 9.99785 1 663.14 0.220538 0 0 0 
207000 100 1.44 0 10 58106.8 0 9.99786 1 812.42 0.270017 0 0 0 
208000 100 1.83 0 10 58537.8 0 9.99787 1 810.98 0.269019 0 0 0 
209000 100 2.03 0 10 58986.6 0 9.99788 1 732.9 0.241773 0 0 0 
210000 100 1.23 0 10 59423.5 0 9.99789 1 747.27 0.246977 0 0 0 
211000 100 1.51 0 10 59858.1 0 9.9979 1 802.95 0.267078 0 0 0 
212000 100 1.44 0 10 60279.2 0 9.99791 1 893.56 0.295345 0 0 0 
213000 100 2.25 0 10 60709 0 9.99792 1 723.57 0.24362 0 0 0 
214000 100 1.42 0 10 61121.3 0 9.99793 1 672.81 0.224373 0 0 0 
215000 100 1.23 0 10 61545.5 0 9.99794 1 770.25 0.251348 0 0 0 
216000 100 1.48 0 10 61949.6 0 9.99795 1 693.3 0.220955 0 0 0 
217000 100 1.7 0 10 62374.4 0 9.99796 1 701.94 0.220725 0 0 0 
218000 100 2.04 0 10 62789.3 0 9.99797 1 651.06 0.204764 0 0 0 
219000 100 1.82 0 10 63207.9 0 9.99798 1 717.73 0.225843 0 0 0 
220000 100 1.43 0 10 63625.4 0 9.99799 1 672.57 0.208707 0 0 0 
221000 100 2.05 0 10 64067.4 0 9.998 1 697.63 0.213722 0 0 0 
222000 100 1.76 0 10 64495.9 0 9.99801 1 699.45 0.210821 0 0 0 
223000 100 1.76 0 10 64926.9 0 9.99802 1 764.78 0.232197 0 0 0 
224000 100 1.81 0 10 65372.9 0 9.99803 1 676.62 0.207105 0 0 0 
225000 100 1.9 0 10 65780.4 0 9.99803 1 808.49 0.246866 0 0 0 
226000 100 1.33 0 10 66218.1 0 9.99804 1 740.32 0.222144 0 0 0 
227000 100 1.41 0 10 66651.7 0 9.99805 1 723.45 0.215526 0 0 0 
228000 100 1.95 0 10 67067.6 0 9.99806 1 718.02 0.206462 0 0 0 
229000 100 1.89 0 10 67473.5 0 9.99807 1 801.76 0.229758 0 0 0 
230000 100 1.35 0 10 67900.5 0 9.99808 1 793.2 0.228834 0 0 0 
231000 100 1.64 0 10 68323.3 0 9.99809 1 624.77 0.176918 0 0 0 
232000 100 0.96 0 10 68757.5 0 9.99809 1 670.29 0.190869 0 0 0 
233000 100 1.24 0 10 69199.3 0 9.9981 1 680.3 0.192013 0 0 0 
234000 100 2.16 0 10 69629.4 0 9.99811 1 846.23 0.238974 0 0 0 
235000 100 1.38 0 10 70053.2 0 9.99812 1 841.66 0.236228 0 0 0 
236000 100 1.43 0 10 70483.6 0 9.99813 1 731.03 0.205623 0 0 0 
237000 100 1.8 0 10 70912.7 0 9.99813 1 808.07 0.225533 0 0 0 
238000 100 2.07 0 10 71338.2 0 9.99814 1 719.26 0.198708 0 0 0 
239000 100 1.49 0 10 71766.7 0 9.99815 1 801.57 0.220759 0 0 0 
240000 100 1.82 0 10 72188.2 0 9.99816 1 738.79 0.203628 0 0 0 
241000 100 1.89 0 10 72584.6 0 9.99816 1 747.08 0.207452 0 0 0 
242000 100 2.15 0 10 72995.9 0 9.99817 1 729.79 0.20126 0 0 0 
243000 100 1.4 0 10 73399.6 0 9.99818 1 788.66 0.220258 0 0 0 
244000 100 1.97 0 10 73813.2 0 9.99819 1 699.44 0.193432 0 0 0 
245000 100 1.33 0 10 74259.7 0 9.99819 1 633.76 0.175308 0 0 0 
246000 100 1.76 0 10 74697.6 0 9.9982 1 840.84 0.231253 0 0 0 
247000 100 1.15 0 10 75129.9 0 9.99821 1 705.31 0.191428 0 0 0 
248000 100 1.26 0 10 75558.4 0 9.99822 1 795.35 0.217131 0 0 0 
249000 100 1.64 0 10 75987.3 0 9.99822 1 831.16 0.227122 0 0 0 
250000 100 1.96 0 10 76410.1 0 9.99823 1 846.1 0.231846 0 0 0 