# Avida Average Deme Data
# Sun Apr 20 08:04:17 2014
#  1: Update
#  2: Count
#  3: Age
#  4: Births
#  5: Organisms
#  6: Generation
#  7: Births (at last replication)
#  8: Organisms (at last replication)
#  9: Merit
# 10: Gestation Time
# 11: Time Used (normalized by org fitness)
# 12: Generations between current and last founders
# 13: Events killed
# 14: Attempts to kill event

0 100 0 0 1 0 0 0 1 0 0 0 0 0 
1000 100 25.24 0 10 21.84 0 9.56404 1 13648.1 11.7565 0 0 0 
2000 100 22.26 0 10 44.12 0 9.78191 1 14863.4 12.7361 0 0 0 
3000 100 23.64 0 10 67.62 0 9.85458 1 12976 11.1226 0 0 0 
4000 100 20.35 0 10 94.07 0 9.89093 1 12224.6 10.4758 0 0 0 
5000 100 17.23 0 10 132.94 0 9.91274 1 9628 8.26356 0 0 0 
6000 100 16.07 0 10 164.87 0 9.92728 1 9122.63 7.87602 0 0 0 
7000 100 15.02 0 10 198.29 0 9.93767 1 9259.85 7.97791 0 0 0 
8000 100 14.7 0 10 229.56 0 9.94546 1 9605.07 8.37984 0 0 0 
9000 100 12.32 0 10 268.54 0 9.95152 1 7193.82 6.15559 0 0 0 
10000 100 11.89 0 10 316.7 0 9.95636 1 6649.81 5.63489 0 0 0 
11000 100 10.26 0 10 363.62 0 9.96033 1 6267.49 5.33516 0 0 0 
12000 100 12.92 0 10 412.62 0 9.96364 1 6573.78 5.63104 0 0 0 
13000 100 14.36 0 10 462.45 0 9.96643 1 5975.26 5.06579 0 0 0 
14000 100 10.88 0 10 510.73 0 9.96883 1 6042.27 5.01145 0 0 0 
15000 100 10.78 0 10 558.37 0 9.97091 1 6300.15 5.23041 0 0 0 
16000 100 10.77 0 10 609.67 0 9.97273 1 6487.03 5.33851 0 0 0 
17000 100 13.27 0 10 656.31 0 9.97433 1 6373.49 5.29325 0 0 0 
18000 100 12.16 0 10 723.19 0 9.97576 1 4078.86 3.34766 0 0 0 
19000 100 8.42 0 10 818.13 0 9.97703 1 3409.82 2.78862 0 0 0 
20000 100 6.01 0 10 950.67 0 9.97818 1 2378.44 1.93052 0 0 0 
21000 100 4.37 0 10 1096.37 0 9.97922 1 2137.55 1.74392 0 0 0 
22000 100 3.84 0 10 1286.29 0 9.98016 1 1936.01 1.60217 0 0 0 
23000 100 3.38 0 10 1508.66 0 9.98103 1 1595.68 1.35317 0 0 0 
24000 100 2.97 0 10 1751.88 0 9.98182 1 1419.64 1.22267 0 0 0 
25000 100 3.29 0 10 2021.36 0 9.98254 1 1210.47 1.05389 0 0 0 
26000 100 2.64 0 10 2331.94 0 9.98322 1 1099.05 0.965868 0 0 0 
27000 100 2.45 0 10 2628.47 0 9.98384 1 912.32 0.799817 0 0 0 
28000 100 2.62 0 10 2904.99 0 9.98441 1 1035.35 0.903531 0 0 0 
29000 100 2.28 0 10 3192.46 0 9.98495 1 1082.92 0.917864 0 0 0 
30000 100 1.84 0 10 3504.36 0 9.98545 1 1080.12 0.890399 0 0 0 
31000 100 1.94 0 10 3836.3 0 9.98592 1 1000.71 0.804614 0 0 0 
32000 100 2.21 0 10 4146.59 0 9.98636 1 1017 0.835453 0 0 0 
33000 100 2.23 0 10 4436.76 0 9.98678 1 1035.65 0.825025 0 0 0 
34000 100 2.3 0 10 4740.46 0 9.98717 1 1187.49 0.940786 0 0 0 
35000 100 2.04 0 10 5042.05 0 9.98753 1 940.9 0.727926 0 0 0 
36000 100 1.99 0 10 5352.56 0 9.98788 1 1009.02 0.74903 0 0 0 
37000 100 2.73 0 10 5677.23 0 9.98821 1 1125.29 0.797509 0 0 0 
38000 100 2.49 0 10 5982.49 0 9.98852 1 1062.22 0.740398 0 0 0 
39000 100 2.14 0 10 6289.21 0 9.98881 1 1036.57 0.721903 0 0 0 
40000 100 2.39 0 10 6618.23 0 9.98909 1 884.12 0.622884 0 0 0 
41000 100 1.6 0 10 6948.4 0 9.98936 1 1022.39 0.705304 0 0 0 
42000 100 1.82 0 10 7257.12 0 9.98961 1 1078.81 0.735194 0 0 0 
43000 100 2.26 0 10 7557.3 0 9.98985 1 1015.81 0.664288 0 0 0 
44000 100 1.69 0 10 7881.8 0 9.99008 1 954.57 0.620322 0 0 0 
45000 100 1.52 0 10 8203.15 0 9.9903 1 981.17 0.654526 0 0 0 
46000 100 1.45 0 10 8558.78 0 9.99051 1 876.09 0.571655 0 0 0 
47000 100 1.87 0 10 8924.03 0 9.99072 1 875.7 0.568175 0 0 0 
48000 100 1.7 0 10 9304.3 0 9.99091 1 783.65 0.511645 0 0 0 
49000 100 1.46 0 10 9676.45 0 9.99109 1 846.85 0.542374 0 0 0 
50000 100 1.89 0 10 10045.8 0 9.99127 1 709.19 0.449294 0 0 0 
51000 100 1.65 0 10 10427.8 0 9.99144 1 834.34 0.514645 0 0 0 
52000 100 1.82 0 10 10792.5 0 9.99161 1 809.16 0.490505 0 0 0 
53000 100 1.81 0 10 11142.5 0 9.99177 1 934.39 0.574773 0 0 0 
54000 100 1.95 0 10 11527.8 0 9.99192 1 967.36 0.586468 0 0 0 
55000 100 1.15 0 10 11900.4 0 9.99207 1 836.72 0.524957 0 0 0 
56000 100 1.22 0 10 12288.2 0 9.99221 1 902.67 0.54289 0 0 0 
57000 100 1.94 0 10 12671.4 0 9.99234 1 739.32 0.443672 0 0 0 
58000 100 1.96 0 10 13037.4 0 9.99248 1 823.84 0.479601 0 0 0 
59000 100 1.42 0 10 13387.5 0 9.9926 1 815.06 0.474898 0 0 0 
60000 100 2.23 0 10 13731.6 0 9.99273 1 894.97 0.501073 0 0 0 
61000 100 2 0 10 14080.9 0 9.99285 1 1031.64 0.589434 0 0 0 
62000 100 1.9 0 10 14438.1 0 9.99296 1 858.38 0.493167 0 0 0 
63000 100 2.11 0 10 14804.5 0 9.99307 1 920.04 0.531663 0 0 0 
64000 100 1.52 0 10 15168.8 0 9.99318 1 833.26 0.472994 0 0 0 
65000 100 2.23 0 10 15513.6 0 9.99329 1 849.17 0.480377 0 0 0 
66000 100 1.92 0 10 15870.2 0 9.99339 1 839.1 0.468475 0 0 0 
67000 100 1.74 0 10 16247.5 0 9.99349 1 864.22 0.473947 0 0 0 
68000 100 2.28 0 10 16595.1 0 9.99358 1 928.27 0.507524 0 0 0 
69000 100 1.94 0 10 16969.3 0 9.99368 1 962.85 0.530205 0 0 0 
70000 100 1.5 0 10 17292.8 0 9.99377 1 944.45 0.531538 0 0 0 
71000 100 2.13 0 10 17649.1 0 9.99385 1 889.47 0.49313 0 0 0 
72000 100 1.52 0 10 18007.5 0 9.99394 1 877.48 0.483656 0 0 0 
73000 100 1.77 0 10 18364.1 0 9.99402 1 856.07 0.471969 0 0 0 
74000 100 1.4 0 10 18738.2 0 9.9941 1 804.66 0.44022 0 0 0 
75000 100 1.79 0 10 19104.7 0 9.99418 1 891.22 0.49149 0 0 0 
76000 100 1.56 0 10 19469.4 0 9.99426 1 824.26 0.447368 0 0 0 
77000 100 1.71 0 10 19860.7 0 9.99433 1 773.46 0.412669 0 0 0 
78000 100 1.97 0 10 20243.3 0 9.99441 1 900.69 0.477307 0 0 0 
79000 100 1.74 0 10 20630 0 9.99448 1 852.53 0.449792 0 0 0 
80000 100 1.39 0 10 21008.2 0 9.99455 1 883.26 0.456838 0 0 0 
81000 100 2.18 0 10 21389.3 0 9.99461 1 896.27 0.458473 0 0 0 
82000 100 1.83 0 10 21779.7 0 9.99468 1 921.53 0.469812 0 0 0 
83000 100 1.33 0 10 22183.5 0 9.99474 1 932.77 0.460039 0 0 0 
84000 100 2.05 0 10 22537 0 9.9948 1 895.9 0.443819 0 0 0 
85000 100 1.95 0 10 22919.2 0 9.99487 1 855.07 0.415457 0 0 0 
86000 100 2.07 0 10 23299.8 0 9.99493 1 849.07 0.400575 0 0 0 
87000 100 2.19 0 10 23667.6 0 9.99498 1 785.63 0.36988 0 0 0 
88000 100 2.28 0 10 24031 0 9.99504 1 859.23 0.398122 0 0 0 
89000 100 1.85 0 10 24378.2 0 9.9951 1 833.25 0.38537 0 0 0 
90000 100 1.85 0 10 24747 0 9.99515 1 719.68 0.330327 0 0 0 
91000 100 1.84 0 10 25115 0 9.9952 1 852.09 0.373715 0 0 0 
92000 100 1.33 0 10 25475.9 0 9.99526 1 886.78 0.382787 0 0 0 
93000 100 1.48 0 10 25852.7 0 9.99531 1 796.22 0.347545 0 0 0 
94000 100 1.9 0 10 26220.2 0 9.99536 1 853.82 0.366209 0 0 0 
95000 100 1.73 0 10 26555.9 0 9.99541 1 847.2 0.35927 0 0 0 
96000 100 2.24 0 10 26914.1 0 9.99545 1 849.03 0.364081 0 0 0 
97000 100 1.78 0 10 27268.3 0 9.9955 1 808.17 0.334891 0 0 0 
98000 100 1.98 0 10 27636.4 0 9.99555 1 808 0.336526 0 0 0 
99000 100 1.56 0 10 28019.9 0 9.99559 1 944.52 0.392955 0 0 0 
100000 100 2.21 0 10 28382.4 0 9.99564 1 791.97 0.330711 0 0 0 
101000 100 2.2 0 10 28741.1 0 9.99568 1 824.26 0.342507 0 0 0 
102000 100 1.47 0 10 29107 0 9.99572 1 988.96 0.410489 0 0 0 
103000 100 1.64 0 10 29496.4 0 9.99576 1 812.89 0.332211 0 0 0 
104000 100 1.8 0 10 29854.7 0 9.9958 1 958.35 0.39117 0 0 0 
105000 100 1.51 0 10 30199.5 0 9.99584 1 906.96 0.369413 0 0 0 
106000 100 2.23 0 10 30552.7 0 9.99588 1 862.09 0.352747 0 0 0 
107000 100 1.72 0 10 30926.1 0 9.99592 1 908.15 0.372958 0 0 0 
108000 100 1.76 0 10 31312.7 0 9.99596 1 828.49 0.340076 0 0 0 
109000 100 1.69 0 10 31676.9 0 9.996 1 792.39 0.328762 0 0 0 
110000 100 1.93 0 10 32051.8 0 9.99603 1 909.11 0.374778 0 0 0 
111000 100 2.04 0 10 32431.2 0 9.99607 1 817.23 0.332297 0 0 0 
112000 100 1.61 0 10 32808.2 0 9.9961 1 786.81 0.321934 0 0 0 
113000 100 1.46 0 10 33167.4 0 9.99614 1 821.7 0.329111 0 0 0 
114000 100 1.68 0 10 33539.5 0 9.99617 1 924.4 0.358619 0 0 0 
115000 100 1.55 0 10 33902.2 0 9.99621 1 939.11 0.365933 0 0 0 
116000 100 1.55 0 10 34245.7 0 9.99624 1 950.62 0.378171 0 0 0 
117000 100 1.79 0 10 34593 0 9.99627 1 891.62 0.359152 0 0 0 
118000 100 2.23 0 10 34948.6 0 9.9963 1 856.97 0.33949 0 0 0 
119000 100 2.6 0 10 35305.1 0 9.99633 1 928.59 0.360598 0 0 0 
120000 100 1.63 0 10 35677.3 0 9.99636 1 865.37 0.332229 0 0 0 
121000 100 1.6 0 10 36040.6 0 9.99639 1 864.36 0.335623 0 0 0 
122000 100 1.45 0 10 36383.9 0 9.99642 1 1058.89 0.414101 0 0 0 
123000 100 1.56 0 10 36753.5 0 9.99645 1 907.82 0.355046 0 0 0 
124000 100 1.61 0 10 37103.2 0 9.99648 1 858.81 0.330665 0 0 0 
125000 100 2.25 0 10 37471.8 0 9.99651 1 937.18 0.360994 0 0 0 
126000 100 1.89 0 10 37848.8 0 9.99654 1 793.8 0.302773 0 0 0 
127000 100 1.77 0 10 38221.5 0 9.99656 1 878.25 0.33165 0 0 0 
128000 100 1.79 0 10 38590.9 0 9.99659 1 679.14 0.261154 0 0 0 
129000 100 1.5 0 10 38982.6 0 9.99662 1 733.37 0.280171 0 0 0 
130000 100 1.85 0 10 39370.1 0 9.99664 1 794.14 0.308285 0 0 0 
131000 100 1.53 0 10 39749.5 0 9.99667 1 921.32 0.355117 0 0 0 
132000 100 1.65 0 10 40141.8 0 9.99669 1 766.1 0.294552 0 0 0 
133000 100 1.99 0 10 40503.8 0 9.99672 1 775.06 0.300553 0 0 0 
134000 100 1.74 0 10 40869.9 0 9.99674 1 973.21 0.381683 0 0 0 
135000 100 1.69 0 10 41246.7 0 9.99677 1 815.58 0.318832 0 0 0 
136000 100 1.35 0 10 41637.3 0 9.99679 1 733.39 0.290218 0 0 0 
137000 100 2.04 0 10 42010.8 0 9.99681 1 785.01 0.31265 0 0 0 
138000 100 1.94 0 10 42361.3 0 9.99684 1 890.84 0.346781 0 0 0 
139000 100 1.34 0 10 42708.3 0 9.99686 1 874.09 0.339452 0 0 0 
140000 100 1.9 0 10 43072.5 0 9.99688 1 903.62 0.346669 0 0 0 
141000 100 2.25 0 10 43424.2 0 9.9969 1 797.46 0.306925 0 0 0 
142000 100 1.72 0 10 43779.2 0 9.99693 1 804.35 0.308947 0 0 0 
143000 100 1.85 0 10 44145.7 0 9.99695 1 804.17 0.306325 0 0 0 
144000 100 1.68 0 10 44500 0 9.99697 1 907.8 0.345097 0 0 0 
145000 100 1.69 0 10 44842.1 0 9.99699 1 906.09 0.340606 0 0 0 
146000 100 2.63 0 10 45183.5 0 9.99701 1 1029.62 0.385181 0 0 0 
147000 100 2.58 0 10 45528.3 0 9.99703 1 958.55 0.361598 0 0 0 
148000 100 1.67 0 10 45869.6 0 9.99705 1 886.73 0.329959 0 0 0 
149000 100 2.03 0 10 46213.1 0 9.99707 1 1048.29 0.386264 0 0 0 
150000 100 1.62 0 10 46558.2 0 9.99709 1 774.45 0.291722 0 0 0 
151000 100 1.57 0 10 46892.5 0 9.99711 1 1035.17 0.388056 0 0 0 
152000 100 1.86 0 10 47222.5 0 9.99713 1 1037.98 0.387652 0 0 0 
153000 100 2.06 0 10 47589.4 0 9.99715 1 1048.13 0.383767 0 0 0 
154000 100 1.85 0 10 47947.9 0 9.99717 1 970.13 0.351879 0 0 0 
155000 100 1.67 0 10 48294.7 0 9.99718 1 966.73 0.346051 0 0 0 
156000 100 1.68 0 10 48636.6 0 9.9972 1 947.18 0.334493 0 0 0 
157000 100 2.07 0 10 48982 0 9.99722 1 870.76 0.309931 0 0 0 
158000 100 1.52 0 10 49336.7 0 9.99724 1 831.86 0.291214 0 0 0 
159000 100 1.85 0 10 49674.4 0 9.99726 1 865.52 0.294842 0 0 0 
160000 100 1.99 0 10 50040.7 0 9.99727 1 874.23 0.29997 0 0 0 
161000 100 1.96 0 10 50412.3 0 9.99729 1 888.67 0.298875 0 0 0 
162000 100 1.96 0 10 50772.2 0 9.99731 1 800.38 0.271397 0 0 0 
163000 100 2.14 0 10 51144.2 0 9.99732 1 917.87 0.316573 0 0 0 
164000 100 1.41 0 10 51488.8 0 9.99734 1 826.41 0.279403 0 0 0 
165000 100 1.73 0 10 51841.8 0 9.99736 1 948.37 0.314601 0 0 0 
166000 100 1.34 0 10 52217.1 0 9.99737 1 1018.71 0.333142 0 0 0 
167000 100 2.09 0 10 52565.6 0 9.99739 1 874.94 0.281443 0 0 0 
168000 100 1.9 0 10 52925.5 0 9.9974 1 852.97 0.270993 0 0 0 
169000 100 1.58 0 10 53343 0 9.99742 1 773.12 0.246429 0 0 0 
170000 100 1.51 0 10 53714 0 9.99743 1 863.94 0.275417 0 0 0 
171000 100 1.78 0 10 54063.8 0 9.99745 1 860.85 0.269396 0 0 0 
172000 100 1.72 0 10 54412.6 0 9.99746 1 788.6 0.245106 0 0 0 
173000 100 2.16 0 10 54758.6 0 9.99748 1 849.63 0.265663 0 0 0 
174000 100 1.61 0 10 55118.5 0 9.99749 1 751.09 0.233571 0 0 0 
175000 100 2.09 0 10 55478.6 0 9.99751 1 823.78 0.256397 0 0 0 
176000 100 1.79 0 10 55872.2 0 9.99752 1 743.63 0.237844 0 0 0 
177000 100 2.4 0 10 56260.9 0 9.99753 1 987.1 0.314055 0 0 0 
178000 100 2.04 0 10 56656.9 0 9.99755 1 853.98 0.268798 0 0 0 
179000 100 1.73 0 10 57033 0 9.99756 1 861.44 0.266354 0 0 0 
180000 100 1.53 0 10 57420.4 0 9.99758 1 818.36 0.251222 0 0 0 
181000 100 2.09 0 10 57767.7 0 9.99759 1 804.44 0.245175 0 0 0 
182000 100 1.77 0 10 58149.1 0 9.9976 1 1039.04 0.313156 0 0 0 
183000 100 1.58 0 10 58543.9 0 9.99762 1 783.23 0.23734 0 0 0 
184000 100 2.03 0 10 58922.8 0 9.99763 1 997.59 0.299429 0 0 0 
185000 100 1.47 0 10 59316.2 0 9.99764 1 813.65 0.243816 0 0 0 
186000 100 1.91 0 10 59694.5 0 9.99765 1 810.12 0.244669 0 0 0 
187000 100 1.64 0 10 60071.2 0 9.99767 1 850.88 0.255793 0 0 0 
188000 100 2.27 0 10 60478.7 0 9.99768 1 852.45 0.259016 0 0 0 
189000 100 1.53 0 10 60835.1 0 9.99769 1 737.26 0.223483 0 0 0 
190000 100 1.38 0 10 61228.5 0 9.9977 1 857.24 0.257633 0 0 0 
191000 100 1.77 0 10 61597.5 0 9.99772 1 947.14 0.285909 0 0 0 
192000 100 1.88 0 10 61962.1 0 9.99773 1 877.07 0.259626 0 0 0 
193000 100 1.8 0 10 62317.2 0 9.99774 1 774.21 0.228082 0 0 0 
194000 100 2.06 0 10 62677.5 0 9.99775 1 927.88 0.274637 0 0 0 
195000 100 1.94 0 10 63051.6 0 9.99776 1 891.58 0.268745 0 0 0 
196000 100 1.56 0 10 63411.6 0 9.99777 1 961.67 0.288552 0 0 0 
197000 100 2.04 0 10 63788.3 0 9.99778 1 893.24 0.264279 0 0 0 
198000 100 1.5 0 10 64170.1 0 9.9978 1 843.49 0.247804 0 0 0 
199000 100 1.85 0 10 64520.1 0 9.99781 1 1011.88 0.295853 0 0 0 
200000 100 1.69 0 10 64868.9 0 9.99782 1 845.13 0.246639 0 0 0 
201000 100 1.7 0 10 65227.2 0 9.99783 1 813.47 0.238839 0 0 0 
202000 100 2.23 0 10 65596.1 0 9.99784 1 794.2 0.237025 0 0 0 
203000 100 2.3 0 10 65967.7 0 9.99785 1 832.56 0.249459 0 0 0 
204000 100 1.78 0 10 66368 0 9.99786 1 907.8 0.267725 0 0 0 
205000 100 2.56 0 10 66722.5 0 9.99787 1 905.48 0.266973 0 0 0 
206000 100 1.41 0 10 67072.5 0 9.99788 1 939.86 0.272986 0 0 0 
207000 100 2.09 0 10 67455.4 0 9.99789 1 902.27 0.264657 0 0 0 
208000 100 1.67 0 10 67837.9 0 9.9979 1 840.09 0.249349 0 0 0 
209000 100 1.79 0 10 68234.7 0 9.99791 1 780 0.235972 0 0 0 
210000 100 2.46 0 10 68611.1 0 9.99792 1 806.28 0.243257 0 0 0 
211000 100 1.83 0 10 68989.5 0 9.99793 1 767.54 0.231512 0 0 0 
212000 100 1.79 0 10 69369.6 0 9.99794 1 916.99 0.276085 0 0 0 
213000 100 1.77 0 10 69750 0 9.99795 1 871.27 0.25735 0 0 0 
214000 100 1.7 0 10 70110.6 0 9.99796 1 889.09 0.262173 0 0 0 
215000 100 1.52 0 10 70489.6 0 9.99797 1 835.51 0.246784 0 0 0 
216000 100 1.74 0 10 70876.8 0 9.99798 1 903.13 0.265677 0 0 0 
217000 100 2.45 0 10 71242.8 0 9.99799 1 941.47 0.277731 0 0 0 
218000 100 2.12 0 10 71601.3 0 9.998 1 1055.69 0.308063 0 0 0 
219000 100 1.88 0 10 71979.7 0 9.99801 1 961.05 0.276933 0 0 0 
220000 100 1.45 0 10 72348 0 9.99802 1 907.25 0.259712 0 0 0 
221000 100 2.16 0 10 72744.4 0 9.99803 1 901.59 0.256726 0 0 0 
222000 100 2.19 0 10 73119.3 0 9.99803 1 929.97 0.262671 0 0 0 
223000 100 2.32 0 10 73490.2 0 9.99804 1 863.72 0.241491 0 0 0 
224000 100 1.73 0 10 73842 0 9.99805 1 884.39 0.249164 0 0 0 
225000 100 2.29 0 10 74223.3 0 9.99806 1 795.98 0.221103 0 0 0 
226000 100 1.3 0 10 74584.4 0 9.99807 1 943.95 0.263366 0 0 0 
227000 100 1.61 0 10 74945.5 0 9.99808 1 977.3 0.273698 0 0 0 
228000 100 1.75 0 10 75323.8 0 9.99809 1 745.81 0.207416 0 0 0 
229000 100 2.52 0 10 75664.2 0 9.99809 1 801.83 0.222373 0 0 0 
230000 100 1.65 0 10 76029.7 0 9.9981 1 801.54 0.222396 0 0 0 
231000 100 1.79 0 10 76385.7 0 9.99811 1 923.49 0.251638 0 0 0 
232000 100 1.51 0 10 76751 0 9.99812 1 773.44 0.208397 0 0 0 
233000 100 1.93 0 10 77127.6 0 9.99813 1 739.89 0.197809 0 0 0 
234000 100 1.12 0 10 77498 0 9.99814 1 819.04 0.218328 0 0 0 
235000 100 1.96 0 10 77875 0 9.99814 1 791.33 0.213019 0 0 0 
236000 100 2.08 0 10 78281.7 0 9.99815 1 850.7 0.230016 0 0 0 
237000 100 1.97 0 10 78659.4 0 9.99816 1 884.93 0.239194 0 0 0 
238000 100 1.72 0 10 79019.2 0 9.99817 1 899.7 0.242161 0 0 0 
239000 100 1.65 0 10 79382.9 0 9.99817 1 958.04 0.256207 0 0 0 
240000 100 1.31 0 10 79726.1 0 9.99818 1 789.16 0.209583 0 0 0 
241000 100 2.21 0 10 80087.9 0 9.99819 1 811.9 0.215572 0 0 0 
242000 100 1.69 0 10 80432.9 0 9.9982 1 984.04 0.263445 0 0 0 
243000 100 1.56 0 10 80797.6 0 9.9982 1 812.61 0.216913 0 0 0 
244000 100 2.3 0 10 81162.1 0 9.99821 1 952.81 0.253328 0 0 0 
245000 100 2.03 0 10 81511.8 0 9.99822 1 955.91 0.25204 0 0 0 
246000 100 1.93 0 10 81852 0 9.99823 1 871.97 0.228389 0 0 0 
247000 100 1.77 0 10 82193 0 9.99823 1 854.94 0.221346 0 0 0 
248000 100 1.5 0 10 82551.7 0 9.99824 1 991.99 0.255699 0 0 0 
249000 100 1.45 0 10 82932.2 0 9.99825 1 835.24 0.216789 0 0 0 
250000 100 1.84 0 10 83309.5 0 9.99825 1 865.93 0.22416 0 0 0 