# Avida Average Deme Data
# Thu Apr 17 11:50:23 2014
#  1: Update
#  2: Count
#  3: Age
#  4: Births
#  5: Organisms
#  6: Generation
#  7: Births (at last replication)
#  8: Organisms (at last replication)
#  9: Merit
# 10: Gestation Time
# 11: Time Used (normalized by org fitness)
# 12: Generations between current and last founders
# 13: Events killed
# 14: Attempts to kill event

0 100 0 0 1 0 0 0 1 0 0 0 0 0 
1000 100 24.26 0 10 22.04 0 9.52008 1 13757.5 11.8525 0 0 0 
2000 100 23.16 0 10 44.35 0 9.75992 1 14242.4 12.2137 0 0 0 
3000 100 21.43 0 10 68.05 0 9.83992 1 13019.5 11.1277 0 0 0 
4000 100 21.37 0 10 92.76 0 9.87993 1 13372.3 11.3282 0 0 0 
5000 100 26.68 0 10 120.19 0 9.90394 1 13404.6 11.1571 0 0 0 
6000 100 27.14 0 10 144.88 0 9.91995 1 14864.4 12.2764 0 0 0 
7000 100 22.48 0 10 168.41 0 9.93138 1 13094.5 10.843 0 0 0 
8000 100 24.13 0 10 193.04 0 9.93996 1 13944.4 11.6874 0 0 0 
9000 100 24.1 0 10 219.2 0 9.94663 1 13610.6 11.3844 0 0 0 
10000 100 19.9 0 10 247.83 0 9.95196 1 12784.2 10.6948 0 0 0 
11000 100 20.03 0 10 273.28 0 9.95633 1 12545.1 10.4806 0 0 0 
12000 100 23.43 0 10 300.8 0 9.95997 1 11319.3 9.48135 0 0 0 
13000 100 22.06 0 10 327.03 0 9.96305 1 12584.5 10.3665 0 0 0 
14000 100 24.77 0 10 353.8 0 9.96569 1 12053.7 9.9574 0 0 0 
15000 100 21.97 0 10 379.62 0 9.96798 1 11904.5 9.83428 0 0 0 
16000 100 21.34 0 10 405.85 0 9.96998 1 12028.4 9.86268 0 0 0 
17000 100 17.01 0 10 433.85 0 9.97174 1 11842.7 9.59908 0 0 0 
18000 100 27.07 0 10 459.54 0 9.97331 1 11647.1 9.32706 0 0 0 
19000 100 23.3 0 10 484.26 0 9.97472 1 12457.1 9.95315 0 0 0 
20000 100 20.9 0 10 509.9 0 9.97598 1 15080.7 12.1445 0 0 0 
21000 100 23.89 0 10 536.24 0 9.97712 1 11069.4 8.82263 0 0 0 
22000 100 20.86 0 10 562.09 0 9.97816 1 13903 11.1855 0 0 0 
23000 100 17.49 0 10 590.6 0 9.97911 1 12397.5 9.85099 0 0 0 
24000 100 18.15 0 10 625.9 0 9.97998 1 9705.73 7.98727 0 0 0 
25000 100 18.7 0 10 661.07 0 9.98078 1 9028.86 7.52032 0 0 0 
26000 100 17.56 0 10 691.24 0 9.98152 1 9314.5 7.87071 0 0 0 
27000 100 14.13 0 10 726.02 0 9.98221 1 9082.38 7.71558 0 0 0 
28000 100 16.12 0 10 760.14 0 9.98284 1 8895.14 7.51759 0 0 0 
29000 100 13.92 0 10 793.06 0 9.98344 1 9200.3 7.83001 0 0 0 
30000 100 14.1 0 10 828.01 0 9.98399 1 8669.53 7.35724 0 0 0 
31000 100 19.25 0 10 863.66 0 9.9845 1 9578.39 7.92738 0 0 0 
32000 100 15.91 0 10 899.01 0 9.98499 1 9279.72 7.66694 0 0 0 
33000 100 19.09 0 10 933.74 0 9.98544 1 9800.04 8.04147 0 0 0 
34000 100 15.92 0 10 970.78 0 9.98587 1 9481.45 7.81238 0 0 0 
35000 100 18.35 0 10 1006 0 9.98627 1 9150.21 7.45497 0 0 0 
36000 100 13.53 0 10 1039.35 0 9.98666 1 9855.1 8.00347 0 0 0 
37000 100 12.69 0 10 1076.87 0 9.98702 1 8527.03 7.09508 0 0 0 
38000 100 12.59 0 10 1112.94 0 9.98736 1 7847.34 6.49018 0 0 0 
39000 100 15.32 0 10 1153.85 0 9.98768 1 9294.7 7.59935 0 0 0 
40000 100 16.59 0 10 1190.65 0 9.98799 1 8882.29 7.22804 0 0 0 
41000 100 15.64 0 10 1229.07 0 9.98828 1 7651.54 6.13971 0 0 0 
42000 100 18.81 0 10 1264.67 0 9.98856 1 8683.69 6.95812 0 0 0 
43000 100 13.52 0 10 1298.34 0 9.98883 1 8491.76 6.88579 0 0 0 
44000 100 16.2 0 10 1334.26 0 9.98908 1 9140.2 7.29591 0 0 0 
45000 100 14.98 0 10 1368.37 0 9.98932 1 7649.1 6.23881 0 0 0 
46000 100 13.11 0 10 1408.34 0 9.98956 1 8321.16 6.60153 0 0 0 
47000 100 15.83 0 10 1445.05 0 9.98978 1 8531.7 6.72762 0 0 0 
48000 100 15.89 0 10 1480.9 0 9.98999 1 8068.37 6.3112 0 0 0 
49000 100 16.2 0 10 1514.24 0 9.9902 1 8259.49 6.42788 0 0 0 
50000 100 14.73 0 10 1547.49 0 9.99039 1 8628.95 6.71722 0 0 0 
51000 100 15.68 0 10 1582.9 0 9.99058 1 8863.21 6.86909 0 0 0 
52000 100 16.29 0 10 1620.41 0 9.99076 1 9585.28 7.39947 0 0 0 
53000 100 14.25 0 10 1655.4 0 9.99094 1 8709.9 6.74415 0 0 0 
54000 100 15.81 0 10 1690.54 0 9.9911 1 8710.56 6.71829 0 0 0 
55000 100 15.14 0 10 1728.02 0 9.99127 1 8561 6.52595 0 0 0 
56000 100 16.17 0 10 1766.01 0 9.99142 1 8356.6 6.38914 0 0 0 
57000 100 16.93 0 10 1801.94 0 9.99157 1 8672.74 6.58444 0 0 0 
58000 100 18.25 0 10 1838.94 0 9.99172 1 8699.76 6.63308 0 0 0 
59000 100 16.06 0 10 1874.51 0 9.99186 1 7974.53 6.05032 0 0 0 
60000 100 16.08 0 10 1908.69 0 9.99199 1 8909.25 6.74273 0 0 0 
61000 100 16.5 0 10 1946.48 0 9.99212 1 8310.72 6.29214 0 0 0 
62000 100 14.26 0 10 1981.93 0 9.99225 1 9122.71 6.87759 0 0 0 
63000 100 12.98 0 10 2021.3 0 9.99237 1 7932.75 5.95458 0 0 0 
64000 100 14.9 0 10 2057.99 0 9.99249 1 7665.13 5.757 0 0 0 
65000 100 15.47 0 10 2094.45 0 9.99261 1 8258.08 6.17686 0 0 0 
66000 100 17.36 0 10 2131.2 0 9.99272 1 8006.05 6.03644 0 0 0 
67000 100 16.47 0 10 2168.99 0 9.99283 1 9458.65 7.12943 0 0 0 
68000 100 15.93 0 10 2202.75 0 9.99294 1 8759.76 6.57607 0 0 0 
69000 100 12.75 0 10 2238.08 0 9.99304 1 8506.59 6.35258 0 0 0 
70000 100 17.56 0 10 2272.7 0 9.99314 1 9354.62 6.93839 0 0 0 
71000 100 14.17 0 10 2309.46 0 9.99323 1 8977.51 6.58 0 0 0 
72000 100 16.06 0 10 2344.24 0 9.99333 1 8046.45 5.91734 0 0 0 
73000 100 15.1 0 10 2379.66 0 9.99342 1 8676.95 6.38801 0 0 0 
74000 100 18.86 0 10 2414.33 0 9.99351 1 8724.69 6.45597 0 0 0 
75000 100 16.04 0 10 2447.99 0 9.99359 1 9029.8 6.71793 0 0 0 
76000 100 15.28 0 10 2484.58 0 9.99368 1 9716.7 7.186 0 0 0 
77000 100 14.96 0 10 2521.97 0 9.99376 1 8076.3 5.87182 0 0 0 
78000 100 17.28 0 10 2562.14 0 9.99384 1 7687.2 5.52445 0 0 0 
79000 100 14.85 0 10 2598.47 0 9.99392 1 8219.52 5.89939 0 0 0 
80000 100 18.98 0 10 2635.26 0 9.994 1 8600.85 6.21903 0 0 0 
81000 100 15.63 0 10 2669.91 0 9.99407 1 10224.8 7.35914 0 0 0 
82000 100 15.17 0 10 2700.12 0 9.99414 1 9656.58 6.9746 0 0 0 
83000 100 16.59 0 10 2741.29 0 9.99421 1 8058.03 5.74905 0 0 0 
84000 100 18.34 0 10 2777.26 0 9.99428 1 8549.47 6.08979 0 0 0 
85000 100 15 0 10 2818.71 0 9.99435 1 7914.19 5.59836 0 0 0 
86000 100 19.74 0 10 2851.77 0 9.99441 1 8758.86 6.18481 0 0 0 
87000 100 17.05 0 10 2887.47 0 9.99448 1 8319.55 5.92296 0 0 0 
88000 100 15.12 0 10 2925.95 0 9.99454 1 8272.12 5.79631 0 0 0 
89000 100 14.01 0 10 2958.35 0 9.9946 1 8841.9 6.18005 0 0 0 
90000 100 14.43 0 10 2995.49 0 9.99466 1 8286.22 5.80148 0 0 0 
91000 100 20.32 0 10 3029.79 0 9.99472 1 8713.65 6.07897 0 0 0 
92000 100 14.59 0 10 3064.86 0 9.99478 1 8639.17 5.90725 0 0 0 
93000 100 16.83 0 10 3100.02 0 9.99483 1 8994.48 6.11415 0 0 0 
94000 100 15.24 0 10 3137.53 0 9.99489 1 8673.64 5.9286 0 0 0 
95000 100 18.22 0 10 3171.52 0 9.99494 1 8881.79 6.15414 0 0 0 
96000 100 17.86 0 10 3205.16 0 9.995 1 9050.99 6.26364 0 0 0 
97000 100 14.21 0 10 3242.68 0 9.99505 1 7989.35 5.53659 0 0 0 
98000 100 17.33 0 10 3278.07 0 9.9951 1 8775.66 6.03344 0 0 0 
99000 100 18 0 10 3316.88 0 9.99515 1 9267.24 6.2924 0 0 0 
100000 100 19.63 0 10 3352.65 0 9.9952 1 8282.44 5.62978 0 0 0 
101000 100 18.9 0 10 3390.92 0 9.99524 1 8183.85 5.5638 0 0 0 
102000 100 16.39 0 10 3426.61 0 9.99529 1 8513.62 5.7885 0 0 0 
103000 100 12.15 0 10 3463.82 0 9.99534 1 8508.53 5.76592 0 0 0 
104000 100 17.9 0 10 3501.04 0 9.99538 1 8773.58 5.88473 0 0 0 
105000 100 15.31 0 10 3536.4 0 9.99542 1 8210.83 5.45264 0 0 0 
106000 100 15.53 0 10 3572.61 0 9.99547 1 8172.68 5.35529 0 0 0 
107000 100 17.13 0 10 3608.95 0 9.99551 1 9076.59 5.91881 0 0 0 
108000 100 16.26 0 10 3644.32 0 9.99555 1 9015.58 5.8668 0 0 0 
109000 100 16.97 0 10 3682.07 0 9.99559 1 8265.95 5.34593 0 0 0 
110000 100 16.13 0 10 3718.55 0 9.99563 1 8079.7 5.18074 0 0 0 
111000 100 14.69 0 10 3752.52 0 9.99567 1 8762.72 5.60733 0 0 0 
112000 100 18.89 0 10 3788.26 0 9.99571 1 8138.04 5.19582 0 0 0 
113000 100 16.23 0 10 3824.09 0 9.99575 1 8576.95 5.42562 0 0 0 
114000 100 14.66 0 10 3856.69 0 9.99579 1 8692.06 5.48455 0 0 0 
115000 100 16.78 0 10 3889.07 0 9.99582 1 9634.88 6.08995 0 0 0 
116000 100 14.9 0 10 3924.22 0 9.99586 1 8256.15 5.23422 0 0 0 
117000 100 11.26 0 10 3965.34 0 9.99589 1 5403.31 3.42115 0 0 0 
118000 100 8.33 0 10 4048.55 0 9.99593 1 4032.93 2.55783 0 0 0 
119000 100 4.56 0 10 4191.55 0 9.99596 1 2366.08 1.50179 0 0 0 
120000 100 3.08 0 10 4358.02 0 9.996 1 1462.95 0.939333 0 0 0 
121000 100 4.03 0 10 4561.01 0 9.99603 1 1580.9 1.00023 0 0 0 
122000 100 3.04 0 10 4796.12 0 9.99606 1 1449.68 0.912012 0 0 0 
123000 100 2.68 0 10 5038.44 0 9.99609 1 1343.83 0.856775 0 0 0 
124000 100 1.65 0 10 5295.56 0 9.99613 1 1032.24 0.683538 0 0 0 
125000 100 1.88 0 10 5597.35 0 9.99616 1 1111.85 0.696976 0 0 0 
126000 100 2.04 0 10 5885.69 0 9.99619 1 1045.82 0.647657 0 0 0 
127000 100 1.96 0 10 6157.77 0 9.99622 1 1119.65 0.679917 0 0 0 
128000 100 2.17 0 10 6474.85 0 9.99625 1 1024.45 0.600517 0 0 0 
129000 100 1.72 0 10 6802.36 0 9.99628 1 866.55 0.514294 0 0 0 
130000 100 2.04 0 10 7103.97 0 9.9963 1 946.78 0.56746 0 0 0 
131000 100 1.81 0 10 7402.77 0 9.99633 1 894.06 0.53181 0 0 0 
132000 100 1.9 0 10 7721.15 0 9.99636 1 1029.15 0.602681 0 0 0 
133000 100 1.89 0 10 8023.38 0 9.99639 1 1013.86 0.598483 0 0 0 
134000 100 2.08 0 10 8341.18 0 9.99641 1 952.82 0.551439 0 0 0 
135000 100 2.23 0 10 8672.13 0 9.99644 1 1165.3 0.670114 0 0 0 
136000 100 1.98 0 10 8993.8 0 9.99647 1 994.98 0.571491 0 0 0 
137000 100 2.1 0 10 9329.12 0 9.99649 1 904.62 0.511137 0 0 0 
138000 100 1.83 0 10 9646.6 0 9.99652 1 888.93 0.494235 0 0 0 
139000 100 1.99 0 10 9950.24 0 9.99654 1 1121.37 0.623447 0 0 0 
140000 100 1.49 0 10 10253.9 0 9.99657 1 1172.83 0.649495 0 0 0 
141000 100 2.14 0 10 10541.1 0 9.99659 1 1116.14 0.602964 0 0 0 
142000 100 1.66 0 10 10814.1 0 9.99662 1 1185.79 0.641251 0 0 0 
143000 100 2.27 0 10 11095.1 0 9.99664 1 978.88 0.53725 0 0 0 
144000 100 2.08 0 10 11391.2 0 9.99666 1 1090 0.591788 0 0 0 
145000 100 1.77 0 10 11671.1 0 9.99669 1 1120.11 0.59018 0 0 0 
146000 100 2.23 0 10 11984.2 0 9.99671 1 1023.03 0.539054 0 0 0 
147000 100 1.78 0 10 12283.6 0 9.99673 1 964.58 0.501235 0 0 0 
148000 100 1.43 0 10 12582.1 0 9.99675 1 1018.55 0.526192 0 0 0 
149000 100 2.12 0 10 12892 0 9.99678 1 921.13 0.477596 0 0 0 
150000 100 1.94 0 10 13200.7 0 9.9968 1 916.49 0.466897 0 0 0 
151000 100 1.74 0 10 13506.4 0 9.99682 1 1169.1 0.605986 0 0 0 
152000 100 1.87 0 10 13827.6 0 9.99684 1 962.06 0.487524 0 0 0 
153000 100 1.93 0 10 14143.8 0 9.99686 1 971.98 0.491072 0 0 0 
154000 100 1.79 0 10 14457.4 0 9.99688 1 983.52 0.504921 0 0 0 
155000 100 1.82 0 10 14794 0 9.9969 1 1056.83 0.545317 0 0 0 
156000 100 1.57 0 10 15095.2 0 9.99692 1 853.27 0.440311 0 0 0 
157000 100 2.48 0 10 15402 0 9.99694 1 987.15 0.50575 0 0 0 
158000 100 1.74 0 10 15737.3 0 9.99696 1 960.32 0.487698 0 0 0 
159000 100 1.65 0 10 16058.3 0 9.99698 1 1063.75 0.546091 0 0 0 
160000 100 2.03 0 10 16389.2 0 9.997 1 996.15 0.498426 0 0 0 
161000 100 2.43 0 10 16688.9 0 9.99702 1 917.54 0.471361 0 0 0 
162000 100 1.94 0 10 17008.6 0 9.99703 1 1055.8 0.539036 0 0 0 
163000 100 2.13 0 10 17340.8 0 9.99705 1 996.75 0.48953 0 0 0 
164000 100 2.12 0 10 17654.3 0 9.99707 1 1034.28 0.50362 0 0 0 
165000 100 2.5 0 10 17965.2 0 9.99709 1 1088.08 0.536893 0 0 0 
166000 100 1.68 0 10 18261.8 0 9.99711 1 989.23 0.4818 0 0 0 
167000 100 2.19 0 10 18577.8 0 9.99712 1 1151.15 0.557825 0 0 0 
168000 100 2.13 0 10 18910.5 0 9.99714 1 919.66 0.440506 0 0 0 
169000 100 2.04 0 10 19246.9 0 9.99716 1 962.96 0.46789 0 0 0 
170000 100 2.97 0 10 19529.3 0 9.99717 1 1083.91 0.518953 0 0 0 
171000 100 2.28 0 10 19857.2 0 9.99719 1 958.94 0.460895 0 0 0 
172000 100 1.34 0 10 20181.4 0 9.99721 1 1016.67 0.488931 0 0 0 
173000 100 2.08 0 10 20512.4 0 9.99722 1 1020.83 0.492489 0 0 0 
174000 100 2.53 0 10 20849.8 0 9.99724 1 1078.76 0.512805 0 0 0 
175000 100 1.53 0 10 21185.2 0 9.99725 1 883.29 0.422959 0 0 0 
176000 100 1.83 0 10 21521.5 0 9.99727 1 1052.25 0.498518 0 0 0 
177000 100 2.25 0 10 21860.4 0 9.99729 1 1049.16 0.486541 0 0 0 
178000 100 1.89 0 10 22169.7 0 9.9973 1 918.99 0.426832 0 0 0 
179000 100 1.96 0 10 22493.5 0 9.99732 1 1043.56 0.48125 0 0 0 
180000 100 1.92 0 10 22827.4 0 9.99733 1 956 0.433081 0 0 0 
181000 100 1.8 0 10 23163.8 0 9.99735 1 981.92 0.444716 0 0 0 
182000 100 1.86 0 10 23476.3 0 9.99736 1 1001.14 0.460619 0 0 0 
183000 100 2.62 0 10 23816.7 0 9.99737 1 872.51 0.407219 0 0 0 
184000 100 2.17 0 10 24126.5 0 9.99739 1 971.2 0.44033 0 0 0 
185000 100 2.19 0 10 24453.8 0 9.9974 1 1169.69 0.532207 0 0 0 
186000 100 2.19 0 10 24759.2 0 9.99742 1 895.66 0.405007 0 0 0 
187000 100 2.22 0 10 25062.2 0 9.99743 1 906.21 0.408644 0 0 0 
188000 100 2.97 0 10 25392.1 0 9.99744 1 1223.76 0.552721 0 0 0 
189000 100 1.98 0 10 25718.8 0 9.99746 1 1065.3 0.466593 0 0 0 
190000 100 1.67 0 10 26035.5 0 9.99747 1 880.21 0.395871 0 0 0 
191000 100 2.17 0 10 26362.2 0 9.99748 1 1189.99 0.521758 0 0 0 
192000 100 1.89 0 10 26703.8 0 9.9975 1 1118.95 0.483976 0 0 0 
193000 100 2.43 0 10 26992.3 0 9.99751 1 936.89 0.393269 0 0 0 
194000 100 2.53 0 10 27307 0 9.99752 1 927.5 0.382356 0 0 0 
195000 100 1.92 0 10 27648 0 9.99754 1 922.02 0.379272 0 0 0 
196000 100 1.64 0 10 27976.5 0 9.99755 1 871.05 0.355537 0 0 0 
197000 100 2.05 0 10 28301.1 0 9.99756 1 972.64 0.400727 0 0 0 
198000 100 2.01 0 10 28607.8 0 9.99757 1 1029.75 0.418386 0 0 0 
199000 100 2.15 0 10 28924.3 0 9.99759 1 1060.25 0.423487 0 0 0 
200000 100 1.71 0 10 29247.5 0 9.9976 1 1039.2 0.415172 0 0 0 
201000 100 1.67 0 10 29552.2 0 9.99761 1 1084.26 0.437 0 0 0 
202000 100 1.67 0 10 29883.5 0 9.99762 1 981.13 0.39297 0 0 0 
203000 100 2.07 0 10 30208.9 0 9.99763 1 905.4 0.370074 0 0 0 
204000 100 1.52 0 10 30524.1 0 9.99765 1 1073.55 0.435587 0 0 0 
205000 100 2.2 0 10 30836.1 0 9.99766 1 931.52 0.374171 0 0 0 
206000 100 1.95 0 10 31180.1 0 9.99767 1 942.98 0.36991 0 0 0 
207000 100 1.58 0 10 31522.4 0 9.99768 1 903.21 0.352582 0 0 0 
208000 100 2.23 0 10 31849.8 0 9.99769 1 976.56 0.383923 0 0 0 
209000 100 1.97 0 10 32181.7 0 9.9977 1 1010.08 0.393169 0 0 0 
210000 100 2.1 0 10 32537.9 0 9.99771 1 885.32 0.341865 0 0 0 
211000 100 2.42 0 10 32862.8 0 9.99772 1 1059.42 0.401744 0 0 0 
212000 100 1.82 0 10 33162.7 0 9.99773 1 1131.9 0.431096 0 0 0 
213000 100 1.84 0 10 33485.8 0 9.99774 1 1073.51 0.409102 0 0 0 
214000 100 1.43 0 10 33817.6 0 9.99776 1 1025.57 0.387218 0 0 0 
215000 100 1.78 0 10 34142.3 0 9.99777 1 888.26 0.338082 0 0 0 
216000 100 2.28 0 10 34456.2 0 9.99778 1 1058.98 0.401123 0 0 0 
217000 100 2.07 0 10 34786.5 0 9.99779 1 1046.52 0.393043 0 0 0 
218000 100 1.96 0 10 35116.3 0 9.9978 1 962.57 0.358068 0 0 0 
219000 100 1.96 0 10 35415.3 0 9.99781 1 884.69 0.331139 0 0 0 
220000 100 1.56 0 10 35729.3 0 9.99782 1 1015.48 0.376073 0 0 0 
221000 100 2.62 0 10 36030.5 0 9.99783 1 958.98 0.357692 0 0 0 
222000 100 1.52 0 10 36344.1 0 9.99784 1 994.36 0.368215 0 0 0 
223000 100 2.19 0 10 36687 0 9.99785 1 1104.9 0.406201 0 0 0 
224000 100 1.87 0 10 37018.6 0 9.99786 1 938.12 0.342938 0 0 0 
225000 100 1.73 0 10 37322.5 0 9.99786 1 918.75 0.333579 0 0 0 
226000 100 1.57 0 10 37630.8 0 9.99787 1 1068.93 0.381399 0 0 0 
227000 100 1.81 0 10 37937.3 0 9.99788 1 1157.76 0.408298 0 0 0 
228000 100 2.59 0 10 38278.8 0 9.99789 1 879.88 0.312468 0 0 0 
229000 100 1.96 0 10 38605.5 0 9.9979 1 992 0.343929 0 0 0 
230000 100 2.07 0 10 38941.1 0 9.99791 1 1042 0.358492 0 0 0 
231000 100 1.91 0 10 39265.3 0 9.99792 1 1023.08 0.351554 0 0 0 
232000 100 2.3 0 10 39582.6 0 9.99793 1 1049.01 0.355912 0 0 0 
233000 100 1.44 0 10 39910.1 0 9.99794 1 994.33 0.335022 0 0 0 
234000 100 2.39 0 10 40237.7 0 9.99795 1 903.75 0.301912 0 0 0 
235000 100 2.06 0 10 40540.8 0 9.99796 1 1106.12 0.362637 0 0 0 
236000 100 1.77 0 10 40832 0 9.99796 1 1212.88 0.389323 0 0 0 
237000 100 1.79 0 10 41153.5 0 9.99797 1 1037.39 0.333366 0 0 0 
238000 100 1.52 0 10 41482.8 0 9.99798 1 973.15 0.314264 0 0 0 
239000 100 2.01 0 10 41782.2 0 9.99799 1 1067.79 0.343529 0 0 0 
240000 100 2.23 0 10 42107.2 0 9.998 1 981.9 0.315971 0 0 0 
241000 100 1.96 0 10 42415.9 0 9.99801 1 937.12 0.297485 0 0 0 
242000 100 1.88 0 10 42737.9 0 9.99801 1 934.76 0.290345 0 0 0 
243000 100 1.91 0 10 43062.7 0 9.99802 1 924.23 0.28628 0 0 0 
244000 100 1.66 0 10 43398.1 0 9.99803 1 892.71 0.275158 0 0 0 
245000 100 1.94 0 10 43711 0 9.99804 1 879.09 0.268461 0 0 0 
246000 100 2.3 0 10 44028.1 0 9.99805 1 986.44 0.304292 0 0 0 
247000 100 2.08 0 10 44350.6 0 9.99806 1 822.15 0.255264 0 0 0 
248000 100 1.54 0 10 44641.8 0 9.99806 1 932.91 0.290522 0 0 0 
249000 100 1.78 0 10 44966.1 0 9.99807 1 937.93 0.290209 0 0 0 
250000 100 2.09 0 10 45303.3 0 9.99808 1 901.85 0.276273 0 0 0 