# Avida Average Deme Data
# Tue Apr 22 00:01:26 2014
#  1: Update
#  2: Count
#  3: Age
#  4: Births
#  5: Organisms
#  6: Generation
#  7: Births (at last replication)
#  8: Organisms (at last replication)
#  9: Merit
# 10: Gestation Time
# 11: Time Used (normalized by org fitness)
# 12: Generations between current and last founders
# 13: Events killed
# 14: Attempts to kill event

0 100 0 0 1 0 0 0 1 0 0 0 0 0 
1000 100 23.3 0 10 22.06 0 9.54276 1 13372.8 11.5285 0 0 0 
2000 100 23.77 0 10 43.35 0 9.77126 1 13308.5 11.4537 0 0 0 
3000 100 23.26 0 10 66.31 0 9.84748 1 12109.5 10.4372 0 0 0 
4000 100 17.21 0 10 93.01 0 9.8856 1 12368.9 10.7098 0 0 0 
5000 100 17.2 0 10 121.46 0 9.90848 1 11040 9.64151 0 0 0 
6000 100 18.94 0 10 155.84 0 9.92373 1 9610.75 8.26731 0 0 0 
7000 100 17.27 0 10 187.94 0 9.93462 1 9945.61 8.48724 0 0 0 
8000 100 21.4 0 10 219.53 0 9.94279 1 10092.6 8.49947 0 0 0 
9000 100 15.71 0 10 253.14 0 9.94915 1 8352.04 7.07243 0 0 0 
10000 100 19.85 0 10 291.71 0 9.95423 1 8398.24 7.18563 0 0 0 
11000 100 17.12 0 10 333.9 0 9.95839 1 8301.71 7.01111 0 0 0 
12000 100 15.95 0 10 372.54 0 9.96186 1 8541.77 7.16825 0 0 0 
13000 100 15.44 0 10 410.33 0 9.9648 1 7993.56 6.75466 0 0 0 
14000 100 14.37 0 10 450.1 0 9.96731 1 8221.51 6.8519 0 0 0 
15000 100 13.21 0 10 490.91 0 9.96949 1 8105.06 6.73598 0 0 0 
16000 100 12.92 0 10 533.96 0 9.9714 1 7118.01 5.89998 0 0 0 
17000 100 14.17 0 10 577.96 0 9.97308 1 7221.99 5.91569 0 0 0 
18000 100 11.38 0 10 623.01 0 9.97457 1 6645.68 5.54743 0 0 0 
19000 100 11.22 0 10 671.46 0 9.97591 1 5897.01 4.90671 0 0 0 
20000 100 11.93 0 10 739.98 0 9.97712 1 4502.08 3.7507 0 0 0 
21000 100 7.4 0 10 808.65 0 9.97821 1 4511.79 3.75514 0 0 0 
22000 100 9.17 0 10 878.45 0 9.9792 1 4437.47 3.64821 0 0 0 
23000 100 6.7 0 10 946.02 0 9.9801 1 3997.35 3.2425 0 0 0 
24000 100 8.42 0 10 1011.19 0 9.98093 1 4617.04 3.74321 0 0 0 
25000 100 9.19 0 10 1085.05 0 9.98169 1 4969.56 3.87306 0 0 0 
26000 100 8.12 0 10 1152.42 0 9.9824 1 4313.05 3.37558 0 0 0 
27000 100 7.38 0 10 1223.05 0 9.98305 1 4475 3.48752 0 0 0 
28000 100 8.38 0 10 1292.75 0 9.98365 1 4533.19 3.45524 0 0 0 
29000 100 8.25 0 10 1361.39 0 9.98422 1 4882.2 3.64319 0 0 0 
30000 100 9.5 0 10 1429.41 0 9.98474 1 4752.69 3.52548 0 0 0 
31000 100 6.24 0 10 1498.85 0 9.98524 1 4350.24 3.26947 0 0 0 
32000 100 4.17 0 10 1627.42 0 9.9857 1 2057.65 1.57654 0 0 0 
33000 100 3.06 0 10 1838.34 0 9.98613 1 1143.48 0.895049 0 0 0 
34000 100 3.58 0 10 2083.99 0 9.98654 1 1482.11 1.14197 0 0 0 
35000 100 2.81 0 10 2337.28 0 9.98692 1 1344.84 1.04371 0 0 0 
36000 100 2.94 0 10 2595.17 0 9.98729 1 1210.62 0.908626 0 0 0 
37000 100 3.3 0 10 2856.94 0 9.98763 1 1114.81 0.826334 0 0 0 
38000 100 2.83 0 10 3123.62 0 9.98796 1 1029.66 0.770533 0 0 0 
39000 100 2.73 0 10 3378.4 0 9.98826 1 1262.76 0.928483 0 0 0 
40000 100 2.55 0 10 3667.64 0 9.98856 1 938.61 0.678938 0 0 0 
41000 100 2.36 0 10 3926.52 0 9.98884 1 1080.6 0.771977 0 0 0 
42000 100 1.82 0 10 4311.8 0 9.9891 1 862.54 0.613879 0 0 0 
43000 100 1.85 0 10 4663.4 0 9.98936 1 843.06 0.589265 0 0 0 
44000 100 1.77 0 10 5046.34 0 9.9896 1 958.49 0.663533 0 0 0 
45000 100 1.07 0 10 5413.47 0 9.98983 1 808.56 0.543077 0 0 0 
46000 100 1.76 0 10 5759.42 0 9.99005 1 923.39 0.612877 0 0 0 
47000 100 1.44 0 10 6144.5 0 9.99026 1 874.64 0.555321 0 0 0 
48000 100 1.65 0 10 6519.57 0 9.99046 1 858.86 0.522196 0 0 0 
49000 100 1.71 0 10 6894.38 0 9.99066 1 681.69 0.41802 0 0 0 
50000 100 1.39 0 10 7266.14 0 9.99085 1 920.65 0.559427 0 0 0 
51000 100 1.49 0 10 7642.39 0 9.99103 1 771.83 0.469004 0 0 0 
52000 100 1.45 0 10 8037.05 0 9.9912 1 1059.27 0.647531 0 0 0 
53000 100 1.49 0 10 8380.97 0 9.99136 1 858.27 0.512428 0 0 0 
54000 100 1.42 0 10 8721 0 9.99152 1 1028.52 0.592309 0 0 0 
55000 100 1.4 0 10 9064.05 0 9.99168 1 849.46 0.492472 0 0 0 
56000 100 1.61 0 10 9402.58 0 9.99183 1 919.69 0.530314 0 0 0 
57000 100 1.18 0 10 9739.32 0 9.99197 1 910.04 0.542865 0 0 0 
58000 100 1.85 0 10 10097.1 0 9.99211 1 936.88 0.55758 0 0 0 
59000 100 1.9 0 10 10447 0 9.99224 1 954.86 0.568965 0 0 0 
60000 100 1.52 0 10 10799.9 0 9.99237 1 810.44 0.46968 0 0 0 
61000 100 1.34 0 10 11158 0 9.9925 1 842.96 0.475186 0 0 0 
62000 100 1.55 0 10 11527.5 0 9.99262 1 905.07 0.498655 0 0 0 
63000 100 1.72 0 10 11910.8 0 9.99274 1 825.84 0.454519 0 0 0 
64000 100 1.85 0 10 12278 0 9.99285 1 897.36 0.487913 0 0 0 
65000 100 1.4 0 10 12633.6 0 9.99296 1 898.89 0.493483 0 0 0 
66000 100 1.09 0 10 13006.3 0 9.99307 1 920.66 0.510587 0 0 0 
67000 100 1.46 0 10 13354.9 0 9.99317 1 861.71 0.460126 0 0 0 
68000 100 1.89 0 10 13726.5 0 9.99327 1 787.61 0.412744 0 0 0 
69000 100 1.44 0 10 14105 0 9.99337 1 807.48 0.420346 0 0 0 
70000 100 1.82 0 10 14461.9 0 9.99346 1 881.29 0.442326 0 0 0 
71000 100 1.23 0 10 14821.7 0 9.99355 1 877.37 0.439621 0 0 0 
72000 100 1.25 0 10 15187.2 0 9.99364 1 888.62 0.447057 0 0 0 
73000 100 1.95 0 10 15562.6 0 9.99373 1 824.07 0.415398 0 0 0 
74000 100 1.37 0 10 15957.6 0 9.99381 1 838.92 0.42342 0 0 0 
75000 100 1.35 0 10 16345.6 0 9.9939 1 876.42 0.447464 0 0 0 
76000 100 1.37 0 10 16750.7 0 9.99398 1 744.75 0.378915 0 0 0 
77000 100 1.39 0 10 17128.2 0 9.99406 1 757.05 0.386306 0 0 0 
78000 100 1.09 0 10 17510 0 9.99413 1 789.03 0.390821 0 0 0 
79000 100 2.06 0 10 17892.9 0 9.99421 1 768.84 0.381942 0 0 0 
80000 100 1.58 0 10 18293 0 9.99428 1 710.26 0.355259 0 0 0 
81000 100 1.12 0 10 18694.5 0 9.99435 1 727.04 0.37858 0 0 0 
82000 100 1.04 0 10 19073.3 0 9.99442 1 820.85 0.428146 0 0 0 
83000 100 1.6 0 10 19483 0 9.99449 1 789.86 0.412251 0 0 0 
84000 100 1.2 0 10 19866.4 0 9.99455 1 830.41 0.432938 0 0 0 
85000 100 1.3 0 10 20262.6 0 9.99462 1 798.77 0.415498 0 0 0 
86000 100 1.4 0 10 20651.1 0 9.99468 1 852.57 0.444206 0 0 0 
87000 100 1.51 0 10 21069.9 0 9.99474 1 739.56 0.373128 0 0 0 
88000 100 1.43 0 10 21473.5 0 9.9948 1 789.79 0.381691 0 0 0 
89000 100 1.7 0 10 21861.6 0 9.99486 1 877.08 0.417464 0 0 0 
90000 100 1.2 0 10 22254.8 0 9.99491 1 850.45 0.39695 0 0 0 
91000 100 2.05 0 10 22643.7 0 9.99497 1 812.61 0.391294 0 0 0 
92000 100 1.79 0 10 23021.8 0 9.99503 1 752.36 0.35559 0 0 0 
93000 100 1.48 0 10 23380.8 0 9.99508 1 876.25 0.413071 0 0 0 
94000 100 1.19 0 10 23747.1 0 9.99513 1 779.28 0.353699 0 0 0 
95000 100 1.46 0 10 24123.5 0 9.99518 1 887.13 0.397356 0 0 0 
96000 100 1.4 0 10 24498 0 9.99523 1 802.24 0.350338 0 0 0 
97000 100 2.05 0 10 24886.3 0 9.99528 1 835.89 0.367294 0 0 0 
98000 100 1.29 0 10 25257.2 0 9.99533 1 835.64 0.36432 0 0 0 
99000 100 1.53 0 10 25642.6 0 9.99538 1 784.48 0.336489 0 0 0 
100000 100 1.47 0 10 26018.8 0 9.99542 1 850.22 0.359055 0 0 0 
101000 100 1.41 0 10 26378.9 0 9.99547 1 847.2 0.359274 0 0 0 
102000 100 1.36 0 10 26759 0 9.99551 1 777.91 0.325472 0 0 0 
103000 100 1.98 0 10 27137.7 0 9.99556 1 885.38 0.36828 0 0 0 
104000 100 1.26 0 10 27510.5 0 9.9956 1 790.53 0.324057 0 0 0 
105000 100 1.37 0 10 27880.4 0 9.99564 1 944.41 0.386947 0 0 0 
106000 100 1.35 0 10 28257.3 0 9.99568 1 824.98 0.328286 0 0 0 
107000 100 1.73 0 10 28628.2 0 9.99572 1 911.22 0.358329 0 0 0 
108000 100 1.23 0 10 28990.5 0 9.99576 1 825.69 0.322315 0 0 0 
109000 100 2.17 0 10 29360.3 0 9.9958 1 899.33 0.346608 0 0 0 
110000 100 1.49 0 10 29731.1 0 9.99584 1 876.98 0.344551 0 0 0 
111000 100 1.67 0 10 30115.4 0 9.99588 1 894.31 0.3448 0 0 0 
112000 100 1.12 0 10 30498.5 0 9.99591 1 885.78 0.335643 0 0 0 
113000 100 1.54 0 10 30897.9 0 9.99595 1 811.11 0.313263 0 0 0 
114000 100 1.73 0 10 31310.9 0 9.99599 1 820.84 0.316374 0 0 0 
115000 100 1.61 0 10 31702.7 0 9.99602 1 952.44 0.367674 0 0 0 
116000 100 1.58 0 10 32086.2 0 9.99605 1 763.89 0.296642 0 0 0 
117000 100 1.85 0 10 32463 0 9.99609 1 890.02 0.34077 0 0 0 
118000 100 1.53 0 10 32866.5 0 9.99612 1 909.14 0.343816 0 0 0 
119000 100 2.43 0 10 33217.1 0 9.99615 1 890.15 0.334961 0 0 0 
120000 100 1.92 0 10 33578.5 0 9.99619 1 1021.75 0.389054 0 0 0 
121000 100 1.95 0 10 33945.9 0 9.99622 1 841.55 0.315162 0 0 0 
122000 100 1.99 0 10 34281.2 0 9.99625 1 841.6 0.309046 0 0 0 
123000 100 1.48 0 10 34630.9 0 9.99628 1 788.95 0.289744 0 0 0 
124000 100 1.7 0 10 34994.7 0 9.99631 1 812.95 0.297607 0 0 0 
125000 100 1.45 0 10 35364.6 0 9.99634 1 824.31 0.29571 0 0 0 
126000 100 1.29 0 10 35719.9 0 9.99637 1 784.38 0.282553 0 0 0 
127000 100 1.33 0 10 36080.6 0 9.9964 1 803.63 0.286377 0 0 0 
128000 100 1.42 0 10 36468.3 0 9.99642 1 794.84 0.281979 0 0 0 
129000 100 1.5 0 10 36854.6 0 9.99645 1 804.44 0.292386 0 0 0 
130000 100 1.89 0 10 37260 0 9.99648 1 810.11 0.296996 0 0 0 
131000 100 1.92 0 10 37662.1 0 9.99651 1 887.98 0.317978 0 0 0 
132000 100 1.36 0 10 38036.1 0 9.99653 1 814.56 0.291138 0 0 0 
133000 100 1.55 0 10 38414.1 0 9.99656 1 759.14 0.268659 0 0 0 
134000 100 1.44 0 10 38791.6 0 9.99658 1 874.66 0.307846 0 0 0 
135000 100 1.56 0 10 39189 0 9.99661 1 941.41 0.326991 0 0 0 
136000 100 1.67 0 10 39575.1 0 9.99663 1 810.92 0.275677 0 0 0 
137000 100 1.55 0 10 39976.5 0 9.99666 1 882.66 0.301559 0 0 0 
138000 100 1.07 0 10 40352.1 0 9.99668 1 773.47 0.265635 0 0 0 
139000 100 1.73 0 10 40744.6 0 9.99671 1 790.36 0.271025 0 0 0 
140000 100 1.89 0 10 41128.4 0 9.99673 1 837.74 0.278308 0 0 0 
141000 100 1.35 0 10 41512.1 0 9.99675 1 812.87 0.270218 0 0 0 
142000 100 1.57 0 10 41898.9 0 9.99678 1 924.54 0.307241 0 0 0 
143000 100 1.68 0 10 42278.7 0 9.9968 1 1089.21 0.35753 0 0 0 
144000 100 1.79 0 10 42637.9 0 9.99682 1 872.42 0.288045 0 0 0 
145000 100 1.16 0 10 43019.2 0 9.99684 1 841.25 0.276494 0 0 0 
146000 100 1.33 0 10 43420.9 0 9.99687 1 732.78 0.242061 0 0 0 
147000 100 1.82 0 10 43808.9 0 9.99689 1 936.9 0.309734 0 0 0 
148000 100 1.68 0 10 44212.5 0 9.99691 1 782.91 0.257073 0 0 0 
149000 100 1.33 0 10 44570.3 0 9.99693 1 759.8 0.251478 0 0 0 
150000 100 1.55 0 10 44932.7 0 9.99695 1 841.5 0.279227 0 0 0 
151000 100 1.56 0 10 45304 0 9.99697 1 839.75 0.275925 0 0 0 
152000 100 1.25 0 10 45668.1 0 9.99699 1 954.75 0.315891 0 0 0 
153000 100 1.91 0 10 46032.6 0 9.99701 1 857.42 0.279547 0 0 0 
154000 100 1.9 0 10 46407.6 0 9.99703 1 942.43 0.300619 0 0 0 
155000 100 1.75 0 10 46751.9 0 9.99705 1 847.69 0.272167 0 0 0 
156000 100 1.24 0 10 47113.6 0 9.99707 1 810.87 0.258267 0 0 0 
157000 100 1.34 0 10 47484.9 0 9.99708 1 902.79 0.283362 0 0 0 
158000 100 1.47 0 10 47848.5 0 9.9971 1 845.26 0.266743 0 0 0 
159000 100 1.87 0 10 48226.1 0 9.99712 1 815.72 0.25463 0 0 0 
160000 100 1.67 0 10 48581.9 0 9.99714 1 904.78 0.280462 0 0 0 
161000 100 1.73 0 10 48941.9 0 9.99716 1 892.13 0.275163 0 0 0 
162000 100 1.87 0 10 49318.3 0 9.99717 1 859.38 0.262899 0 0 0 
163000 100 1.57 0 10 49681.1 0 9.99719 1 804.64 0.246356 0 0 0 
164000 100 1.53 0 10 50033.4 0 9.99721 1 922.44 0.280683 0 0 0 
165000 100 1.82 0 10 50396.3 0 9.99723 1 800.34 0.24462 0 0 0 
166000 100 1.92 0 10 50754.2 0 9.99724 1 969.74 0.298504 0 0 0 
167000 100 1.97 0 10 51105.6 0 9.99726 1 844.38 0.263054 0 0 0 
168000 100 1.89 0 10 51495.5 0 9.99728 1 847.17 0.261887 0 0 0 
169000 100 1.5 0 10 51856.5 0 9.99729 1 899.79 0.277477 0 0 0 
170000 100 1.85 0 10 52228.9 0 9.99731 1 793.6 0.24754 0 0 0 
171000 100 1.62 0 10 52605.3 0 9.99732 1 893.73 0.283858 0 0 0 
172000 100 1.94 0 10 52992.9 0 9.99734 1 749.64 0.235086 0 0 0 
173000 100 1.84 0 10 53363 0 9.99735 1 860.08 0.26951 0 0 0 
174000 100 1.59 0 10 53729.7 0 9.99737 1 841.9 0.262872 0 0 0 
175000 100 1.71 0 10 54119.7 0 9.99738 1 808.69 0.249652 0 0 0 
176000 100 1.38 0 10 54501 0 9.9974 1 807.35 0.251157 0 0 0 
177000 100 1.54 0 10 54860.1 0 9.99741 1 809.09 0.253228 0 0 0 
178000 100 1.34 0 10 55248.8 0 9.99743 1 829.15 0.258811 0 0 0 
179000 100 1.6 0 10 55632.7 0 9.99744 1 717.54 0.224632 0 0 0 
180000 100 1.71 0 10 56006.4 0 9.99746 1 865.49 0.268983 0 0 0 
181000 100 1.62 0 10 56401.2 0 9.99747 1 736.54 0.227911 0 0 0 
182000 100 1.5 0 10 56801.2 0 9.99749 1 822.66 0.252245 0 0 0 
183000 100 1.85 0 10 57182.6 0 9.9975 1 881.74 0.269865 0 0 0 
184000 100 1.34 0 10 57576.7 0 9.99751 1 796.74 0.245739 0 0 0 
185000 100 2.06 0 10 57981.2 0 9.99753 1 868.36 0.270061 0 0 0 
186000 100 1.68 0 10 58390.8 0 9.99754 1 730.18 0.225949 0 0 0 
187000 100 1.5 0 10 58792.8 0 9.99755 1 699.3 0.216926 0 0 0 
188000 100 1.34 0 10 59196 0 9.99757 1 798.1 0.244607 0 0 0 
189000 100 1.53 0 10 59594.3 0 9.99758 1 793.08 0.235522 0 0 0 
190000 100 1.98 0 10 59987.7 0 9.99759 1 798.14 0.232206 0 0 0 
191000 100 1.72 0 10 60380.2 0 9.9976 1 880.83 0.254149 0 0 0 
192000 100 1.84 0 10 60781.9 0 9.99762 1 863.11 0.251113 0 0 0 
193000 100 1.09 0 10 61174.4 0 9.99763 1 775.48 0.225211 0 0 0 
194000 100 1.19 0 10 61559.4 0 9.99764 1 778.57 0.227123 0 0 0 
195000 100 1.48 0 10 61962.6 0 9.99765 1 700.1 0.202503 0 0 0 
196000 100 1.51 0 10 62345.2 0 9.99766 1 752.76 0.219296 0 0 0 
197000 100 1.24 0 10 62725.3 0 9.99768 1 816.26 0.239783 0 0 0 
198000 100 1.53 0 10 63117.6 0 9.99769 1 818.28 0.241541 0 0 0 
199000 100 1.65 0 10 63481.6 0 9.9977 1 798.06 0.23886 0 0 0 
200000 100 1.79 0 10 63861.6 0 9.99771 1 875.19 0.265136 0 0 0 
201000 100 1.63 0 10 64239 0 9.99772 1 783.89 0.235727 0 0 0 
202000 100 1.23 0 10 64621.3 0 9.99773 1 812.48 0.237976 0 0 0 
203000 100 1.6 0 10 65011.8 0 9.99775 1 803.5 0.23741 0 0 0 
204000 100 1.75 0 10 65389.8 0 9.99776 1 800.72 0.237206 0 0 0 
205000 100 2.16 0 10 65754.7 0 9.99777 1 876.54 0.257575 0 0 0 
206000 100 1.72 0 10 66123.2 0 9.99778 1 813.36 0.237169 0 0 0 
207000 100 1.29 0 10 66504.7 0 9.99779 1 787.55 0.230694 0 0 0 
208000 100 1.41 0 10 66896.5 0 9.9978 1 776.22 0.223148 0 0 0 
209000 100 1.3 0 10 67288 0 9.99781 1 746.2 0.213513 0 0 0 
210000 100 1.48 0 10 67649.6 0 9.99782 1 828.87 0.236269 0 0 0 
211000 100 1.77 0 10 68063.9 0 9.99783 1 925.8 0.26305 0 0 0 
212000 100 2.11 0 10 68453.1 0 9.99784 1 871.92 0.250635 0 0 0 
213000 100 1.21 0 10 68829.5 0 9.99785 1 741.16 0.211262 0 0 0 
214000 100 1.59 0 10 69194.9 0 9.99786 1 815.66 0.2332 0 0 0 
215000 100 2.42 0 10 69586.3 0 9.99787 1 883.31 0.251605 0 0 0 
216000 100 1.73 0 10 69988.2 0 9.99788 1 942.57 0.266151 0 0 0 
217000 100 1.8 0 10 70393.1 0 9.99789 1 868.59 0.245996 0 0 0 
218000 100 1.88 0 10 70754.4 0 9.9979 1 774.64 0.216436 0 0 0 
219000 100 1.59 0 10 71106.9 0 9.99791 1 793.9 0.220858 0 0 0 
220000 100 1.56 0 10 71463 0 9.99792 1 851.56 0.23322 0 0 0 
221000 100 1.6 0 10 71849.7 0 9.99793 1 774.96 0.211269 0 0 0 
222000 100 1.35 0 10 72212.9 0 9.99794 1 825.35 0.226619 0 0 0 
223000 100 1.45 0 10 72571 0 9.99795 1 916.46 0.252694 0 0 0 
224000 100 2.14 0 10 72946.7 0 9.99796 1 914.6 0.254715 0 0 0 
225000 100 1.75 0 10 73315.8 0 9.99797 1 892.52 0.250494 0 0 0 
226000 100 1.48 0 10 73676.9 0 9.99797 1 794.14 0.221664 0 0 0 
227000 100 1.47 0 10 74041 0 9.99798 1 825.14 0.229481 0 0 0 
228000 100 2.05 0 10 74405.5 0 9.99799 1 778.95 0.219058 0 0 0 
229000 100 1.72 0 10 74776.2 0 9.998 1 940.76 0.267573 0 0 0 
230000 100 1.53 0 10 75146.5 0 9.99801 1 837.83 0.236412 0 0 0 
231000 100 1.74 0 10 75519.1 0 9.99802 1 944.29 0.265008 0 0 0 
232000 100 1.84 0 10 75905.7 0 9.99803 1 822.34 0.234612 0 0 0 
233000 100 1.48 0 10 76282.7 0 9.99804 1 782.69 0.223853 0 0 0 
234000 100 1.58 0 10 76655.4 0 9.99804 1 785.74 0.222149 0 0 0 
235000 100 2.09 0 10 77038.7 0 9.99805 1 766.56 0.215022 0 0 0 
236000 100 1.52 0 10 77418.2 0 9.99806 1 850.75 0.240295 0 0 0 
237000 100 1.77 0 10 77791.6 0 9.99807 1 941.41 0.268525 0 0 0 
238000 100 1.55 0 10 78196.7 0 9.99808 1 866.59 0.249975 0 0 0 
239000 100 1.65 0 10 78583.4 0 9.99808 1 890.45 0.259243 0 0 0 
240000 100 1.58 0 10 78999.6 0 9.99809 1 797.87 0.229957 0 0 0 
241000 100 1.51 0 10 79411.5 0 9.9981 1 692.96 0.197426 0 0 0 
242000 100 1.83 0 10 79799.1 0 9.99811 1 808.68 0.227835 0 0 0 
243000 100 1.79 0 10 80192.2 0 9.99812 1 902.06 0.250291 0 0 0 
244000 100 1.26 0 10 80579.8 0 9.99812 1 791.14 0.222105 0 0 0 
245000 100 1.88 0 10 80971.7 0 9.99813 1 1001.65 0.280266 0 0 0 
246000 100 1.69 0 10 81359.7 0 9.99814 1 762.81 0.215227 0 0 0 
247000 100 1.42 0 10 81745.4 0 9.99815 1 800.34 0.22793 0 0 0 
248000 100 1.5 0 10 82135.8 0 9.99815 1 892.93 0.25697 0 0 0 
249000 100 1.74 0 10 82536.2 0 9.99816 1 744.94 0.213462 0 0 0 
250000 100 1.11 0 10 82929.1 0 9.99817 1 864.77 0.246692 0 0 0 