# Avida Average Deme Data
# Fri Apr 18 01:38:32 2014
#  1: Update
#  2: Count
#  3: Age
#  4: Births
#  5: Organisms
#  6: Generation
#  7: Births (at last replication)
#  8: Organisms (at last replication)
#  9: Merit
# 10: Gestation Time
# 11: Time Used (normalized by org fitness)
# 12: Generations between current and last founders
# 13: Events killed
# 14: Attempts to kill event

0 100 0 0 1 0 0 0 1 0 0 0 0 0 
1000 100 27.14 0 10 21.41 0 9.56424 1 14989.3 13.0001 0 0 0 
2000 100 16.07 0 10 52.79 0 9.78201 1 10091.6 8.74938 0 0 0 
3000 100 16.77 0 10 88.01 0 9.85465 1 9337.68 8.10392 0 0 0 
4000 100 16.98 0 10 120.85 0 9.89098 1 8681 7.53171 0 0 0 
5000 100 13.46 0 10 162.96 0 9.91278 1 7671.71 6.59601 0 0 0 
6000 100 14.12 0 10 206.1 0 9.92731 1 7841.2 6.74957 0 0 0 
7000 100 12.61 0 10 245.68 0 9.93769 1 7081.26 6.07915 0 0 0 
8000 100 13.29 0 10 287.91 0 9.94548 1 7864.13 6.67295 0 0 0 
9000 100 14.3 0 10 327.49 0 9.95154 1 7438.68 6.37796 0 0 0 
10000 100 13.93 0 10 368.36 0 9.95638 1 7563.4 6.46821 0 0 0 
11000 100 14.41 0 10 407.66 0 9.96035 1 9385.14 8.00142 0 0 0 
12000 100 17.38 0 10 440.22 0 9.96365 1 8579.01 7.36262 0 0 0 
13000 100 14.48 0 10 481.05 0 9.96645 1 7848.8 6.63546 0 0 0 
14000 100 12.57 0 10 524.85 0 9.96885 1 7904.31 6.67227 0 0 0 
15000 100 12.29 0 10 555.55 0 9.97092 1 7460.36 6.21203 0 0 0 
16000 100 12.78 0 10 592.12 0 9.97274 1 7608.68 6.32995 0 0 0 
17000 100 13.53 0 10 636.06 0 9.97434 1 7586.75 6.30776 0 0 0 
18000 100 13.46 0 10 680.53 0 9.97577 1 7745.11 6.41924 0 0 0 
19000 100 16.61 0 10 714.99 0 9.97704 1 8139.85 6.73379 0 0 0 
20000 100 11.94 0 10 756.63 0 9.97819 1 8037.17 6.60205 0 0 0 
21000 100 11.77 0 10 794.18 0 9.97923 1 7450.4 6.0781 0 0 0 
22000 100 15.72 0 10 834.02 0 9.98017 1 7757.74 6.2498 0 0 0 
23000 100 10.64 0 10 875.04 0 9.98104 1 7564.5 6.02205 0 0 0 
24000 100 14.78 0 10 918.42 0 9.98183 1 6993.58 5.52844 0 0 0 
25000 100 16.88 0 10 957.92 0 9.98255 1 7388.54 5.82026 0 0 0 
26000 100 13.74 0 10 999.62 0 9.98322 1 7028.15 5.52126 0 0 0 
27000 100 13.05 0 10 1039.73 0 9.98385 1 7921.9 6.23713 0 0 0 
28000 100 14.98 0 10 1078.68 0 9.98442 1 7606.05 5.96166 0 0 0 
29000 100 15.16 0 10 1118.35 0 9.98496 1 7548.57 5.8623 0 0 0 
30000 100 12.69 0 10 1159.94 0 9.98546 1 7598.38 5.90399 0 0 0 
31000 100 15.74 0 10 1200.08 0 9.98593 1 8467.31 6.4674 0 0 0 
32000 100 12.58 0 10 1237.26 0 9.98637 1 8797.2 6.68193 0 0 0 
33000 100 15.24 0 10 1278.07 0 9.98678 1 8089.24 6.2541 0 0 0 
34000 100 14.95 0 10 1319.39 0 9.98717 1 7937.09 6.1379 0 0 0 
35000 100 14.33 0 10 1358.84 0 9.98754 1 8120.74 6.20954 0 0 0 
36000 100 15.8 0 10 1400.85 0 9.98788 1 7606.13 5.77754 0 0 0 
37000 100 13.47 0 10 1444.54 0 9.98821 1 7825.08 5.87981 0 0 0 
38000 100 16.2 0 10 1488.47 0 9.98852 1 7640.55 5.75635 0 0 0 
39000 100 13.01 0 10 1528.29 0 9.98882 1 7458.53 5.59458 0 0 0 
40000 100 13.44 0 10 1568.58 0 9.9891 1 8070.32 6.03661 0 0 0 
41000 100 12.34 0 10 1611.54 0 9.98936 1 7185.22 5.34603 0 0 0 
42000 100 14.6 0 10 1652.96 0 9.98961 1 7589.28 5.59808 0 0 0 
43000 100 13.68 0 10 1693.85 0 9.98986 1 7742.9 5.70617 0 0 0 
44000 100 10.87 0 10 1731.84 0 9.99009 1 7415.38 5.52928 0 0 0 
45000 100 14.13 0 10 1772.77 0 9.99031 1 7389.27 5.49127 0 0 0 
46000 100 13.24 0 10 1817.04 0 9.99052 1 7528.32 5.53115 0 0 0 
47000 100 5.38 0 10 1925.79 0 9.99072 1 2248.5 1.65516 0 0 0 
48000 100 8.18 0 10 2046.64 0 9.99091 1 2283.31 1.68287 0 0 0 
49000 100 5.43 0 10 2174.99 0 9.9911 1 2316.18 1.68965 0 0 0 
50000 100 4.41 0 10 2318.4 0 9.99128 1 1981.42 1.45475 0 0 0 
51000 100 3.25 0 10 2482 0 9.99145 1 1583.37 1.14585 0 0 0 
52000 100 1.99 0 10 2679.25 0 9.99161 1 1605.09 1.18616 0 0 0 
53000 100 2.68 0 10 2891.67 0 9.99177 1 1457.31 1.07706 0 0 0 
54000 100 3.31 0 10 3125.78 0 9.99192 1 1332.66 0.994447 0 0 0 
55000 100 3.8 0 10 3342.68 0 9.99207 1 1456.48 1.09703 0 0 0 
56000 100 3.7 0 10 3571.01 0 9.99221 1 1533.4 1.13454 0 0 0 
57000 100 2.97 0 10 3780.09 0 9.99235 1 1543.3 1.12201 0 0 0 
58000 100 2.96 0 10 3994.15 0 9.99248 1 1561.22 1.10978 0 0 0 
59000 100 3.57 0 10 4199.54 0 9.99261 1 1533.57 1.07942 0 0 0 
60000 100 3.11 0 10 4426.76 0 9.99273 1 1494.6 1.00902 0 0 0 
61000 100 3.12 0 10 4651.57 0 9.99285 1 1428.18 0.960715 0 0 0 
62000 100 3.01 0 10 4886.32 0 9.99296 1 1525.32 1.02791 0 0 0 
63000 100 2.78 0 10 5140.54 0 9.99308 1 1233.26 0.814128 0 0 0 
64000 100 2.26 0 10 5397.44 0 9.99318 1 1275.72 0.867073 0 0 0 
65000 100 2.41 0 10 5701.2 0 9.99329 1 1159.33 0.787874 0 0 0 
66000 100 2.12 0 10 6014.14 0 9.99339 1 1021.65 0.689752 0 0 0 
67000 100 2.57 0 10 6313.92 0 9.99349 1 1242.52 0.850499 0 0 0 
68000 100 2.23 0 10 6613.22 0 9.99359 1 1045.53 0.722436 0 0 0 
69000 100 2.71 0 10 6883.82 0 9.99368 1 1132.58 0.773589 0 0 0 
70000 100 2.41 0 10 7183.83 0 9.99377 1 1121.51 0.757881 0 0 0 
71000 100 3.1 0 10 7478.92 0 9.99386 1 1159.07 0.793846 0 0 0 
72000 100 1.94 0 10 7767.62 0 9.99394 1 1153.76 0.79112 0 0 0 
73000 100 1.92 0 10 8055.95 0 9.99402 1 1111.5 0.74388 0 0 0 
74000 100 2.55 0 10 8341.35 0 9.99411 1 1180.82 0.776481 0 0 0 
75000 100 2.32 0 10 8637.92 0 9.99418 1 1144.49 0.759136 0 0 0 
76000 100 2.57 0 10 8922.31 0 9.99426 1 1133.14 0.747885 0 0 0 
77000 100 2.31 0 10 9213.15 0 9.99434 1 1049.67 0.692244 0 0 0 
78000 100 1.78 0 10 9486.53 0 9.99441 1 1297.91 0.830009 0 0 0 
79000 100 2.48 0 10 9787.65 0 9.99448 1 1097.13 0.689007 0 0 0 
80000 100 3.15 0 10 10052.4 0 9.99455 1 1031.16 0.646387 0 0 0 
81000 100 2.16 0 10 10328 0 9.99461 1 1319.56 0.827641 0 0 0 
82000 100 2.07 0 10 10609.7 0 9.99468 1 1113.06 0.68219 0 0 0 
83000 100 3.3 0 10 10881.1 0 9.99474 1 1362.71 0.80844 0 0 0 
84000 100 3.07 0 10 11131.7 0 9.99481 1 1434.06 0.835636 0 0 0 
85000 100 2.58 0 10 11376.7 0 9.99487 1 1156.38 0.671359 0 0 0 
86000 100 2.65 0 10 11616.7 0 9.99493 1 1393.47 0.780631 0 0 0 
87000 100 2.34 0 10 11854.4 0 9.99499 1 1296.45 0.718843 0 0 0 
88000 100 3.29 0 10 12098.2 0 9.99504 1 1183.63 0.655019 0 0 0 
89000 100 3.13 0 10 12319.9 0 9.9951 1 1315.26 0.717084 0 0 0 
90000 100 2.95 0 10 12552.6 0 9.99515 1 1445.05 0.782902 0 0 0 
91000 100 3.03 0 10 12794.7 0 9.99521 1 1339.95 0.729511 0 0 0 
92000 100 2.89 0 10 13044.7 0 9.99526 1 1373.25 0.740205 0 0 0 
93000 100 4.33 0 10 13276.2 0 9.99531 1 1508.97 0.801874 0 0 0 
94000 100 2.83 0 10 13492.8 0 9.99536 1 1469.78 0.778478 0 0 0 
95000 100 2.44 0 10 13715.9 0 9.99541 1 1485.6 0.778172 0 0 0 
96000 100 2.69 0 10 13961 0 9.99546 1 1208.61 0.637934 0 0 0 
97000 100 2.46 0 10 14232.9 0 9.9955 1 1519.89 0.79227 0 0 0 
98000 100 2.21 0 10 14501.2 0 9.99555 1 1202.51 0.631429 0 0 0 
99000 100 2.86 0 10 14770.6 0 9.99559 1 1216.27 0.631253 0 0 0 
100000 100 2.42 0 10 15019.3 0 9.99564 1 1333.69 0.685795 0 0 0 
101000 100 2.57 0 10 15290.8 0 9.99568 1 1242.45 0.645313 0 0 0 
102000 100 2.29 0 10 15545.5 0 9.99572 1 1257.66 0.633841 0 0 0 
103000 100 2.59 0 10 15787.5 0 9.99577 1 1322.73 0.66961 0 0 0 
104000 100 3.3 0 10 16039.6 0 9.99581 1 1280.52 0.643246 0 0 0 
105000 100 3.31 0 10 16272.4 0 9.99585 1 1302.53 0.65088 0 0 0 
106000 100 2.59 0 10 16503.1 0 9.99588 1 1153.37 0.573589 0 0 0 
107000 100 2.52 0 10 16768.8 0 9.99592 1 1221.76 0.610263 0 0 0 
108000 100 4.28 0 10 17028.8 0 9.99596 1 1331.74 0.671025 0 0 0 
109000 100 2.95 0 10 17291 0 9.996 1 1151.21 0.57626 0 0 0 
110000 100 2.95 0 10 17549.8 0 9.99603 1 1203.03 0.603368 0 0 0 
111000 100 2.65 0 10 17831.1 0 9.99607 1 1212.74 0.612899 0 0 0 
112000 100 3.35 0 10 18098.8 0 9.99611 1 1081.45 0.550771 0 0 0 
113000 100 2.9 0 10 18346 0 9.99614 1 1301.08 0.659626 0 0 0 
114000 100 3.01 0 10 18627.4 0 9.99617 1 1179.85 0.59775 0 0 0 
115000 100 3.19 0 10 18888.3 0 9.99621 1 1252.76 0.626049 0 0 0 
116000 100 3.29 0 10 19156.5 0 9.99624 1 1335.12 0.664613 0 0 0 
117000 100 2.59 0 10 19414 0 9.99627 1 1101.46 0.543218 0 0 0 
118000 100 2.97 0 10 19667.6 0 9.9963 1 1256.32 0.62139 0 0 0 
119000 100 2.39 0 10 19928.5 0 9.99633 1 1297.06 0.64178 0 0 0 
120000 100 2.39 0 10 20185.7 0 9.99637 1 1178.55 0.587133 0 0 0 
121000 100 3.19 0 10 20463.8 0 9.9964 1 1138.27 0.567724 0 0 0 
122000 100 2.69 0 10 20729.1 0 9.99642 1 1344.01 0.65783 0 0 0 
123000 100 2.81 0 10 20996 0 9.99645 1 1136.17 0.539919 0 0 0 
124000 100 2.52 0 10 21265.8 0 9.99648 1 1207.76 0.58127 0 0 0 
125000 100 2.06 0 10 21553.6 0 9.99651 1 1220.2 0.586611 0 0 0 
126000 100 2.65 0 10 21835.6 0 9.99654 1 1126.67 0.540734 0 0 0 
127000 100 2.7 0 10 22085 0 9.99657 1 1121.05 0.539503 0 0 0 
128000 100 2.55 0 10 22333.8 0 9.99659 1 1204.53 0.573134 0 0 0 
129000 100 2.89 0 10 22587.7 0 9.99662 1 1229.6 0.574527 0 0 0 
130000 100 2.63 0 10 22876.9 0 9.99664 1 1039.65 0.484732 0 0 0 
131000 100 2.62 0 10 23141.4 0 9.99667 1 1371.26 0.63341 0 0 0 
132000 100 1.8 0 10 23419.6 0 9.9967 1 1024.04 0.470921 0 0 0 
133000 100 3.01 0 10 23726.5 0 9.99672 1 971.23 0.453638 0 0 0 
134000 100 2.49 0 10 24023.5 0 9.99674 1 1101.52 0.49757 0 0 0 
135000 100 2.64 0 10 24323.7 0 9.99677 1 1031.99 0.468264 0 0 0 
136000 100 1.95 0 10 24651.2 0 9.99679 1 786.18 0.348867 0 0 0 
137000 100 2.46 0 10 24974.6 0 9.99682 1 789.67 0.342866 0 0 0 
138000 100 2.87 0 10 25288.9 0 9.99684 1 966.99 0.427496 0 0 0 
139000 100 3.03 0 10 25597.5 0 9.99686 1 973.86 0.429139 0 0 0 
140000 100 2.08 0 10 25924.8 0 9.99688 1 1059.26 0.47147 0 0 0 
141000 100 1.64 0 10 26251.6 0 9.99691 1 803.67 0.35508 0 0 0 
142000 100 2.12 0 10 26580.3 0 9.99693 1 905.55 0.398128 0 0 0 
143000 100 2.13 0 10 26911.4 0 9.99695 1 1158.35 0.513416 0 0 0 
144000 100 1.96 0 10 27225.4 0 9.99697 1 986.88 0.434681 0 0 0 
145000 100 2.43 0 10 27546.8 0 9.99699 1 934.69 0.405396 0 0 0 
146000 100 1.93 0 10 27872.9 0 9.99701 1 1021.09 0.44355 0 0 0 
147000 100 2.31 0 10 28221.1 0 9.99703 1 999.13 0.428347 0 0 0 
148000 100 2.1 0 10 28572.7 0 9.99705 1 847.99 0.360076 0 0 0 
149000 100 1.88 0 10 28913.9 0 9.99707 1 914.35 0.393062 0 0 0 
150000 100 1.9 0 10 29264.2 0 9.99709 1 862.23 0.368933 0 0 0 
151000 100 1.73 0 10 29580.6 0 9.99711 1 873.12 0.370466 0 0 0 
152000 100 2.26 0 10 29923.1 0 9.99713 1 917.41 0.379993 0 0 0 
153000 100 1.98 0 10 30246.4 0 9.99715 1 907.92 0.369365 0 0 0 
154000 100 2.02 0 10 30594.3 0 9.99717 1 1006.78 0.410101 0 0 0 
155000 100 1.79 0 10 30933.2 0 9.99719 1 948.3 0.383591 0 0 0 
156000 100 2.29 0 10 31257.8 0 9.9972 1 990.84 0.399243 0 0 0 
157000 100 1.86 0 10 31593.8 0 9.99722 1 934.91 0.376453 0 0 0 
158000 100 1.62 0 10 31954.6 0 9.99724 1 951.65 0.384079 0 0 0 
159000 100 2.21 0 10 32297.3 0 9.99726 1 945.58 0.383805 0 0 0 
160000 100 1.93 0 10 32622.8 0 9.99727 1 805.29 0.324665 0 0 0 
161000 100 2.59 0 10 32916.4 0 9.99729 1 1063.91 0.432626 0 0 0 
162000 100 1.74 0 10 33239.5 0 9.99731 1 999.41 0.402583 0 0 0 
163000 100 2.25 0 10 33584.7 0 9.99732 1 979.65 0.397696 0 0 0 
164000 100 2.34 0 10 33938.7 0 9.99734 1 831.17 0.341024 0 0 0 
165000 100 2.15 0 10 34318.7 0 9.99736 1 781.14 0.314853 0 0 0 
166000 100 1.98 0 10 34659.7 0 9.99737 1 945.51 0.377612 0 0 0 
167000 100 2.15 0 10 35017.4 0 9.99739 1 872.32 0.342964 0 0 0 
168000 100 1.69 0 10 35348.3 0 9.9974 1 881.44 0.340479 0 0 0 
169000 100 2.31 0 10 35675.1 0 9.99742 1 935.55 0.364544 0 0 0 
170000 100 1.79 0 10 36029.9 0 9.99743 1 908.83 0.350517 0 0 0 
171000 100 1.76 0 10 36367.6 0 9.99745 1 926.14 0.352514 0 0 0 
172000 100 2.33 0 10 36718.7 0 9.99746 1 790.03 0.306533 0 0 0 
173000 100 1.74 0 10 37082.4 0 9.99748 1 883.27 0.334956 0 0 0 
174000 100 1.83 0 10 37437.2 0 9.99749 1 854.12 0.321958 0 0 0 
175000 100 1.94 0 10 37784.2 0 9.99751 1 883.71 0.331903 0 0 0 
176000 100 2.01 0 10 38157.4 0 9.99752 1 785.59 0.285598 0 0 0 
177000 100 2.36 0 10 38513 0 9.99754 1 863.57 0.310254 0 0 0 
178000 100 2.2 0 10 38864.2 0 9.99755 1 874.8 0.316452 0 0 0 
179000 100 1.78 0 10 39237 0 9.99756 1 781.61 0.284029 0 0 0 
180000 100 1.85 0 10 39574.1 0 9.99758 1 987.35 0.357609 0 0 0 
181000 100 1.66 0 10 39908.7 0 9.99759 1 955.81 0.349425 0 0 0 
182000 100 1.82 0 10 40262.7 0 9.9976 1 927.95 0.331633 0 0 0 
183000 100 1.71 0 10 40620.1 0 9.99762 1 740.69 0.263341 0 0 0 
184000 100 1.61 0 10 40970.3 0 9.99763 1 780.79 0.280773 0 0 0 
185000 100 1.51 0 10 41325.6 0 9.99764 1 830.99 0.297963 0 0 0 
186000 100 2.19 0 10 41680.8 0 9.99765 1 847.51 0.299588 0 0 0 
187000 100 1.7 0 10 42034.6 0 9.99767 1 845.91 0.303888 0 0 0 
188000 100 1.97 0 10 42434.4 0 9.99768 1 747.22 0.263172 0 0 0 
189000 100 1.89 0 10 42802.5 0 9.99769 1 876.57 0.305327 0 0 0 
190000 100 1.87 0 10 43166.6 0 9.9977 1 870.06 0.30474 0 0 0 
191000 100 1.84 0 10 43533.2 0 9.99772 1 915.94 0.321415 0 0 0 
192000 100 1.74 0 10 43919.4 0 9.99773 1 863.05 0.303578 0 0 0 
193000 100 1.82 0 10 44291.7 0 9.99774 1 809.69 0.287365 0 0 0 
194000 100 1.42 0 10 44669.7 0 9.99775 1 753.98 0.271221 0 0 0 
195000 100 1.83 0 10 45013.2 0 9.99776 1 781.26 0.279893 0 0 0 
196000 100 1.89 0 10 45396.1 0 9.99777 1 851.07 0.302108 0 0 0 
197000 100 1.52 0 10 45756.7 0 9.99779 1 839.34 0.290007 0 0 0 
198000 100 1.78 0 10 46129.3 0 9.9978 1 892.67 0.309147 0 0 0 
199000 100 1.28 0 10 46471.6 0 9.99781 1 951.02 0.324036 0 0 0 
200000 100 1.96 0 10 46835.2 0 9.99782 1 788.13 0.263375 0 0 0 
201000 100 2.05 0 10 47191.8 0 9.99783 1 877.2 0.29881 0 0 0 
202000 100 1.8 0 10 47549.3 0 9.99784 1 868.5 0.293098 0 0 0 
203000 100 1.91 0 10 47900.6 0 9.99785 1 894.09 0.301764 0 0 0 
204000 100 1.73 0 10 48251.8 0 9.99786 1 816.48 0.274282 0 0 0 
205000 100 2.08 0 10 48613.1 0 9.99787 1 820.39 0.274332 0 0 0 
206000 100 1.49 0 10 48971.5 0 9.99788 1 774.91 0.255584 0 0 0 
207000 100 1.97 0 10 49327 0 9.99789 1 851.68 0.282642 0 0 0 
208000 100 1.98 0 10 49687.1 0 9.9979 1 834.22 0.278349 0 0 0 
209000 100 1.89 0 10 50035.3 0 9.99791 1 750.68 0.250061 0 0 0 
210000 100 2.14 0 10 50408.2 0 9.99792 1 817.08 0.270662 0 0 0 
211000 100 2.03 0 10 50774.9 0 9.99793 1 840.16 0.274719 0 0 0 
212000 100 1.54 0 10 51116 0 9.99794 1 933.65 0.304852 0 0 0 
213000 100 1.93 0 10 51480 0 9.99795 1 900.26 0.293702 0 0 0 
214000 100 2.67 0 10 51818.5 0 9.99796 1 750.03 0.245548 0 0 0 
215000 100 2.06 0 10 52162.4 0 9.99797 1 1080.7 0.345684 0 0 0 
216000 100 1.72 0 10 52533.7 0 9.99798 1 835.41 0.263399 0 0 0 
217000 100 1.36 0 10 52881.2 0 9.99799 1 917.33 0.282282 0 0 0 
218000 100 1.56 0 10 53226.9 0 9.998 1 938.32 0.287482 0 0 0 
219000 100 1.49 0 10 53604.2 0 9.99801 1 869.24 0.267707 0 0 0 
220000 100 1.57 0 10 53934.6 0 9.99802 1 896.25 0.274058 0 0 0 
221000 100 1.42 0 10 54268 0 9.99803 1 865.39 0.265544 0 0 0 
222000 100 1.85 0 10 54624.4 0 9.99804 1 801.56 0.248783 0 0 0 
223000 100 1.37 0 10 54991.3 0 9.99804 1 987.89 0.307198 0 0 0 
224000 100 1.9 0 10 55354.1 0 9.99805 1 783.89 0.239631 0 0 0 
225000 100 1.48 0 10 55730.3 0 9.99806 1 787.72 0.240767 0 0 0 
226000 100 1.68 0 10 56060.7 0 9.99807 1 973.64 0.294286 0 0 0 
227000 100 1.87 0 10 56432.1 0 9.99808 1 828.49 0.24755 0 0 0 
228000 100 1.52 0 10 56812.1 0 9.99809 1 936.83 0.281125 0 0 0 
229000 100 1.62 0 10 57196.5 0 9.9981 1 823.25 0.24882 0 0 0 
230000 100 2.04 0 10 57526.5 0 9.9981 1 838.39 0.253831 0 0 0 
231000 100 1.81 0 10 57891.6 0 9.99811 1 907.32 0.268722 0 0 0 
232000 100 1.9 0 10 58262.5 0 9.99812 1 845.73 0.250067 0 0 0 
233000 100 2.2 0 10 58638.7 0 9.99813 1 916.49 0.270081 0 0 0 
234000 100 1.36 0 10 59011.4 0 9.99814 1 901.07 0.264723 0 0 0 
235000 100 2.25 0 10 59365.5 0 9.99814 1 850.01 0.246547 0 0 0 
236000 100 1.5 0 10 59739.7 0 9.99815 1 789.3 0.223048 0 0 0 
237000 100 1.72 0 10 60107.7 0 9.99816 1 851.86 0.241014 0 0 0 
238000 100 2.07 0 10 60468 0 9.99817 1 953.74 0.267462 0 0 0 
239000 100 2.28 0 10 60820.6 0 9.99817 1 930.71 0.257938 0 0 0 
240000 100 2.06 0 10 61210.7 0 9.99818 1 877.07 0.244211 0 0 0 
241000 100 2.19 0 10 61552 0 9.99819 1 956.81 0.268426 0 0 0 
242000 100 1.69 0 10 61898.6 0 9.9982 1 889 0.248212 0 0 0 
243000 100 1.7 0 10 62259.9 0 9.9982 1 846.73 0.235934 0 0 0 
244000 100 2.05 0 10 62604.2 0 9.99821 1 865.41 0.240491 0 0 0 
245000 100 1.71 0 10 62966.5 0 9.99822 1 967.1 0.265243 0 0 0 
246000 100 1.93 0 10 63350.6 0 9.99823 1 875.38 0.243897 0 0 0 
247000 100 1.74 0 10 63686 0 9.99823 1 956.13 0.265736 0 0 0 
248000 100 1.2 0 10 64072 0 9.99824 1 969.79 0.27238 0 0 0 
249000 100 1.53 0 10 64418.7 0 9.99825 1 819.09 0.232783 0 0 0 
250000 100 1.59 0 10 64793.9 0 9.99826 1 973.83 0.276696 0 0 0 