# Avida Average Deme Data
# Mon Apr 21 12:38:42 2014
#  1: Update
#  2: Count
#  3: Age
#  4: Births
#  5: Organisms
#  6: Generation
#  7: Births (at last replication)
#  8: Organisms (at last replication)
#  9: Merit
# 10: Gestation Time
# 11: Time Used (normalized by org fitness)
# 12: Generations between current and last founders
# 13: Events killed
# 14: Attempts to kill event

0 100 0 0 1 0 0 0 1 0 0 0 0 0 
1000 100 21.67 0 10 22.24 0 9.53746 1 14044.6 12.1033 0 0 0 
2000 100 19.68 0 10 52.47 0 9.76862 1 12231.8 10.4892 0 0 0 
3000 100 19.85 0 10 79.52 0 9.84572 1 10821.5 9.2264 0 0 0 
4000 100 18.68 0 10 107.45 0 9.88428 1 10208.7 8.75492 0 0 0 
5000 100 15.18 0 10 138.55 0 9.90742 1 10652.6 8.92266 0 0 0 
6000 100 17.15 0 10 176.67 0 9.92285 1 8679.38 7.1328 0 0 0 
7000 100 15.39 0 10 213.84 0 9.93387 1 7865.89 6.49254 0 0 0 
8000 100 14.54 0 10 259.8 0 9.94213 1 7231.66 6.01195 0 0 0 
9000 100 13.4 0 10 308.73 0 9.94856 1 6192.39 5.12293 0 0 0 
10000 100 2.72 0 10 499.71 0 9.9537 1 1435.9 1.19504 0 0 0 
11000 100 1.63 0 10 773.58 0 9.95791 1 1229.87 1.03631 0 0 0 
12000 100 2.2 0 10 1062.6 0 9.96142 1 1262.68 1.03327 0 0 0 
13000 100 1.9 0 10 1345.28 0 9.96439 1 957.11 0.776586 0 0 0 
14000 100 2.48 0 10 1618.42 0 9.96693 1 1250.61 1.02368 0 0 0 
15000 100 2.62 0 10 1898.73 0 9.96914 1 1394.67 1.12737 0 0 0 
16000 100 2.31 0 10 2165.01 0 9.97106 1 1247.08 0.999207 0 0 0 
17000 100 2.51 0 10 2514.23 0 9.97277 1 1081.7 0.839405 0 0 0 
18000 100 2.19 0 10 2829.12 0 9.97428 1 1069.14 0.827427 0 0 0 
19000 100 2.12 0 10 3157.87 0 9.97563 1 996.21 0.768414 0 0 0 
20000 100 2.71 0 10 3486.14 0 9.97685 1 981.43 0.733049 0 0 0 
21000 100 2.7 0 10 3816.34 0 9.97795 1 926.52 0.666692 0 0 0 
22000 100 2.14 0 10 4136.68 0 9.97896 1 826.83 0.590678 0 0 0 
23000 100 1.93 0 10 4479.49 0 9.97987 1 930.57 0.632826 0 0 0 
24000 100 1.92 0 10 4829.23 0 9.98071 1 978.2 0.652792 0 0 0 
25000 100 2.19 0 10 5163.7 0 9.98148 1 858.04 0.567417 0 0 0 
26000 100 1.97 0 10 5481.6 0 9.98219 1 907.15 0.578494 0 0 0 
27000 100 1.8 0 10 5788.5 0 9.98285 1 1117.74 0.69436 0 0 0 
28000 100 2.61 0 10 6128.94 0 9.98346 1 930.34 0.552905 0 0 0 
29000 100 2.57 0 10 6441.25 0 9.98404 1 1064.82 0.624793 0 0 0 
30000 100 2.48 0 10 6767.67 0 9.98457 1 934.91 0.525318 0 0 0 
31000 100 2.05 0 10 7108.3 0 9.98506 1 977.5 0.550227 0 0 0 
32000 100 2.43 0 10 7454.69 0 9.98553 1 922.33 0.515051 0 0 0 
33000 100 1.83 0 10 7789.78 0 9.98597 1 881.84 0.481468 0 0 0 
34000 100 1.96 0 10 8113.57 0 9.98638 1 926.35 0.483951 0 0 0 
35000 100 1.61 0 10 8462.94 0 9.98677 1 1235.34 0.638755 0 0 0 
36000 100 2.53 0 10 8801.87 0 9.98714 1 910.83 0.471102 0 0 0 
37000 100 1.51 0 10 9135.94 0 9.98749 1 1041.1 0.522926 0 0 0 
38000 100 2.12 0 10 9493.9 0 9.98782 1 960.03 0.476778 0 0 0 
39000 100 2.57 0 10 9812 0 9.98813 1 1029.98 0.510374 0 0 0 
40000 100 2.27 0 10 10146.4 0 9.98843 1 979.18 0.482548 0 0 0 
41000 100 2.63 0 10 10462.9 0 9.98871 1 892.46 0.423033 0 0 0 
42000 100 2.23 0 10 10777.2 0 9.98898 1 1046.63 0.497873 0 0 0 
43000 100 2.14 0 10 11145.7 0 9.98923 1 922.61 0.42792 0 0 0 
44000 100 1.95 0 10 11446.5 0 9.98948 1 1011.04 0.463035 0 0 0 
45000 100 2.43 0 10 11783 0 9.98971 1 1075.46 0.495058 0 0 0 
46000 100 2.75 0 10 12103.8 0 9.98994 1 1023.27 0.467267 0 0 0 
47000 100 1.89 0 10 12432.7 0 9.99015 1 948.14 0.438392 0 0 0 
48000 100 1.8 0 10 12785.9 0 9.99035 1 896.62 0.406477 0 0 0 
49000 100 2 0 10 13097.4 0 9.99055 1 939.15 0.425477 0 0 0 
50000 100 2.32 0 10 13420.3 0 9.99074 1 959.87 0.429089 0 0 0 
51000 100 1.77 0 10 13744.7 0 9.99092 1 1113.82 0.494807 0 0 0 
52000 100 2.22 0 10 14064.5 0 9.9911 1 876.78 0.381606 0 0 0 
53000 100 1.61 0 10 14368.9 0 9.99126 1 1048.31 0.45377 0 0 0 
54000 100 2.5 0 10 14666.4 0 9.99143 1 977.17 0.418413 0 0 0 
55000 100 2.28 0 10 14982.2 0 9.99158 1 939.16 0.394633 0 0 0 
56000 100 1.97 0 10 15299.6 0 9.99173 1 1176.79 0.490391 0 0 0 
57000 100 2.18 0 10 15640.5 0 9.99188 1 927.93 0.392288 0 0 0 
58000 100 1.6 0 10 15975.5 0 9.99202 1 977.41 0.429279 0 0 0 
59000 100 1.89 0 10 16310.5 0 9.99215 1 954.16 0.411609 0 0 0 
60000 100 1.96 0 10 16666.5 0 9.99228 1 900.13 0.385268 0 0 0 
61000 100 2.25 0 10 17016.6 0 9.99241 1 819.65 0.350518 0 0 0 
62000 100 1.84 0 10 17364.7 0 9.99253 1 975.63 0.422972 0 0 0 
63000 100 2.19 0 10 17688.4 0 9.99265 1 954.8 0.419488 0 0 0 
64000 100 2.34 0 10 18010.5 0 9.99277 1 975.37 0.417413 0 0 0 
65000 100 1.93 0 10 18331.8 0 9.99288 1 993.27 0.422707 0 0 0 
66000 100 2.53 0 10 18645.3 0 9.99298 1 963.63 0.413205 0 0 0 
67000 100 2.31 0 10 18957.4 0 9.99309 1 916.13 0.390697 0 0 0 
68000 100 2.18 0 10 19266 0 9.99319 1 878.63 0.376556 0 0 0 
69000 100 2.11 0 10 19578.6 0 9.99329 1 903.96 0.389304 0 0 0 
70000 100 2.75 0 10 19915.6 0 9.99339 1 986.48 0.423646 0 0 0 
71000 100 1.81 0 10 20228.4 0 9.99348 1 1043 0.445422 0 0 0 
72000 100 2.06 0 10 20545.5 0 9.99357 1 947 0.409404 0 0 0 
73000 100 2.23 0 10 20871.1 0 9.99366 1 896.78 0.391095 0 0 0 
74000 100 2.06 0 10 21193.1 0 9.99374 1 932.18 0.402312 0 0 0 
75000 100 2.72 0 10 21535.8 0 9.99383 1 902.86 0.38674 0 0 0 
76000 100 1.61 0 10 21838.2 0 9.99391 1 885.37 0.37498 0 0 0 
77000 100 1.98 0 10 22188.5 0 9.99399 1 925.94 0.394442 0 0 0 
78000 100 1.45 0 10 22524.7 0 9.99406 1 896.01 0.382212 0 0 0 
79000 100 1.9 0 10 22831.6 0 9.99414 1 894.44 0.37262 0 0 0 
80000 100 2.69 0 10 23145.1 0 9.99421 1 1008.08 0.407648 0 0 0 
81000 100 1.92 0 10 23469.8 0 9.99428 1 892.65 0.361898 0 0 0 
82000 100 2.15 0 10 23789.4 0 9.99435 1 929.72 0.373134 0 0 0 
83000 100 2.35 0 10 24102.2 0 9.99442 1 1012.01 0.401482 0 0 0 
84000 100 1.9 0 10 24417.9 0 9.99449 1 1016.08 0.402966 0 0 0 
85000 100 2.31 0 10 24752.5 0 9.99455 1 888.42 0.35518 0 0 0 
86000 100 2.47 0 10 25076.9 0 9.99462 1 997.28 0.402536 0 0 0 
87000 100 1.88 0 10 25386.4 0 9.99468 1 992.09 0.399049 0 0 0 
88000 100 2.32 0 10 25710.3 0 9.99474 1 871.47 0.350638 0 0 0 
89000 100 1.47 0 10 26042.9 0 9.9948 1 988.42 0.389639 0 0 0 
90000 100 2.18 0 10 26375.2 0 9.99486 1 975.49 0.381502 0 0 0 
91000 100 2.23 0 10 26696.8 0 9.99491 1 994.3 0.396175 0 0 0 
92000 100 2.51 0 10 27017.3 0 9.99497 1 963.46 0.381281 0 0 0 
93000 100 2.14 0 10 27361.8 0 9.99502 1 875.75 0.344694 0 0 0 
94000 100 2.12 0 10 27685.2 0 9.99507 1 1015.3 0.395443 0 0 0 
95000 100 2.07 0 10 28009.7 0 9.99513 1 1048.07 0.409237 0 0 0 
96000 100 1.79 0 10 28317.3 0 9.99518 1 1015.32 0.400962 0 0 0 
97000 100 1.91 0 10 28645.9 0 9.99523 1 859.77 0.338492 0 0 0 
98000 100 1.81 0 10 28974.7 0 9.99528 1 1006.04 0.402391 0 0 0 
99000 100 1.85 0 10 29307.1 0 9.99532 1 856.74 0.348632 0 0 0 
100000 100 2.26 0 10 29656.3 0 9.99537 1 946.14 0.392053 0 0 0 
101000 100 2.08 0 10 29980.9 0 9.99542 1 828.54 0.347876 0 0 0 
102000 100 2.41 0 10 30320.5 0 9.99546 1 1137.39 0.474097 0 0 0 
103000 100 2.77 0 10 30655.1 0 9.9955 1 911.58 0.37771 0 0 0 
104000 100 1.88 0 10 30974.1 0 9.99555 1 953.61 0.393408 0 0 0 
105000 100 2.65 0 10 31291.7 0 9.99559 1 939.94 0.38211 0 0 0 
106000 100 1.8 0 10 31624.7 0 9.99563 1 872.14 0.355435 0 0 0 
107000 100 2.03 0 10 31948.1 0 9.99567 1 978.91 0.397361 0 0 0 
108000 100 1.9 0 10 32265.7 0 9.99571 1 893.06 0.362431 0 0 0 
109000 100 1.99 0 10 32590.7 0 9.99575 1 830.3 0.33758 0 0 0 
110000 100 2.32 0 10 32925 0 9.99579 1 904.32 0.36432 0 0 0 
111000 100 2.27 0 10 33265.8 0 9.99583 1 821.29 0.327054 0 0 0 
112000 100 2.34 0 10 33569.5 0 9.99587 1 1005.93 0.394242 0 0 0 
113000 100 2.47 0 10 33895 0 9.9959 1 886.39 0.353961 0 0 0 
114000 100 2.26 0 10 34217.2 0 9.99594 1 901.89 0.360354 0 0 0 
115000 100 2.04 0 10 34530.2 0 9.99597 1 1040.31 0.406742 0 0 0 
116000 100 2.28 0 10 34854.6 0 9.99601 1 1008.95 0.395766 0 0 0 
117000 100 1.8 0 10 35175.9 0 9.99604 1 954.49 0.374307 0 0 0 
118000 100 2.5 0 10 35521.1 0 9.99608 1 858.72 0.330784 0 0 0 
119000 100 1.95 0 10 35831.1 0 9.99611 1 953.97 0.365326 0 0 0 
120000 100 1.89 0 10 36152.4 0 9.99614 1 1043.25 0.397045 0 0 0 
121000 100 1.97 0 10 36485.2 0 9.99617 1 924.21 0.347146 0 0 0 
122000 100 1.91 0 10 36823.3 0 9.9962 1 1089.54 0.412375 0 0 0 
123000 100 2.16 0 10 37164.9 0 9.99624 1 1057.53 0.399616 0 0 0 
124000 100 2.4 0 10 37488.4 0 9.99627 1 981.13 0.372515 0 0 0 
125000 100 2.28 0 10 37816.3 0 9.9963 1 1054.71 0.399394 0 0 0 
126000 100 1.79 0 10 38145.6 0 9.99633 1 953.29 0.361914 0 0 0 
127000 100 1.88 0 10 38491.9 0 9.99635 1 986.19 0.375909 0 0 0 
128000 100 2 0 10 38805.8 0 9.99638 1 855.24 0.32469 0 0 0 
129000 100 2.18 0 10 39149.6 0 9.99641 1 932.38 0.357195 0 0 0 
130000 100 2.59 0 10 39484.9 0 9.99644 1 884.31 0.337182 0 0 0 
131000 100 2.2 0 10 39798.2 0 9.99647 1 912.48 0.345765 0 0 0 
132000 100 2.12 0 10 40148.8 0 9.99649 1 956.96 0.364382 0 0 0 
133000 100 2.57 0 10 40486.2 0 9.99652 1 934.22 0.360138 0 0 0 
134000 100 1.9 0 10 40836.6 0 9.99654 1 833.6 0.31576 0 0 0 
135000 100 2.01 0 10 41190 0 9.99657 1 885.37 0.337418 0 0 0 
136000 100 2.24 0 10 41545.4 0 9.9966 1 925.31 0.347485 0 0 0 
137000 100 1.9 0 10 41906.6 0 9.99662 1 800.36 0.295958 0 0 0 
138000 100 1.79 0 10 42259.7 0 9.99664 1 761.97 0.280354 0 0 0 
139000 100 1.5 0 10 42610.7 0 9.99667 1 789.34 0.291016 0 0 0 
140000 100 2.1 0 10 42983.4 0 9.99669 1 933.23 0.338959 0 0 0 
141000 100 2.2 0 10 43341.1 0 9.99672 1 816.45 0.296051 0 0 0 
142000 100 2.4 0 10 43703.6 0 9.99674 1 863.15 0.312216 0 0 0 
143000 100 2.21 0 10 44055.1 0 9.99676 1 860.9 0.311571 0 0 0 
144000 100 1.45 0 10 44394.7 0 9.99678 1 911.84 0.326825 0 0 0 
145000 100 2.14 0 10 44746.1 0 9.99681 1 845.35 0.305212 0 0 0 
146000 100 2.18 0 10 45089.5 0 9.99683 1 918.95 0.331735 0 0 0 
147000 100 1.66 0 10 45451.9 0 9.99685 1 774.97 0.279736 0 0 0 
148000 100 1.79 0 10 45807.9 0 9.99687 1 770.1 0.277537 0 0 0 
149000 100 1.66 0 10 46156.1 0 9.99689 1 888.13 0.321058 0 0 0 
150000 100 1.87 0 10 46516.9 0 9.99691 1 771.51 0.279561 0 0 0 
151000 100 2.56 0 10 46884.2 0 9.99693 1 967.81 0.348739 0 0 0 
152000 100 2.01 0 10 47264.8 0 9.99695 1 804.84 0.290244 0 0 0 
153000 100 2 0 10 47614 0 9.99697 1 889.65 0.318254 0 0 0 
154000 100 1.63 0 10 47975.8 0 9.99699 1 872.74 0.312114 0 0 0 
155000 100 2.17 0 10 48355.7 0 9.99701 1 811.53 0.288346 0 0 0 
156000 100 1.72 0 10 48712.1 0 9.99703 1 984.81 0.349738 0 0 0 
157000 100 2.08 0 10 49076.7 0 9.99705 1 796.06 0.28248 0 0 0 
158000 100 1.96 0 10 49447.2 0 9.99707 1 803.1 0.27876 0 0 0 
159000 100 1.77 0 10 49824.4 0 9.99709 1 860.42 0.30339 0 0 0 
160000 100 2.18 0 10 50211.4 0 9.99711 1 718.7 0.25559 0 0 0 
161000 100 2.72 0 10 50583.8 0 9.99712 1 870.35 0.307197 0 0 0 
162000 100 2.19 0 10 50963 0 9.99714 1 903.67 0.321393 0 0 0 
163000 100 1.75 0 10 51336.3 0 9.99716 1 800.92 0.288203 0 0 0 
164000 100 2.37 0 10 51708.5 0 9.99718 1 1003.24 0.355104 0 0 0 
165000 100 1.77 0 10 52061.1 0 9.99719 1 849.74 0.302006 0 0 0 
166000 100 2.06 0 10 52433.6 0 9.99721 1 974.11 0.34532 0 0 0 
167000 100 1.85 0 10 52777.3 0 9.99723 1 907.12 0.313537 0 0 0 
168000 100 2.22 0 10 53129.2 0 9.99724 1 994.49 0.340218 0 0 0 
169000 100 2 0 10 53490.1 0 9.99726 1 891.13 0.306554 0 0 0 
170000 100 1.57 0 10 53860.5 0 9.99728 1 823.56 0.280574 0 0 0 
171000 100 1.44 0 10 54226.5 0 9.99729 1 856.86 0.290424 0 0 0 
172000 100 1.75 0 10 54584.2 0 9.99731 1 971.07 0.328256 0 0 0 
173000 100 1.71 0 10 54937.4 0 9.99732 1 827.45 0.275361 0 0 0 
174000 100 1.36 0 10 55290.4 0 9.99734 1 986.23 0.32751 0 0 0 
175000 100 1.68 0 10 55626.1 0 9.99735 1 869.75 0.287837 0 0 0 
176000 100 2.23 0 10 56008 0 9.99737 1 1048.56 0.342717 0 0 0 
177000 100 1.91 0 10 56370 0 9.99738 1 880.13 0.284018 0 0 0 
178000 100 1.85 0 10 56723 0 9.9974 1 816.25 0.263384 0 0 0 
179000 100 1.99 0 10 57091.2 0 9.99741 1 950.13 0.305122 0 0 0 
180000 100 1.55 0 10 57424.7 0 9.99743 1 819.01 0.262066 0 0 0 
181000 100 1.93 0 10 57794.6 0 9.99744 1 891.58 0.284404 0 0 0 
182000 100 1.98 0 10 58143.8 0 9.99746 1 963.87 0.301922 0 0 0 
183000 100 1.48 0 10 58515.8 0 9.99747 1 854.13 0.266151 0 0 0 
184000 100 1.87 0 10 58855.9 0 9.99748 1 975.06 0.30218 0 0 0 
185000 100 1.46 0 10 59210.8 0 9.9975 1 835.72 0.257141 0 0 0 
186000 100 1.79 0 10 59575.4 0 9.99751 1 769.87 0.237785 0 0 0 
187000 100 1.96 0 10 59928.1 0 9.99752 1 821.21 0.253519 0 0 0 
188000 100 1.83 0 10 60273.4 0 9.99754 1 866.67 0.26684 0 0 0 
189000 100 2.15 0 10 60624 0 9.99755 1 856.61 0.260803 0 0 0 
190000 100 1.77 0 10 60966.6 0 9.99756 1 796.07 0.239475 0 0 0 
191000 100 1.77 0 10 61341.9 0 9.99758 1 817.06 0.243459 0 0 0 
192000 100 1.7 0 10 61715.9 0 9.99759 1 826.58 0.2442 0 0 0 
193000 100 2.03 0 10 62072.3 0 9.9976 1 893.43 0.259667 0 0 0 
194000 100 2.03 0 10 62415.1 0 9.99761 1 914.91 0.26591 0 0 0 
195000 100 2.05 0 10 62777.2 0 9.99763 1 879.93 0.25139 0 0 0 
196000 100 1.45 0 10 63145.1 0 9.99764 1 947.67 0.266183 0 0 0 
197000 100 1.46 0 10 63481.3 0 9.99765 1 774.15 0.219548 0 0 0 
198000 100 1.73 0 10 63842.8 0 9.99766 1 846.5 0.24315 0 0 0 
199000 100 1.81 0 10 64202.2 0 9.99767 1 761.26 0.217463 0 0 0 
200000 100 1.57 0 10 64574.4 0 9.99769 1 889.13 0.25476 0 0 0 
201000 100 1.35 0 10 64902.2 0 9.9977 1 824.22 0.237861 0 0 0 
202000 100 2.19 0 10 65237 0 9.99771 1 780.08 0.222972 0 0 0 
203000 100 1.95 0 10 65604.6 0 9.99772 1 885.99 0.251693 0 0 0 
204000 100 1.55 0 10 65969.7 0 9.99773 1 852.24 0.241425 0 0 0 
205000 100 1.56 0 10 66360.5 0 9.99774 1 844.6 0.238594 0 0 0 
206000 100 1.57 0 10 66710 0 9.99775 1 959.94 0.268642 0 0 0 
207000 100 2.07 0 10 67063.1 0 9.99776 1 823.21 0.230289 0 0 0 
208000 100 1.44 0 10 67411.4 0 9.99777 1 926.84 0.260873 0 0 0 
209000 100 1.67 0 10 67766.5 0 9.99778 1 854.35 0.24061 0 0 0 
210000 100 1.66 0 10 68124.8 0 9.9978 1 946.54 0.267121 0 0 0 
211000 100 1.9 0 10 68477.8 0 9.99781 1 891.87 0.252124 0 0 0 
212000 100 2.29 0 10 68836.1 0 9.99782 1 870.38 0.245699 0 0 0 
213000 100 2.08 0 10 69195.5 0 9.99783 1 857.5 0.240869 0 0 0 
214000 100 2.01 0 10 69538 0 9.99784 1 878.16 0.247336 0 0 0 
215000 100 1.58 0 10 69910.5 0 9.99785 1 867.83 0.244809 0 0 0 
216000 100 1.51 0 10 70269.9 0 9.99786 1 956.63 0.267384 0 0 0 
217000 100 1.96 0 10 70635.2 0 9.99787 1 812.38 0.22337 0 0 0 
218000 100 1.58 0 10 71018.1 0 9.99788 1 784.7 0.215277 0 0 0 
219000 100 1.75 0 10 71406.1 0 9.99789 1 903.35 0.248222 0 0 0 
220000 100 1.55 0 10 71774.2 0 9.9979 1 816.39 0.220696 0 0 0 
221000 100 1.96 0 10 72142.8 0 9.9979 1 773.19 0.206237 0 0 0 
222000 100 1.89 0 10 72489.7 0 9.99791 1 803.73 0.21016 0 0 0 
223000 100 1.84 0 10 72821.1 0 9.99792 1 834.59 0.216252 0 0 0 
224000 100 2.06 0 10 73200.4 0 9.99793 1 1032.07 0.270529 0 0 0 
225000 100 1.86 0 10 73558.8 0 9.99794 1 864.03 0.22652 0 0 0 
226000 100 1.75 0 10 73930.6 0 9.99795 1 844.57 0.220321 0 0 0 
227000 100 1.82 0 10 74296 0 9.99796 1 842.98 0.218255 0 0 0 
228000 100 1.83 0 10 74645.3 0 9.99797 1 866.27 0.22189 0 0 0 
229000 100 2.63 0 10 75010 0 9.99798 1 704.5 0.181016 0 0 0 
230000 100 2.02 0 10 75369 0 9.99799 1 880.72 0.222493 0 0 0 
231000 100 1.89 0 10 75735.4 0 9.998 1 857.77 0.21534 0 0 0 
232000 100 2.03 0 10 76112.1 0 9.998 1 1051.89 0.265799 0 0 0 
233000 100 1.44 0 10 76478.3 0 9.99801 1 950.52 0.239941 0 0 0 
234000 100 1.91 0 10 76833 0 9.99802 1 830.76 0.207746 0 0 0 
235000 100 1.73 0 10 77205.3 0 9.99803 1 909.85 0.22805 0 0 0 
236000 100 1.73 0 10 77558.7 0 9.99804 1 868.3 0.217453 0 0 0 
237000 100 1.96 0 10 77916.4 0 9.99805 1 919.51 0.231534 0 0 0 
238000 100 1.53 0 10 78283.4 0 9.99805 1 839.26 0.21018 0 0 0 
239000 100 1.45 0 10 78654.8 0 9.99806 1 853.69 0.212959 0 0 0 
240000 100 1.92 0 10 79006.2 0 9.99807 1 838.03 0.208904 0 0 0 
241000 100 1.24 0 10 79355.5 0 9.99808 1 897.16 0.221088 0 0 0 
242000 100 2.24 0 10 79731.6 0 9.99809 1 1049.05 0.2559 0 0 0 
243000 100 1.95 0 10 80090 0 9.99809 1 905.46 0.220289 0 0 0 
244000 100 1.96 0 10 80449.3 0 9.9981 1 961.84 0.231544 0 0 0 
245000 100 1.44 0 10 80794 0 9.99811 1 932.15 0.223715 0 0 0 
246000 100 2.06 0 10 81155 0 9.99812 1 782.83 0.186497 0 0 0 
247000 100 1.55 0 10 81522.2 0 9.99813 1 905.59 0.215045 0 0 0 
248000 100 1.95 0 10 81883.2 0 9.99813 1 904.95 0.217238 0 0 0 
249000 100 1.62 0 10 82228.1 0 9.99814 1 875.69 0.209009 0 0 0 
250000 100 1.74 0 10 82587.5 0 9.99815 1 882 0.210575 0 0 0 