# Avida Average Deme Data
# Mon Apr 21 11:08:54 2014
#  1: Update
#  2: Count
#  3: Age
#  4: Births
#  5: Organisms
#  6: Generation
#  7: Births (at last replication)
#  8: Organisms (at last replication)
#  9: Merit
# 10: Gestation Time
# 11: Time Used (normalized by org fitness)
# 12: Generations between current and last founders
# 13: Events killed
# 14: Attempts to kill event

0 100 0 0 1 0 0 0 1 0 0 0 0 0 
1000 100 25.1 0 10 21.64 0 9.58252 1 14452.1 12.4272 0 0 0 
2000 100 21.04 0 10 44.12 0 9.79115 1 13597.8 11.7248 0 0 0 
3000 100 18.35 0 10 75.32 0 9.86075 1 10286.3 9.05787 0 0 0 
4000 100 17.25 0 10 113.61 0 9.89555 1 9259.81 8.23655 0 0 0 
5000 100 17.91 0 10 149.33 0 9.91644 1 8248.94 7.34949 0 0 0 
6000 100 19.05 0 10 183.87 0 9.93036 1 8992.92 7.95551 0 0 0 
7000 100 16.27 0 10 221.03 0 9.94031 1 8446.01 7.53373 0 0 0 
8000 100 16.13 0 10 257.85 0 9.94777 1 9378.57 8.16225 0 0 0 
9000 100 17.72 0 10 293.93 0 9.95357 1 8967.19 7.74768 0 0 0 
10000 100 15.98 0 10 328.29 0 9.95821 1 8597.83 7.42289 0 0 0 
11000 100 12.53 0 10 365.36 0 9.96201 1 8544.5 7.43316 0 0 0 
12000 100 16.45 0 10 401.25 0 9.96518 1 7689.48 6.58227 0 0 0 
13000 100 16.84 0 10 437.93 0 9.96786 1 8928.74 7.65931 0 0 0 
14000 100 14.69 0 10 476.87 0 9.97015 1 7976.03 6.83764 0 0 0 
15000 100 16.79 0 10 513.84 0 9.97214 1 7832.46 6.71458 0 0 0 
16000 100 16.17 0 10 546.88 0 9.97388 1 8178.32 7.01829 0 0 0 
17000 100 16.53 0 10 581.93 0 9.97542 1 7906.76 6.59555 0 0 0 
18000 100 16.98 0 10 618.16 0 9.97678 1 7899.83 6.48434 0 0 0 
19000 100 18.92 0 10 655.66 0 9.97801 1 8224.58 6.7862 0 0 0 
20000 100 13.75 0 10 690.2 0 9.97911 1 7801.53 6.45652 0 0 0 
21000 100 15.83 0 10 725.18 0 9.9801 1 8179.33 6.76272 0 0 0 
22000 100 16.22 0 10 759.49 0 9.98101 1 7831.22 6.58026 0 0 0 
23000 100 16.28 0 10 797.51 0 9.98183 1 7934.09 6.63627 0 0 0 
24000 100 17.38 0 10 833.81 0 9.98259 1 10017.4 8.31424 0 0 0 
25000 100 17.71 0 10 870.65 0 9.98328 1 9303.36 7.72971 0 0 0 
26000 100 14.61 0 10 908.51 0 9.98393 1 8129.91 6.75717 0 0 0 
27000 100 12.46 0 10 943.68 0 9.98452 1 10175.5 8.48577 0 0 0 
28000 100 13.82 0 10 975.68 0 9.98508 1 8539.39 7.06017 0 0 0 
29000 100 16.87 0 10 1009.72 0 9.98559 1 9483.67 7.65228 0 0 0 
30000 100 17.37 0 10 1045.11 0 9.98607 1 7953.75 6.35328 0 0 0 
31000 100 15.17 0 10 1080.76 0 9.98652 1 9218.95 7.29748 0 0 0 
32000 100 18.88 0 10 1117.92 0 9.98694 1 8429.66 6.66358 0 0 0 
33000 100 18.33 0 10 1151.91 0 9.98734 1 9178.85 7.2794 0 0 0 
34000 100 16.44 0 10 1186.52 0 9.98771 1 9305.06 7.43924 0 0 0 
35000 100 12.07 0 10 1220.93 0 9.98806 1 9298.02 7.44633 0 0 0 
36000 100 18.84 0 10 1259.98 0 9.98839 1 8144.16 6.46454 0 0 0 
37000 100 16.18 0 10 1297.17 0 9.98871 1 8271.79 6.53725 0 0 0 
38000 100 16.34 0 10 1337.23 0 9.989 1 8739.77 6.89605 0 0 0 
39000 100 17.62 0 10 1373.72 0 9.98928 1 8373.11 6.50902 0 0 0 
40000 100 20.56 0 10 1409.27 0 9.98955 1 8959.27 6.95446 0 0 0 
41000 100 15.01 0 10 1442.83 0 9.98981 1 9921.35 7.70188 0 0 0 
42000 100 22.14 0 10 1478.84 0 9.99005 1 8499.02 6.49783 0 0 0 
43000 100 16.39 0 10 1514.25 0 9.99028 1 8221.15 6.22995 0 0 0 
44000 100 18.08 0 10 1548.43 0 9.9905 1 8134.04 6.08289 0 0 0 
45000 100 14.63 0 10 1581.18 0 9.99071 1 8873.33 6.69409 0 0 0 
46000 100 20.44 0 10 1621.67 0 9.99092 1 8024.27 5.84034 0 0 0 
47000 100 16.93 0 10 1657.82 0 9.99111 1 8922.36 6.53753 0 0 0 
48000 100 17.46 0 10 1692.18 0 9.99129 1 7864.15 5.70117 0 0 0 
49000 100 20.96 0 10 1725.77 0 9.99147 1 8415.43 5.97846 0 0 0 
50000 100 17.4 0 10 1761.54 0 9.99164 1 9033.63 6.38599 0 0 0 
51000 100 15.37 0 10 1798.99 0 9.99181 1 8387.74 5.85753 0 0 0 
52000 100 15.11 0 10 1831.63 0 9.99196 1 8730.23 6.17667 0 0 0 
53000 100 15.69 0 10 1866.12 0 9.99212 1 8343.01 5.91456 0 0 0 
54000 100 16.8 0 10 1900.96 0 9.99226 1 9341.27 6.60084 0 0 0 
55000 100 12.94 0 10 1939.98 0 9.9924 1 8845.9 6.24102 0 0 0 
56000 100 14.1 0 10 1978.47 0 9.99254 1 8698.39 6.05908 0 0 0 
57000 100 18.32 0 10 2011.81 0 9.99267 1 9187.64 6.4033 0 0 0 
58000 100 15.18 0 10 2047.78 0 9.99279 1 8302.34 5.74253 0 0 0 
59000 100 15.54 0 10 2083.19 0 9.99292 1 7750.78 5.33017 0 0 0 
60000 100 16.74 0 10 2122.92 0 9.99304 1 10148.8 6.96632 0 0 0 
61000 100 15.37 0 10 2162.66 0 9.99315 1 8072.75 5.46789 0 0 0 
62000 100 11.8 0 10 2197.38 0 9.99326 1 7656.16 5.1638 0 0 0 
63000 100 16.24 0 10 2233.17 0 9.99337 1 7464.42 5.00028 0 0 0 
64000 100 15.89 0 10 2270.61 0 9.99347 1 8116.86 5.41778 0 0 0 
65000 100 2.87 0 10 2464.39 0 9.99357 1 1027.49 0.686825 0 0 0 
66000 100 2.33 0 10 2780.02 0 9.99367 1 990.17 0.656783 0 0 0 
67000 100 2.83 0 10 3093.73 0 9.99376 1 958.48 0.659586 0 0 0 
68000 100 3.05 0 10 3410.67 0 9.99385 1 1127.65 0.791575 0 0 0 
69000 100 2.64 0 10 3730.99 0 9.99394 1 915.88 0.6282 0 0 0 
70000 100 3.24 0 10 4043.42 0 9.99403 1 1137.44 0.766029 0 0 0 
71000 100 2.72 0 10 4351.99 0 9.99411 1 1074.98 0.706104 0 0 0 
72000 100 2.78 0 10 4649.39 0 9.9942 1 1128.81 0.711272 0 0 0 
73000 100 2.46 0 10 4967.35 0 9.99428 1 1094.45 0.690282 0 0 0 
74000 100 2.61 0 10 5278.44 0 9.99435 1 1034.86 0.637989 0 0 0 
75000 100 2.54 0 10 5581.99 0 9.99443 1 1205.14 0.734386 0 0 0 
76000 100 2.44 0 10 5878.42 0 9.9945 1 976.61 0.585564 0 0 0 
77000 100 2.99 0 10 6200.53 0 9.99457 1 892.27 0.530295 0 0 0 
78000 100 3.15 0 10 6513.71 0 9.99464 1 963.91 0.563736 0 0 0 
79000 100 2.41 0 10 6821.83 0 9.99471 1 1065.5 0.621774 0 0 0 
80000 100 3.78 0 10 7140.46 0 9.99478 1 1052.37 0.589919 0 0 0 
81000 100 3.13 0 10 7441.76 0 9.99484 1 952.61 0.529454 0 0 0 
82000 100 3.15 0 10 7751.51 0 9.9949 1 1076.4 0.604207 0 0 0 
83000 100 2.84 0 10 8065.22 0 9.99497 1 1062.91 0.587851 0 0 0 
84000 100 2.35 0 10 8383.5 0 9.99503 1 893 0.494341 0 0 0 
85000 100 2.46 0 10 8703.05 0 9.99508 1 987.61 0.541724 0 0 0 
86000 100 2.93 0 10 9016.85 0 9.99514 1 877.59 0.471225 0 0 0 
87000 100 3.5 0 10 9312.96 0 9.9952 1 921.21 0.49317 0 0 0 
88000 100 2.76 0 10 9623.31 0 9.99525 1 830.07 0.436229 0 0 0 
89000 100 3.34 0 10 9946.76 0 9.9953 1 929.08 0.484628 0 0 0 
90000 100 3.55 0 10 10270.7 0 9.99536 1 944.28 0.488022 0 0 0 
91000 100 2.39 0 10 10600.9 0 9.99541 1 944.98 0.490559 0 0 0 
92000 100 2.33 0 10 10925.3 0 9.99546 1 907.26 0.461537 0 0 0 
93000 100 2.56 0 10 11244.4 0 9.99551 1 865.15 0.434953 0 0 0 
94000 100 2.29 0 10 11560 0 9.99555 1 919.03 0.457874 0 0 0 
95000 100 2.7 0 10 11874.5 0 9.9956 1 987.55 0.496414 0 0 0 
96000 100 2.08 0 10 12213.6 0 9.99565 1 935.93 0.460133 0 0 0 
97000 100 2.35 0 10 12551.1 0 9.99569 1 1004.25 0.492471 0 0 0 
98000 100 2.58 0 10 12879.3 0 9.99574 1 941.66 0.458799 0 0 0 
99000 100 2.71 0 10 13232 0 9.99578 1 837.62 0.395147 0 0 0 
100000 100 2.78 0 10 13577.4 0 9.99582 1 896.01 0.417777 0 0 0 
101000 100 1.62 0 10 13921.1 0 9.99586 1 843.33 0.382467 0 0 0 
102000 100 2.84 0 10 14270.7 0 9.9959 1 937.7 0.424244 0 0 0 
103000 100 2.74 0 10 14602.3 0 9.99594 1 851.49 0.382861 0 0 0 
104000 100 2.2 0 10 14935 0 9.99598 1 908.22 0.403971 0 0 0 
105000 100 3.2 0 10 15254 0 9.99602 1 1048.62 0.459496 0 0 0 
106000 100 2.24 0 10 15608.1 0 9.99606 1 866.13 0.383557 0 0 0 
107000 100 4 0 10 15913 0 9.99609 1 811.55 0.357592 0 0 0 
108000 100 2.53 0 10 16270.4 0 9.99613 1 855.06 0.366725 0 0 0 
109000 100 2.09 0 10 16632.2 0 9.99617 1 993.68 0.414428 0 0 0 
110000 100 2.14 0 10 16991.6 0 9.9962 1 889.62 0.375604 0 0 0 
111000 100 2.13 0 10 17343.7 0 9.99624 1 839.4 0.349833 0 0 0 
112000 100 2.3 0 10 17696.4 0 9.99627 1 1025.67 0.432325 0 0 0 
113000 100 2.72 0 10 18048.2 0 9.9963 1 869.2 0.364819 0 0 0 
114000 100 1.86 0 10 18426 0 9.99633 1 802.37 0.33646 0 0 0 
115000 100 2.58 0 10 18779.5 0 9.99637 1 1027.15 0.42679 0 0 0 
116000 100 2.72 0 10 19150.6 0 9.9964 1 876.09 0.364487 0 0 0 
117000 100 2.33 0 10 19501.1 0 9.99643 1 866.2 0.366075 0 0 0 
118000 100 2.03 0 10 19859.6 0 9.99646 1 806.45 0.336121 0 0 0 
119000 100 1.84 0 10 20213.5 0 9.99649 1 1010.83 0.431729 0 0 0 
120000 100 2.88 0 10 20558.2 0 9.99652 1 942.6 0.401093 0 0 0 
121000 100 1.98 0 10 20914.8 0 9.99655 1 925.93 0.39058 0 0 0 
122000 100 1.83 0 10 21271.8 0 9.99657 1 894.01 0.378866 0 0 0 
123000 100 1.85 0 10 21636.6 0 9.9966 1 1017.58 0.423983 0 0 0 
124000 100 2.21 0 10 22002.2 0 9.99663 1 885.72 0.365851 0 0 0 
125000 100 2.13 0 10 22358.5 0 9.99666 1 741.22 0.307217 0 0 0 
126000 100 2.38 0 10 22710.2 0 9.99668 1 861.72 0.358897 0 0 0 
127000 100 2.77 0 10 23062.6 0 9.99671 1 792.77 0.324148 0 0 0 
128000 100 2.22 0 10 23398.1 0 9.99674 1 1091.21 0.443813 0 0 0 
129000 100 2.12 0 10 23735.3 0 9.99676 1 804.48 0.325211 0 0 0 
130000 100 2.08 0 10 24081.5 0 9.99679 1 910.41 0.367173 0 0 0 
131000 100 2.24 0 10 24418 0 9.99681 1 901.05 0.361676 0 0 0 
132000 100 2.23 0 10 24798.6 0 9.99683 1 837.84 0.337747 0 0 0 
133000 100 2.32 0 10 25159.8 0 9.99686 1 814.42 0.322363 0 0 0 
134000 100 2.27 0 10 25526.7 0 9.99688 1 753.68 0.296445 0 0 0 
135000 100 2.31 0 10 25866.5 0 9.9969 1 904.51 0.355637 0 0 0 
136000 100 2.76 0 10 26215.1 0 9.99693 1 811.42 0.321138 0 0 0 
137000 100 2.86 0 10 26542.6 0 9.99695 1 881.01 0.341713 0 0 0 
138000 100 2.96 0 10 26875.2 0 9.99697 1 837.97 0.325617 0 0 0 
139000 100 2.1 0 10 27244.6 0 9.99699 1 1141.41 0.443146 0 0 0 
140000 100 2.29 0 10 27601.7 0 9.99702 1 863.12 0.334634 0 0 0 
141000 100 1.68 0 10 27970.2 0 9.99704 1 969.23 0.37875 0 0 0 
142000 100 2.24 0 10 28303.2 0 9.99706 1 909.07 0.356741 0 0 0 
143000 100 2.24 0 10 28683.2 0 9.99708 1 827 0.328411 0 0 0 
144000 100 2.43 0 10 29051.4 0 9.9971 1 822.09 0.328692 0 0 0 
145000 100 2.54 0 10 29418.2 0 9.99712 1 910.88 0.365171 0 0 0 
146000 100 1.69 0 10 29780.9 0 9.99714 1 766.18 0.307917 0 0 0 
147000 100 2.95 0 10 30159.2 0 9.99716 1 775.62 0.306263 0 0 0 
148000 100 1.99 0 10 30521.2 0 9.99718 1 865.92 0.343844 0 0 0 
149000 100 2.25 0 10 30861.4 0 9.9972 1 751.63 0.300471 0 0 0 
150000 100 1.76 0 10 31231 0 9.99721 1 874.76 0.349629 0 0 0 
151000 100 1.81 0 10 31576.2 0 9.99723 1 909.74 0.354973 0 0 0 
152000 100 2.76 0 10 31925.9 0 9.99725 1 853.99 0.341832 0 0 0 
153000 100 2.17 0 10 32261.3 0 9.99727 1 936.22 0.372994 0 0 0 
154000 100 2.7 0 10 32584.7 0 9.99729 1 1040.44 0.408798 0 0 0 
155000 100 2.93 0 10 32937 0 9.9973 1 857.08 0.342976 0 0 0 
156000 100 2.12 0 10 33246.4 0 9.99732 1 877.53 0.348616 0 0 0 
157000 100 1.99 0 10 33601.6 0 9.99734 1 872.6 0.340973 0 0 0 
158000 100 1.78 0 10 33955.5 0 9.99736 1 751.1 0.292971 0 0 0 
159000 100 2.05 0 10 34328.1 0 9.99737 1 859.82 0.330684 0 0 0 
160000 100 2.21 0 10 34688 0 9.99739 1 840.76 0.319044 0 0 0 
161000 100 2.03 0 10 35059.1 0 9.9974 1 937.97 0.355067 0 0 0 
162000 100 2.27 0 10 35420.9 0 9.99742 1 879.58 0.335141 0 0 0 
163000 100 2.29 0 10 35779 0 9.99744 1 814.6 0.308908 0 0 0 
164000 100 2.55 0 10 36122 0 9.99745 1 766.52 0.286829 0 0 0 
165000 100 2.54 0 10 36466 0 9.99747 1 888.72 0.329243 0 0 0 
166000 100 2.21 0 10 36811.4 0 9.99748 1 897.65 0.331732 0 0 0 
167000 100 1.84 0 10 37183.4 0 9.9975 1 839.91 0.308674 0 0 0 
168000 100 2.61 0 10 37537.3 0 9.99751 1 884.06 0.319886 0 0 0 
169000 100 1.89 0 10 37927.8 0 9.99753 1 861.36 0.310048 0 0 0 
170000 100 2.89 0 10 38281.2 0 9.99754 1 853.89 0.304946 0 0 0 
171000 100 3.52 0 10 38634.4 0 9.99756 1 923.16 0.325935 0 0 0 
172000 100 1.83 0 10 38991.5 0 9.99757 1 909.3 0.316301 0 0 0 
173000 100 3.06 0 10 39352.3 0 9.99758 1 928.74 0.326389 0 0 0 
174000 100 2.66 0 10 39712.8 0 9.9976 1 949.53 0.327602 0 0 0 
175000 100 2.47 0 10 40051.2 0 9.99761 1 767.41 0.262694 0 0 0 
176000 100 2.77 0 10 40406.3 0 9.99763 1 840.62 0.290499 0 0 0 
177000 100 2.35 0 10 40747.9 0 9.99764 1 781.24 0.267958 0 0 0 
178000 100 2.3 0 10 41079.2 0 9.99765 1 900.62 0.306341 0 0 0 
179000 100 2.05 0 10 41465 0 9.99767 1 932.81 0.316618 0 0 0 
180000 100 1.7 0 10 41813.7 0 9.99768 1 900.5 0.305241 0 0 0 
181000 100 2.06 0 10 42167.2 0 9.99769 1 835.2 0.284969 0 0 0 
182000 100 2.24 0 10 42545.9 0 9.9977 1 837.1 0.291248 0 0 0 
183000 100 2.46 0 10 42906 0 9.99772 1 928.79 0.323393 0 0 0 
184000 100 1.9 0 10 43286.7 0 9.99773 1 928.75 0.325845 0 0 0 
185000 100 1.81 0 10 43651.8 0 9.99774 1 990.1 0.348635 0 0 0 
186000 100 2.27 0 10 43999.7 0 9.99775 1 1054.16 0.364462 0 0 0 
187000 100 2.72 0 10 44344.6 0 9.99777 1 895.06 0.309407 0 0 0 
188000 100 1.99 0 10 44702.4 0 9.99778 1 1004.96 0.344797 0 0 0 
189000 100 1.9 0 10 45052.8 0 9.99779 1 1012.62 0.349217 0 0 0 
190000 100 2 0 10 45372.9 0 9.9978 1 906.28 0.312964 0 0 0 
191000 100 2.99 0 10 45729.3 0 9.99781 1 882.11 0.305203 0 0 0 
192000 100 2.22 0 10 46090.4 0 9.99782 1 823.1 0.286626 0 0 0 
193000 100 2.55 0 10 46421.6 0 9.99783 1 989.41 0.344093 0 0 0 
194000 100 1.74 0 10 46770 0 9.99785 1 985.13 0.342643 0 0 0 
195000 100 1.94 0 10 47129.1 0 9.99786 1 829.74 0.294212 0 0 0 
196000 100 2.32 0 10 47481.1 0 9.99787 1 959.35 0.333713 0 0 0 
197000 100 2.33 0 10 47810.6 0 9.99788 1 888.15 0.306309 0 0 0 
198000 100 2.78 0 10 48183.2 0 9.99789 1 934.44 0.32138 0 0 0 
199000 100 2.06 0 10 48532.4 0 9.9979 1 815.28 0.28412 0 0 0 
200000 100 1.96 0 10 48916.9 0 9.99791 1 958.45 0.333555 0 0 0 
201000 100 1.87 0 10 49269.1 0 9.99792 1 836.5 0.291926 0 0 0 
202000 100 1.89 0 10 49624.1 0 9.99793 1 1009.99 0.35201 0 0 0 
203000 100 2.05 0 10 49984 0 9.99794 1 928.34 0.318214 0 0 0 
204000 100 2.08 0 10 50351.6 0 9.99795 1 860.52 0.291349 0 0 0 
205000 100 2.19 0 10 50708.9 0 9.99796 1 831.16 0.279525 0 0 0 
206000 100 2.31 0 10 51049.1 0 9.99797 1 876.58 0.294809 0 0 0 
207000 100 1.49 0 10 51417.4 0 9.99798 1 828.88 0.281716 0 0 0 
208000 100 1.81 0 10 51782.4 0 9.99799 1 936.7 0.31983 0 0 0 
209000 100 1.7 0 10 52109.8 0 9.998 1 848.98 0.290165 0 0 0 
210000 100 2.12 0 10 52483.3 0 9.99801 1 865.91 0.295662 0 0 0 
211000 100 2.07 0 10 52838.3 0 9.99802 1 844.49 0.291807 0 0 0 
212000 100 1.98 0 10 53211.5 0 9.99803 1 763.95 0.260056 0 0 0 
213000 100 1.79 0 10 53581.8 0 9.99804 1 949.78 0.324707 0 0 0 
214000 100 1.92 0 10 53943 0 9.99805 1 932.77 0.318108 0 0 0 
215000 100 1.74 0 10 54319.4 0 9.99806 1 878.87 0.302705 0 0 0 
216000 100 2.53 0 10 54688.3 0 9.99807 1 847.49 0.287637 0 0 0 
217000 100 2.19 0 10 55061.5 0 9.99807 1 753.35 0.256489 0 0 0 
218000 100 1.63 0 10 55457.6 0 9.99808 1 776.8 0.266626 0 0 0 
219000 100 1.85 0 10 55865.4 0 9.99809 1 815.25 0.275186 0 0 0 
220000 100 2.49 0 10 56218.7 0 9.9981 1 866.14 0.297186 0 0 0 
221000 100 2.07 0 10 56608.6 0 9.99811 1 859.12 0.289506 0 0 0 
222000 100 3.22 0 10 56980.2 0 9.99812 1 1039.8 0.350675 0 0 0 
223000 100 2.05 0 10 57337.4 0 9.99813 1 955.73 0.326273 0 0 0 
224000 100 2.22 0 10 57691.8 0 9.99813 1 850.31 0.290661 0 0 0 
225000 100 2.05 0 10 58065.6 0 9.99814 1 906.41 0.309318 0 0 0 
226000 100 1.61 0 10 58431.9 0 9.99815 1 876.75 0.292817 0 0 0 
227000 100 1.63 0 10 58791.9 0 9.99816 1 885.51 0.29423 0 0 0 
228000 100 2.17 0 10 59154.7 0 9.99817 1 886.21 0.293559 0 0 0 
229000 100 2.5 0 10 59524.3 0 9.99818 1 788.34 0.256795 0 0 0 
230000 100 1.93 0 10 59902.9 0 9.99818 1 822.16 0.263548 0 0 0 
231000 100 2.23 0 10 60278.2 0 9.99819 1 937.35 0.304354 0 0 0 
232000 100 1.51 0 10 60654 0 9.9982 1 877.33 0.285195 0 0 0 
233000 100 1.72 0 10 61009.4 0 9.99821 1 830.64 0.265414 0 0 0 
234000 100 1.97 0 10 61380.1 0 9.99821 1 911.79 0.29218 0 0 0 
235000 100 2.14 0 10 61783 0 9.99822 1 808.46 0.253338 0 0 0 
236000 100 1.69 0 10 62156.1 0 9.99823 1 862.49 0.271867 0 0 0 
237000 100 1.93 0 10 62524.2 0 9.99824 1 893.04 0.284714 0 0 0 
238000 100 1.85 0 10 62895.1 0 9.99824 1 956.46 0.302483 0 0 0 
239000 100 1.87 0 10 63251 0 9.99825 1 743.28 0.23477 0 0 0 
240000 100 1.64 0 10 63624.1 0 9.99826 1 868.71 0.272228 0 0 0 
241000 100 1.74 0 10 64004.6 0 9.99827 1 734.87 0.226978 0 0 0 
242000 100 1.96 0 10 64399.4 0 9.99827 1 941.33 0.287228 0 0 0 
243000 100 2.68 0 10 64778 0 9.99828 1 843.85 0.260806 0 0 0 
244000 100 1.99 0 10 65142 0 9.99829 1 780.29 0.245095 0 0 0 
245000 100 1.87 0 10 65497.6 0 9.99829 1 713.22 0.223862 0 0 0 
246000 100 2.02 0 10 65851.1 0 9.9983 1 806.86 0.250442 0 0 0 
247000 100 1.91 0 10 66228.7 0 9.99831 1 826.28 0.251305 0 0 0 
248000 100 2.06 0 10 66588.1 0 9.99831 1 829.84 0.254309 0 0 0 
249000 100 1.88 0 10 66981.9 0 9.99832 1 755.05 0.230748 0 0 0 
250000 100 2.12 0 10 67369.1 0 9.99833 1 834.21 0.252208 0 0 0 