# Avida Average Deme Data
# Mon Apr 21 00:51:46 2014
#  1: Update
#  2: Count
#  3: Age
#  4: Births
#  5: Organisms
#  6: Generation
#  7: Births (at last replication)
#  8: Organisms (at last replication)
#  9: Merit
# 10: Gestation Time
# 11: Time Used (normalized by org fitness)
# 12: Generations between current and last founders
# 13: Events killed
# 14: Attempts to kill event

0 100 0 0 1 0 0 0 1 0 0 0 0 0 
1000 100 28.98 0 10 21.53 0 9.54456 1 14895.5 12.8601 0 0 0 
2000 100 19.96 0 10 43.16 0 9.77216 1 13635.6 11.8009 0 0 0 
3000 100 24.4 0 10 67.26 0 9.84808 1 12020 10.3937 0 0 0 
4000 100 21.55 0 10 94.77 0 9.88605 1 11291.6 9.77076 0 0 0 
5000 100 21.67 0 10 120.59 0 9.90884 1 12318.9 10.7552 0 0 0 
6000 100 20.66 0 10 147.13 0 9.92403 1 11626 10.213 0 0 0 
7000 100 22.01 0 10 178.38 0 9.93488 1 10364.9 9.32847 0 0 0 
8000 100 16.74 0 10 207.29 0 9.94302 1 10419.4 9.40422 0 0 0 
9000 100 19.32 0 10 236.59 0 9.94935 1 10369.4 9.4544 0 0 0 
10000 100 21.2 0 10 267.02 0 9.95441 1 10726.2 9.67442 0 0 0 
11000 100 19.52 0 10 297.89 0 9.95856 1 11409.5 10.219 0 0 0 
12000 100 17.79 0 10 330.33 0 9.96201 1 10403.4 9.30952 0 0 0 
13000 100 17.81 0 10 359.09 0 9.96493 1 10469.5 9.3462 0 0 0 
14000 100 18.94 0 10 393.93 0 9.96744 1 10326.4 9.09445 0 0 0 
15000 100 17.62 0 10 431.12 0 9.96961 1 9920.81 8.53093 0 0 0 
16000 100 19.3 0 10 463.32 0 9.97151 1 9873.53 8.41184 0 0 0 
17000 100 22.02 0 10 494.66 0 9.97318 1 10219.6 8.63213 0 0 0 
18000 100 21.66 0 10 524.62 0 9.97467 1 9863.89 8.38742 0 0 0 
19000 100 20.8 0 10 552.12 0 9.97601 1 10416.2 8.82063 0 0 0 
20000 100 18.98 0 10 580.37 0 9.97721 1 10778.4 9.21667 0 0 0 
21000 100 16.58 0 10 609.29 0 9.97829 1 11492.9 9.80557 0 0 0 
22000 100 18.18 0 10 640.88 0 9.97928 1 9582.44 8.16034 0 0 0 
23000 100 17.83 0 10 672.68 0 9.98018 1 10166.3 8.65306 0 0 0 
24000 100 21.9 0 10 702.29 0 9.981 1 11080.4 9.41725 0 0 0 
25000 100 15.46 0 10 730.6 0 9.98176 1 10723.5 9.22491 0 0 0 
26000 100 16.28 0 10 759.98 0 9.98247 1 10735.4 9.28611 0 0 0 
27000 100 19.58 0 10 789.94 0 9.98312 1 10706.4 9.26869 0 0 0 
28000 100 17.8 0 10 823.96 0 9.98372 1 10539.3 9.08896 0 0 0 
29000 100 22.96 0 10 857.05 0 9.98428 1 9917.99 8.46996 0 0 0 
30000 100 17.47 0 10 888.69 0 9.9848 1 10292.6 8.86594 0 0 0 
31000 100 17.49 0 10 922.75 0 9.98529 1 10473.3 9.00443 0 0 0 
32000 100 15.82 0 10 952.46 0 9.98575 1 8948.69 7.67449 0 0 0 
33000 100 19 0 10 984.24 0 9.98619 1 9577.53 8.23475 0 0 0 
34000 100 18.12 0 10 1014.67 0 9.98659 1 10438.9 8.81569 0 0 0 
35000 100 21.61 0 10 1046.8 0 9.98697 1 9629.34 7.81032 0 0 0 
36000 100 18.48 0 10 1076.94 0 9.98734 1 9407.68 7.55384 0 0 0 
37000 100 21.17 0 10 1107.68 0 9.98768 1 9857.08 7.82166 0 0 0 
38000 100 16.78 0 10 1138.72 0 9.988 1 10656.4 8.44091 0 0 0 
39000 100 18.68 0 10 1170.99 0 9.98831 1 9906.3 7.78475 0 0 0 
40000 100 14.66 0 10 1211.43 0 9.9886 1 9092.96 7.13515 0 0 0 
41000 100 13.04 0 10 1246.93 0 9.98888 1 8571.14 6.66093 0 0 0 
42000 100 16.56 0 10 1282.77 0 9.98915 1 9187.95 7.11517 0 0 0 
43000 100 14.92 0 10 1320.53 0 9.9894 1 8323.12 6.37423 0 0 0 
44000 100 15.32 0 10 1353.83 0 9.98964 1 8136.33 6.23198 0 0 0 
45000 100 15.52 0 10 1391.04 0 9.98987 1 8132.74 6.18439 0 0 0 
46000 100 15.81 0 10 1426.07 0 9.99009 1 8033.9 6.11949 0 0 0 
47000 100 15.09 0 10 1463.89 0 9.9903 1 8896.67 6.73361 0 0 0 
48000 100 14.71 0 10 1498.95 0 9.9905 1 8797.01 6.65786 0 0 0 
49000 100 15.5 0 10 1539.7 0 9.9907 1 7685.84 5.84197 0 0 0 
50000 100 13.97 0 10 1568.42 0 9.99088 1 9285.21 7.09837 0 0 0 
51000 100 13.97 0 10 1603.62 0 9.99106 1 8271.98 6.34807 0 0 0 
52000 100 13.41 0 10 1641.28 0 9.99123 1 8218.28 6.29413 0 0 0 
53000 100 16.11 0 10 1678.38 0 9.9914 1 8793.4 6.76734 0 0 0 
54000 100 15.35 0 10 1714.13 0 9.99156 1 8117.73 6.25852 0 0 0 
55000 100 16.83 0 10 1749.94 0 9.99171 1 8596.01 6.65718 0 0 0 
56000 100 16.69 0 10 1783.13 0 9.99186 1 8659.31 6.68304 0 0 0 
57000 100 13.76 0 10 1823.11 0 9.992 1 7861.21 6.08762 0 0 0 
58000 100 16.52 0 10 1862.75 0 9.99214 1 9221.05 7.07265 0 0 0 
59000 100 14.27 0 10 1899.33 0 9.99227 1 8501.87 6.52918 0 0 0 
60000 100 17.29 0 10 1934.92 0 9.9924 1 8356.11 6.39603 0 0 0 
61000 100 16.58 0 10 1971.11 0 9.99253 1 8669.97 6.64904 0 0 0 
62000 100 14.63 0 10 2008.89 0 9.99265 1 8217.57 6.26932 0 0 0 
63000 100 15.02 0 10 2044.37 0 9.99276 1 8244.47 6.27434 0 0 0 
64000 100 16.12 0 10 2078.75 0 9.99288 1 8162.89 6.17758 0 0 0 
65000 100 12.92 0 10 2118.45 0 9.99299 1 8370.61 6.25088 0 0 0 
66000 100 13.36 0 10 2162.51 0 9.99309 1 8719.95 6.48524 0 0 0 
67000 100 15.59 0 10 2203.45 0 9.9932 1 8282.48 6.07815 0 0 0 
68000 100 16.63 0 10 2243.49 0 9.9933 1 8333.85 6.10745 0 0 0 
69000 100 17.36 0 10 2282.33 0 9.99339 1 9405.9 6.89166 0 0 0 
70000 100 12.96 0 10 2323.19 0 9.99349 1 8582.94 6.21132 0 0 0 
71000 100 16.87 0 10 2357.87 0 9.99358 1 9762.95 7.08405 0 0 0 
72000 100 16.56 0 10 2393.49 0 9.99367 1 8650.1 6.2456 0 0 0 
73000 100 19.4 0 10 2430.73 0 9.99375 1 8374.04 6.03538 0 0 0 
74000 100 16.3 0 10 2465.07 0 9.99384 1 8738.03 6.29198 0 0 0 
75000 100 18.68 0 10 2501.15 0 9.99392 1 9230.59 6.64036 0 0 0 
76000 100 11.91 0 10 2536.88 0 9.994 1 9306.51 6.72437 0 0 0 
77000 100 20.27 0 10 2571.5 0 9.99408 1 8379.63 6.06432 0 0 0 
78000 100 15.75 0 10 2606.49 0 9.99416 1 9096.21 6.59187 0 0 0 
79000 100 16.57 0 10 2641.07 0 9.99423 1 8358.68 6.05967 0 0 0 
80000 100 18.13 0 10 2673.45 0 9.9943 1 8391.49 6.1306 0 0 0 
81000 100 17.12 0 10 2707.77 0 9.99437 1 8334.97 6.11096 0 0 0 
82000 100 11.95 0 10 2740.33 0 9.99444 1 8742.66 6.36903 0 0 0 
83000 100 12.18 0 10 2775.08 0 9.99451 1 8696.72 6.37558 0 0 0 
84000 100 17.89 0 10 2809.71 0 9.99457 1 8687.8 6.23199 0 0 0 
85000 100 14.15 0 10 2845.24 0 9.99464 1 8609.82 6.1668 0 0 0 
86000 100 14.65 0 10 2878.13 0 9.9947 1 9086.49 6.48801 0 0 0 
87000 100 14.95 0 10 2913.06 0 9.99476 1 8383.92 5.96988 0 0 0 
88000 100 14.03 0 10 2947.8 0 9.99482 1 8540.93 6.08511 0 0 0 
89000 100 17.93 0 10 2983.2 0 9.99488 1 8193.94 5.83716 0 0 0 
90000 100 13.63 0 10 3018.13 0 9.99493 1 9463.17 6.61178 0 0 0 
91000 100 16.24 0 10 3052.26 0 9.99499 1 9539.94 6.64685 0 0 0 
92000 100 16.13 0 10 3086.88 0 9.99504 1 9595.83 6.65527 0 0 0 
93000 100 16.12 0 10 3124.42 0 9.9951 1 8697.49 6.05032 0 0 0 
94000 100 14.5 0 10 3161.5 0 9.99515 1 8857.85 6.2039 0 0 0 
95000 100 17.26 0 10 3196.55 0 9.9952 1 10165.9 7.03658 0 0 0 
96000 100 15.93 0 10 3230.84 0 9.99525 1 8124.75 5.65237 0 0 0 
97000 100 16.04 0 10 3266.67 0 9.9953 1 8836.64 6.08444 0 0 0 
98000 100 15.19 0 10 3301.36 0 9.99535 1 9062.3 6.22688 0 0 0 
99000 100 14.71 0 10 3337.07 0 9.99539 1 9227.24 6.32417 0 0 0 
100000 100 15.33 0 10 3370.7 0 9.99544 1 8533.13 5.83884 0 0 0 
101000 100 14.53 0 10 3404.47 0 9.99549 1 8450.4 5.75722 0 0 0 
102000 100 17.68 0 10 3440.67 0 9.99553 1 9144.71 6.21377 0 0 0 
103000 100 15.25 0 10 3473.65 0 9.99557 1 8497.93 5.77599 0 0 0 
104000 100 15.83 0 10 3508.57 0 9.99562 1 8537.68 5.80127 0 0 0 
105000 100 18.84 0 10 3542.75 0 9.99566 1 8884.76 6.03718 0 0 0 
106000 100 13.09 0 10 3579.62 0 9.9957 1 8928.65 6.13712 0 0 0 
107000 100 18.06 0 10 3612.3 0 9.99574 1 9431.59 6.42601 0 0 0 
108000 100 18.46 0 10 3645.97 0 9.99578 1 8548.9 5.72726 0 0 0 
109000 100 12.86 0 10 3680.85 0 9.99582 1 8786.59 5.81748 0 0 0 
110000 100 15.84 0 10 3716 0 9.99586 1 8569.29 5.63728 0 0 0 
111000 100 16.62 0 10 3750.11 0 9.99589 1 8514.75 5.54323 0 0 0 
112000 100 16.47 0 10 3785.08 0 9.99593 1 8874.21 5.78769 0 0 0 
113000 100 15.08 0 10 3823.4 0 9.99597 1 8887.52 5.82191 0 0 0 
114000 100 18.18 0 10 3856.06 0 9.996 1 8225.63 5.36662 0 0 0 
115000 100 17.54 0 10 3887.6 0 9.99604 1 8477.26 5.66029 0 0 0 
116000 100 17.63 0 10 3923.58 0 9.99607 1 8006.14 5.31072 0 0 0 
117000 100 12.99 0 10 3958.6 0 9.9961 1 8667.1 5.77528 0 0 0 
118000 100 19.04 0 10 3994.39 0 9.99614 1 9069.99 6.01178 0 0 0 
119000 100 15.02 0 10 4029.04 0 9.99617 1 10791.1 7.18267 0 0 0 
120000 100 13.11 0 10 4063.63 0 9.9962 1 8967.4 6.00857 0 0 0 
121000 100 15.38 0 10 4103.22 0 9.99623 1 8501.31 5.83468 0 0 0 
122000 100 13.61 0 10 4143.71 0 9.99626 1 7340.57 5.0808 0 0 0 
123000 100 12.72 0 10 4184.56 0 9.99629 1 7989.6 5.50971 0 0 0 
124000 100 11.74 0 10 4232.07 0 9.99632 1 7002.1 4.78356 0 0 0 
125000 100 11.53 0 10 4285.47 0 9.99635 1 6110 4.1543 0 0 0 
126000 100 9.48 0 10 4339 0 9.99638 1 5944.25 3.98942 0 0 0 
127000 100 9.57 0 10 4386.71 0 9.99641 1 5624.73 3.78009 0 0 0 
128000 100 10.98 0 10 4442.58 0 9.99644 1 5692.99 3.78846 0 0 0 
129000 100 12.05 0 10 4510.56 0 9.99647 1 5545 3.67052 0 0 0 
130000 100 9.38 0 10 4593.21 0 9.99649 1 3793.53 2.51374 0 0 0 
131000 100 7.55 0 10 4719.23 0 9.99652 1 3646.31 2.41068 0 0 0 
132000 100 4.2 0 10 4865.04 0 9.99655 1 2167.39 1.43355 0 0 0 
133000 100 4.44 0 10 5030.76 0 9.99657 1 2040.28 1.34542 0 0 0 
134000 100 3.44 0 10 5205.55 0 9.9966 1 1684.12 1.11593 0 0 0 
135000 100 4.31 0 10 5402.72 0 9.99662 1 1420.73 0.94543 0 0 0 
136000 100 3.55 0 10 5615.3 0 9.99665 1 1689.81 1.13423 0 0 0 
137000 100 4.06 0 10 5810.32 0 9.99667 1 1544.7 1.0346 0 0 0 
138000 100 4.04 0 10 6026.52 0 9.9967 1 1500.36 0.997046 0 0 0 
139000 100 4.01 0 10 6228.02 0 9.99672 1 1503.11 0.994779 0 0 0 
140000 100 4.18 0 10 6442.48 0 9.99674 1 1423.8 0.947914 0 0 0 
141000 100 3.95 0 10 6653.49 0 9.99677 1 1532.56 1.02317 0 0 0 
142000 100 3.36 0 10 6877.94 0 9.99679 1 1606.55 1.06105 0 0 0 
143000 100 4.76 0 10 7082.09 0 9.99681 1 1536.37 1.01195 0 0 0 
144000 100 3.68 0 10 7272.56 0 9.99683 1 1675.09 1.09758 0 0 0 
145000 100 3.59 0 10 7473.43 0 9.99686 1 1407.57 0.917089 0 0 0 
146000 100 4.42 0 10 7700.5 0 9.99688 1 1592.42 1.02601 0 0 0 
147000 100 4.39 0 10 7900.49 0 9.9969 1 1457.92 0.938872 0 0 0 
148000 100 4.85 0 10 8101.88 0 9.99692 1 1618.72 1.0302 0 0 0 
149000 100 3.36 0 10 8304.93 0 9.99694 1 1716.71 1.08436 0 0 0 
150000 100 3.48 0 10 8505.54 0 9.99696 1 1639.87 1.0177 0 0 0 
151000 100 4.04 0 10 8709.97 0 9.99698 1 1407.05 0.86995 0 0 0 
152000 100 3.35 0 10 8905.8 0 9.997 1 1593.54 0.983998 0 0 0 
153000 100 3.08 0 10 9114.43 0 9.99702 1 1406.14 0.880363 0 0 0 
154000 100 3.31 0 10 9310.41 0 9.99704 1 1650.51 1.03859 0 0 0 
155000 100 3.8 0 10 9514.97 0 9.99706 1 1752.39 1.10325 0 0 0 
156000 100 3.23 0 10 9718.99 0 9.99708 1 1355.8 0.859516 0 0 0 
157000 100 2.69 0 10 9920.66 0 9.9971 1 1915.18 1.21345 0 0 0 
158000 100 3.89 0 10 10113.3 0 9.99711 1 1543.89 0.976538 0 0 0 
159000 100 3.82 0 10 10328.2 0 9.99713 1 1657.62 1.04128 0 0 0 
160000 100 3.67 0 10 10514.6 0 9.99715 1 1607 1.0236 0 0 0 
161000 100 2.96 0 10 10699.4 0 9.99717 1 1626.66 1.03246 0 0 0 
162000 100 3.8 0 10 10884.7 0 9.99719 1 1820.8 1.14893 0 0 0 
163000 100 4.94 0 10 11083.3 0 9.9972 1 1476.56 0.929242 0 0 0 
164000 100 3.22 0 10 11285 0 9.99722 1 1546.3 0.973732 0 0 0 
165000 100 3.32 0 10 11492.2 0 9.99724 1 1677.69 1.05408 0 0 0 
166000 100 4.18 0 10 11695 0 9.99725 1 1672.09 1.04834 0 0 0 
167000 100 4.48 0 10 11886.5 0 9.99727 1 1573.31 0.986104 0 0 0 
168000 100 3.99 0 10 12098.5 0 9.99729 1 1841.73 1.16314 0 0 0 
169000 100 3.06 0 10 12313.9 0 9.9973 1 1286.66 0.822933 0 0 0 
170000 100 3.92 0 10 12548.2 0 9.99732 1 1480.75 0.940498 0 0 0 
171000 100 4 0 10 12761.2 0 9.99733 1 1427.14 0.897689 0 0 0 
172000 100 4.03 0 10 12970.7 0 9.99735 1 1522.5 0.936502 0 0 0 
173000 100 3.23 0 10 13173.4 0 9.99736 1 1487.83 0.923476 0 0 0 
174000 100 4.03 0 10 13376.9 0 9.99738 1 1571.78 0.964555 0 0 0 
175000 100 4.56 0 10 13581.8 0 9.99739 1 1433.68 0.874499 0 0 0 
176000 100 2.28 0 10 13797.9 0 9.99741 1 1582.29 0.950345 0 0 0 
177000 100 4.07 0 10 14011.7 0 9.99742 1 1621 0.958592 0 0 0 
178000 100 3.46 0 10 14227.6 0 9.99744 1 1707.9 1.02377 0 0 0 
179000 100 2.9 0 10 14446.4 0 9.99745 1 1419.04 0.847887 0 0 0 
180000 100 3.3 0 10 14667.1 0 9.99747 1 1439.06 0.855756 0 0 0 
181000 100 3.04 0 10 14883.4 0 9.99748 1 1657.51 0.977074 0 0 0 
182000 100 4.04 0 10 15111.6 0 9.9975 1 1609.28 0.957639 0 0 0 
183000 100 3.2 0 10 15340 0 9.99751 1 1462.54 0.875819 0 0 0 
184000 100 4.16 0 10 15540.6 0 9.99752 1 1486.57 0.898025 0 0 0 
185000 100 3.21 0 10 15751.3 0 9.99754 1 1634.32 0.979516 0 0 0 
186000 100 2.42 0 10 15967.4 0 9.99755 1 1479.54 0.869922 0 0 0 
187000 100 3.12 0 10 16206.5 0 9.99756 1 1514.13 0.883332 0 0 0 
188000 100 2.13 0 10 16447.3 0 9.99758 1 1427.71 0.829805 0 0 0 
189000 100 3.74 0 10 16681 0 9.99759 1 1209.4 0.711192 0 0 0 
190000 100 4.03 0 10 16906.8 0 9.9976 1 1316.09 0.780145 0 0 0 
191000 100 3.66 0 10 17139.3 0 9.99761 1 1240.02 0.742633 0 0 0 
192000 100 4.24 0 10 17352.6 0 9.99763 1 1481.21 0.890565 0 0 0 
193000 100 4.47 0 10 17574.2 0 9.99764 1 1677.41 1.00624 0 0 0 
194000 100 3.31 0 10 17791 0 9.99765 1 1390.75 0.837969 0 0 0 
195000 100 3.06 0 10 18018.6 0 9.99766 1 1554.36 0.941199 0 0 0 
196000 100 3.3 0 10 18243.4 0 9.99767 1 1758.4 1.05522 0 0 0 
197000 100 3.15 0 10 18469.2 0 9.99769 1 1424.98 0.836171 0 0 0 
198000 100 3.33 0 10 18710 0 9.9977 1 1512 0.880873 0 0 0 
199000 100 3.27 0 10 18943.7 0 9.99771 1 1551.38 0.915719 0 0 0 
200000 100 3.32 0 10 19188.3 0 9.99772 1 1303.73 0.767873 0 0 0 
201000 100 3.27 0 10 19430.2 0 9.99773 1 1556.48 0.902249 0 0 0 
202000 100 3.42 0 10 19650.8 0 9.99774 1 1549.54 0.883236 0 0 0 
203000 100 3.07 0 10 19868.3 0 9.99775 1 1580.92 0.916596 0 0 0 
204000 100 3.17 0 10 20088.1 0 9.99777 1 1374.68 0.79028 0 0 0 
205000 100 4.06 0 10 20326.9 0 9.99778 1 1396.1 0.805024 0 0 0 
206000 100 3.31 0 10 20569.7 0 9.99779 1 1487.81 0.860281 0 0 0 
207000 100 3.17 0 10 20787.9 0 9.9978 1 1422.9 0.819412 0 0 0 
208000 100 3.43 0 10 21005.1 0 9.99781 1 1574.46 0.882801 0 0 0 
209000 100 2.83 0 10 21236 0 9.99782 1 1390.22 0.771652 0 0 0 
210000 100 2.77 0 10 21464.7 0 9.99783 1 1290.71 0.727232 0 0 0 
211000 100 3.73 0 10 21684.2 0 9.99784 1 1422.07 0.799231 0 0 0 
212000 100 3.08 0 10 21922.1 0 9.99785 1 1409.29 0.790162 0 0 0 
213000 100 2.08 0 10 22153.1 0 9.99786 1 1380.51 0.76076 0 0 0 
214000 100 2.66 0 10 22396.8 0 9.99787 1 1377.21 0.764213 0 0 0 
215000 100 2.88 0 10 22644.6 0 9.99788 1 1364.41 0.759222 0 0 0 
216000 100 3.22 0 10 22908.6 0 9.99789 1 1379.39 0.759223 0 0 0 
217000 100 3.21 0 10 23152.3 0 9.9979 1 1293.84 0.695631 0 0 0 
218000 100 2.8 0 10 23393 0 9.99791 1 1196.68 0.64155 0 0 0 
219000 100 3.47 0 10 23651.2 0 9.99792 1 1362.79 0.737451 0 0 0 
220000 100 2.72 0 10 23900.8 0 9.99793 1 1330.1 0.73061 0 0 0 
221000 100 2.98 0 10 24155 0 9.99794 1 1415.79 0.773604 0 0 0 
222000 100 2.49 0 10 24402.7 0 9.99795 1 1185.88 0.654494 0 0 0 
223000 100 2.69 0 10 24662.2 0 9.99796 1 1293.84 0.706896 0 0 0 
224000 100 2.29 0 10 24920.4 0 9.99796 1 1261.21 0.690787 0 0 0 
225000 100 2.99 0 10 25185.5 0 9.99797 1 1312.09 0.722979 0 0 0 
226000 100 2.31 0 10 25454.5 0 9.99798 1 1131.86 0.619812 0 0 0 
227000 100 2.21 0 10 25705.6 0 9.99799 1 1114.01 0.610051 0 0 0 
228000 100 3.86 0 10 25974.8 0 9.998 1 1423.53 0.770258 0 0 0 
229000 100 2.34 0 10 26225.3 0 9.99801 1 1288.01 0.686481 0 0 0 
230000 100 2.04 0 10 26480.4 0 9.99802 1 1232.07 0.647766 0 0 0 
231000 100 2.62 0 10 26739.2 0 9.99803 1 1252.25 0.654323 0 0 0 
232000 100 2.35 0 10 27011.7 0 9.99803 1 1216.91 0.641635 0 0 0 
233000 100 2.92 0 10 27287.7 0 9.99804 1 1112.78 0.581139 0 0 0 
234000 100 2.82 0 10 27549.3 0 9.99805 1 1227.91 0.641404 0 0 0 
235000 100 2.7 0 10 27845.6 0 9.99806 1 1017.3 0.52789 0 0 0 
236000 100 1.67 0 10 28129.9 0 9.99807 1 1117.94 0.584605 0 0 0 
237000 100 3.04 0 10 28400.2 0 9.99808 1 1156.95 0.602278 0 0 0 
238000 100 2.52 0 10 28665.7 0 9.99808 1 1211.46 0.624437 0 0 0 
239000 100 2.68 0 10 28935 0 9.99809 1 1257.14 0.649228 0 0 0 
240000 100 1.89 0 10 29224.6 0 9.9981 1 1105.44 0.580552 0 0 0 
241000 100 1.9 0 10 29506 0 9.99811 1 1151.6 0.5989 0 0 0 
242000 100 2.18 0 10 29792.7 0 9.99812 1 1252.15 0.624844 0 0 0 
243000 100 1.68 0 10 30117.6 0 9.99812 1 1015.4 0.50893 0 0 0 
244000 100 1.91 0 10 30441.1 0 9.99813 1 1170.51 0.584028 0 0 0 
245000 100 2.39 0 10 30743.2 0 9.99814 1 1115.85 0.547014 0 0 0 
246000 100 1.89 0 10 31054.9 0 9.99815 1 1182.42 0.579857 0 0 0 
247000 100 2.04 0 10 31352.8 0 9.99815 1 1129.48 0.543958 0 0 0 
248000 100 1.98 0 10 31669.2 0 9.99816 1 1167.5 0.558312 0 0 0 
249000 100 1.97 0 10 31985.3 0 9.99817 1 1104.18 0.527043 0 0 0 
250000 100 1.66 0 10 32293.1 0 9.99818 1 1232.1 0.58911 0 0 0 