# Avida Average Deme Data
# Fri Apr 18 17:22:26 2014
#  1: Update
#  2: Count
#  3: Age
#  4: Births
#  5: Organisms
#  6: Generation
#  7: Births (at last replication)
#  8: Organisms (at last replication)
#  9: Merit
# 10: Gestation Time
# 11: Time Used (normalized by org fitness)
# 12: Generations between current and last founders
# 13: Events killed
# 14: Attempts to kill event

0 100 0 0 1 0 0 0 1 0 0 0 0 0 
1000 100 23.38 0 10 21.7 0 9.55195 1 13547.1 11.7427 0 0 0 
2000 100 23.39 0 10 44.64 0 9.77586 1 13907.8 12.0409 0 0 0 
3000 100 24.94 0 10 68.48 0 9.85055 1 12981.4 11.2377 0 0 0 
4000 100 25.9 0 10 95.88 0 9.8879 1 11011.4 9.51336 0 0 0 
5000 100 19.13 0 10 122.13 0 9.91032 1 11742.6 10.1641 0 0 0 
6000 100 20.6 0 10 147.76 0 9.92526 1 11919.9 10.2824 0 0 0 
7000 100 20.6 0 10 176.24 0 9.93594 1 11725.6 9.95408 0 0 0 
8000 100 17.63 0 10 200.94 0 9.94394 1 11314.1 9.61177 0 0 0 
9000 100 12.03 0 10 246.82 0 9.95017 1 6329.65 5.30657 0 0 0 
10000 100 10.85 0 10 297.34 0 9.95515 1 5779.59 4.92713 0 0 0 
11000 100 7.4 0 10 387.02 0 9.95923 1 3008.24 2.60955 0 0 0 
12000 100 8.03 0 10 571.34 0 9.96263 1 2857.65 2.47452 0 0 0 
13000 100 7.46 0 10 751.89 0 9.9655 1 2682.4 2.32437 0 0 0 
14000 100 9.2 0 10 922.87 0 9.96797 1 2614.74 2.24941 0 0 0 
15000 100 8 0 10 1082.11 0 9.9701 1 2816.08 2.37466 0 0 0 
16000 100 6.27 0 10 1218.91 0 9.97197 1 2697.45 2.25185 0 0 0 
17000 100 4.78 0 10 1386.65 0 9.97362 1 1763.61 1.46833 0 0 0 
18000 100 4.39 0 10 1564.24 0 9.97508 1 1611.13 1.32682 0 0 0 
19000 100 6.23 0 10 1753.37 0 9.9764 1 1572.09 1.29499 0 0 0 
20000 100 5.37 0 10 1934.28 0 9.97758 1 1754.6 1.43486 0 0 0 
21000 100 6.02 0 10 2109.36 0 9.97864 1 1802.29 1.47592 0 0 0 
22000 100 4.87 0 10 2292.83 0 9.97961 1 1768.8 1.45939 0 0 0 
23000 100 4.42 0 10 2475.63 0 9.9805 1 1860.09 1.49938 0 0 0 
24000 100 3.84 0 10 2658.89 0 9.98131 1 1678.85 1.34595 0 0 0 
25000 100 4.58 0 10 2860.76 0 9.98206 1 1484.08 1.16246 0 0 0 
26000 100 3.44 0 10 3061.54 0 9.98275 1 1640.69 1.28491 0 0 0 
27000 100 3.85 0 10 3288.54 0 9.98339 1 1436.96 1.11477 0 0 0 
28000 100 3.33 0 10 3497.94 0 9.98398 1 1649.92 1.2558 0 0 0 
29000 100 3.82 0 10 3719.55 0 9.98454 1 1269.6 0.976767 0 0 0 
30000 100 3.98 0 10 3945.95 0 9.98505 1 1323.96 1.00411 0 0 0 
31000 100 4.05 0 10 4157.82 0 9.98553 1 1639.33 1.22655 0 0 0 
32000 100 2.58 0 10 4378.48 0 9.98598 1 1537.43 1.14431 0 0 0 
33000 100 4.17 0 10 4578.27 0 9.98641 1 1414.35 1.03688 0 0 0 
34000 100 3.47 0 10 4775.7 0 9.98681 1 1549.99 1.11769 0 0 0 
35000 100 3.4 0 10 4989.92 0 9.98719 1 1412.93 1.02734 0 0 0 
36000 100 3.69 0 10 5207.64 0 9.98754 1 1459.71 1.09147 0 0 0 
37000 100 3.81 0 10 5427.92 0 9.98788 1 1470.91 1.06394 0 0 0 
38000 100 3.23 0 10 5662.27 0 9.9882 1 1413.73 1.00298 0 0 0 
39000 100 4.42 0 10 5869.29 0 9.9885 1 1613.64 1.15146 0 0 0 
40000 100 3.45 0 10 6080.04 0 9.98879 1 1667.09 1.19217 0 0 0 
41000 100 3.6 0 10 6285.67 0 9.98906 1 1582 1.09909 0 0 0 
42000 100 3.71 0 10 6468.26 0 9.98932 1 1673.16 1.15835 0 0 0 
43000 100 4.5 0 10 6681.66 0 9.98957 1 1546.11 1.06606 0 0 0 
44000 100 4.58 0 10 6895.14 0 9.98981 1 1625.13 1.07435 0 0 0 
45000 100 3.88 0 10 7099.36 0 9.99003 1 1455.85 0.949249 0 0 0 
46000 100 3.81 0 10 7313.66 0 9.99025 1 1642.78 1.06544 0 0 0 
47000 100 3.63 0 10 7536.14 0 9.99046 1 1607.92 1.04048 0 0 0 
48000 100 4.61 0 10 7726.35 0 9.99066 1 1509.41 0.979393 0 0 0 
49000 100 4.05 0 10 7929.79 0 9.99085 1 1407.95 0.916436 0 0 0 
50000 100 4.4 0 10 8151.76 0 9.99103 1 1476.94 0.95466 0 0 0 
51000 100 3.02 0 10 8367.71 0 9.99121 1 1453.44 0.938036 0 0 0 
52000 100 4.33 0 10 8602.67 0 9.99138 1 1267.37 0.799541 0 0 0 
53000 100 2.7 0 10 8862.86 0 9.99154 1 1235.41 0.782602 0 0 0 
54000 100 3.31 0 10 9137.92 0 9.99169 1 1109.03 0.686262 0 0 0 
55000 100 3.73 0 10 9408.56 0 9.99185 1 1104.46 0.680016 0 0 0 
56000 100 2.8 0 10 9665.68 0 9.99199 1 1194.22 0.740166 0 0 0 
57000 100 2.83 0 10 9905.22 0 9.99213 1 1268.91 0.774143 0 0 0 
58000 100 3.28 0 10 10131.6 0 9.99227 1 1235.88 0.74184 0 0 0 
59000 100 2.9 0 10 10367.2 0 9.9924 1 1196.79 0.71475 0 0 0 
60000 100 2.5 0 10 10628.7 0 9.99253 1 1226.52 0.700543 0 0 0 
61000 100 3.25 0 10 10894.3 0 9.99265 1 1157.74 0.651717 0 0 0 
62000 100 2.7 0 10 11144.8 0 9.99277 1 1247.61 0.699775 0 0 0 
63000 100 2.34 0 10 11408.9 0 9.99288 1 1210.55 0.680114 0 0 0 
64000 100 3.26 0 10 11649.5 0 9.99299 1 1252.68 0.691095 0 0 0 
65000 100 2.43 0 10 11901.5 0 9.9931 1 1032.15 0.558542 0 0 0 
66000 100 2.1 0 10 12213.1 0 9.9932 1 1156.45 0.623547 0 0 0 
67000 100 2.58 0 10 12524.2 0 9.99331 1 1232.81 0.650956 0 0 0 
68000 100 2.39 0 10 12834.4 0 9.9934 1 1027.31 0.546848 0 0 0 
69000 100 2.11 0 10 13149.8 0 9.9935 1 899.92 0.485351 0 0 0 
70000 100 2.13 0 10 13484 0 9.99359 1 1074.12 0.580115 0 0 0 
71000 100 2.16 0 10 13827.2 0 9.99368 1 909.46 0.47947 0 0 0 
72000 100 2.05 0 10 14170.9 0 9.99377 1 1006.17 0.537077 0 0 0 
73000 100 1.53 0 10 14530.4 0 9.99386 1 891.62 0.466418 0 0 0 
74000 100 1.5 0 10 14913.2 0 9.99394 1 887.15 0.449343 0 0 0 
75000 100 1.51 0 10 15263.4 0 9.99402 1 963.97 0.48363 0 0 0 
76000 100 1.26 0 10 15624.7 0 9.9941 1 870.28 0.43226 0 0 0 
77000 100 1.76 0 10 15998.7 0 9.99418 1 829.05 0.407018 0 0 0 
78000 100 1.96 0 10 16358.4 0 9.99425 1 797.84 0.379596 0 0 0 
79000 100 1.43 0 10 16736.2 0 9.99432 1 818.95 0.387607 0 0 0 
80000 100 1.61 0 10 17097 0 9.99439 1 856.98 0.416515 0 0 0 
81000 100 1.64 0 10 17455.1 0 9.99446 1 942.67 0.454382 0 0 0 
82000 100 1.7 0 10 17813.1 0 9.99453 1 903.24 0.430644 0 0 0 
83000 100 1.8 0 10 18177 0 9.9946 1 836.4 0.385434 0 0 0 
84000 100 1.7 0 10 18540 0 9.99466 1 893.86 0.420451 0 0 0 
85000 100 1.43 0 10 18900.1 0 9.99472 1 886.4 0.413808 0 0 0 
86000 100 1.33 0 10 19258.5 0 9.99478 1 892.28 0.417209 0 0 0 
87000 100 1.81 0 10 19609.1 0 9.99484 1 832.53 0.389547 0 0 0 
88000 100 1.39 0 10 19961.7 0 9.9949 1 874.76 0.42343 0 0 0 
89000 100 1.6 0 10 20324.6 0 9.99496 1 781.67 0.377701 0 0 0 
90000 100 1.75 0 10 20679.7 0 9.99502 1 770.79 0.373389 0 0 0 
91000 100 1.62 0 10 21035.4 0 9.99507 1 828.55 0.410738 0 0 0 
92000 100 1.59 0 10 21397.3 0 9.99513 1 947.41 0.452283 0 0 0 
93000 100 1.34 0 10 21752.2 0 9.99518 1 911.71 0.435029 0 0 0 
94000 100 1.36 0 10 22115.1 0 9.99523 1 911.17 0.434166 0 0 0 
95000 100 1.77 0 10 22471.2 0 9.99528 1 863.54 0.422738 0 0 0 
96000 100 1.23 0 10 22815.2 0 9.99533 1 899.24 0.455569 0 0 0 
97000 100 1.66 0 10 23164.8 0 9.99538 1 978.25 0.488525 0 0 0 
98000 100 1.57 0 10 23525.8 0 9.99542 1 995.34 0.495274 0 0 0 
99000 100 1.53 0 10 23896.7 0 9.99547 1 929.67 0.469478 0 0 0 
100000 100 1.53 0 10 24264 0 9.99552 1 815.81 0.414291 0 0 0 
101000 100 1.87 0 10 24632.5 0 9.99556 1 946.5 0.466002 0 0 0 
102000 100 1.94 0 10 24984.8 0 9.9956 1 850.72 0.411728 0 0 0 
103000 100 1.51 0 10 25338 0 9.99565 1 875.43 0.424386 0 0 0 
104000 100 1.35 0 10 25697.3 0 9.99569 1 891.26 0.430349 0 0 0 
105000 100 1.76 0 10 26058.3 0 9.99573 1 812.74 0.389141 0 0 0 
106000 100 1.71 0 10 26415.5 0 9.99577 1 971.98 0.466486 0 0 0 
107000 100 1.43 0 10 26772.5 0 9.99581 1 952.1 0.460805 0 0 0 
108000 100 1.21 0 10 27117.8 0 9.99585 1 853.36 0.41504 0 0 0 
109000 100 1.79 0 10 27474.1 0 9.99589 1 971.19 0.465076 0 0 0 
110000 100 1.57 0 10 27832 0 9.99592 1 880.7 0.431869 0 0 0 
111000 100 1.45 0 10 28186.4 0 9.99596 1 899.86 0.431069 0 0 0 
112000 100 1.71 0 10 28533.3 0 9.996 1 774.33 0.376268 0 0 0 
113000 100 1.68 0 10 28888.5 0 9.99603 1 908.94 0.443555 0 0 0 
114000 100 1.47 0 10 29254.9 0 9.99607 1 884.02 0.435064 0 0 0 
115000 100 1.41 0 10 29612.9 0 9.9961 1 784.09 0.382207 0 0 0 
116000 100 1.67 0 10 29995.4 0 9.99613 1 863.53 0.413335 0 0 0 
117000 100 1.6 0 10 30358.9 0 9.99617 1 848.35 0.403315 0 0 0 
118000 100 2.01 0 10 30703.9 0 9.9962 1 944.42 0.437817 0 0 0 
119000 100 1.59 0 10 31072.7 0 9.99623 1 909.58 0.417693 0 0 0 
120000 100 2.04 0 10 31440.2 0 9.99626 1 910.33 0.415485 0 0 0 
121000 100 1.98 0 10 31807.1 0 9.99629 1 1019.1 0.461616 0 0 0 
122000 100 1.66 0 10 32162.6 0 9.99632 1 830.35 0.376478 0 0 0 
123000 100 1.75 0 10 32521.7 0 9.99635 1 853.03 0.38298 0 0 0 
124000 100 1.56 0 10 32870.2 0 9.99638 1 884.66 0.400155 0 0 0 
125000 100 1.68 0 10 33197.1 0 9.99641 1 929.3 0.422596 0 0 0 
126000 100 1.73 0 10 33554.8 0 9.99644 1 935.91 0.434097 0 0 0 
127000 100 1.61 0 10 33901 0 9.99647 1 803.64 0.36723 0 0 0 
128000 100 1.59 0 10 34257.7 0 9.9965 1 770.86 0.356125 0 0 0 
129000 100 1.75 0 10 34605 0 9.99652 1 855.35 0.3913 0 0 0 
130000 100 1.9 0 10 34961.6 0 9.99655 1 897.61 0.405103 0 0 0 
131000 100 1.54 0 10 35315 0 9.99658 1 877.62 0.389306 0 0 0 
132000 100 1.7 0 10 35674.5 0 9.9966 1 795.82 0.352859 0 0 0 
133000 100 1.59 0 10 36033.3 0 9.99663 1 899.36 0.39335 0 0 0 
134000 100 1.76 0 10 36396.8 0 9.99665 1 888.56 0.388451 0 0 0 
135000 100 1.47 0 10 36740.4 0 9.99668 1 894.25 0.385424 0 0 0 
136000 100 2.73 0 10 37084.4 0 9.9967 1 856.15 0.37041 0 0 0 
137000 100 1.61 0 10 37446 0 9.99673 1 931.97 0.399599 0 0 0 
138000 100 1.54 0 10 37798.7 0 9.99675 1 1037.58 0.435737 0 0 0 
139000 100 1.34 0 10 38140 0 9.99677 1 892.98 0.373325 0 0 0 
140000 100 1.44 0 10 38499.3 0 9.9968 1 918.23 0.375527 0 0 0 
141000 100 1.92 0 10 38847 0 9.99682 1 964.17 0.392446 0 0 0 
142000 100 1.88 0 10 39208.6 0 9.99684 1 822.35 0.332929 0 0 0 
143000 100 1.85 0 10 39551.6 0 9.99686 1 848.39 0.342527 0 0 0 
144000 100 1.66 0 10 39917.9 0 9.99689 1 925.42 0.370237 0 0 0 
145000 100 1.54 0 10 40266.2 0 9.99691 1 914.77 0.373593 0 0 0 
146000 100 1.91 0 10 40639.6 0 9.99693 1 846.18 0.335024 0 0 0 
147000 100 1.79 0 10 40993.2 0 9.99695 1 810.18 0.321521 0 0 0 
148000 100 1.44 0 10 41337.6 0 9.99697 1 856.41 0.332933 0 0 0 
149000 100 1.71 0 10 41694.3 0 9.99699 1 899.5 0.343921 0 0 0 
150000 100 1.45 0 10 42059.7 0 9.99701 1 859.98 0.328159 0 0 0 
151000 100 1.59 0 10 42420 0 9.99703 1 907.34 0.339084 0 0 0 
152000 100 1.96 0 10 42782.8 0 9.99705 1 759.28 0.283823 0 0 0 
153000 100 1.9 0 10 43147.3 0 9.99707 1 895.35 0.336757 0 0 0 
154000 100 1.38 0 10 43501.8 0 9.99709 1 790.34 0.302202 0 0 0 
155000 100 1.41 0 10 43855.2 0 9.99711 1 830.54 0.314472 0 0 0 
156000 100 2.06 0 10 44221.7 0 9.99713 1 773.41 0.292194 0 0 0 
157000 100 2 0 10 44570.9 0 9.99714 1 950.85 0.354475 0 0 0 
158000 100 1.26 0 10 44921 0 9.99716 1 886.5 0.328191 0 0 0 
159000 100 1.81 0 10 45274.1 0 9.99718 1 851.41 0.310221 0 0 0 
160000 100 1.6 0 10 45634.7 0 9.9972 1 895.99 0.318762 0 0 0 
161000 100 1.66 0 10 46009.6 0 9.99721 1 900.44 0.320523 0 0 0 
162000 100 1.21 0 10 46360.1 0 9.99723 1 839.3 0.298403 0 0 0 
163000 100 1.54 0 10 46717.4 0 9.99725 1 873.71 0.307885 0 0 0 
164000 100 1.5 0 10 47058.4 0 9.99727 1 806.82 0.282001 0 0 0 
165000 100 1.82 0 10 47413.9 0 9.99728 1 918.97 0.320802 0 0 0 
166000 100 1.63 0 10 47766.1 0 9.9973 1 913.51 0.317747 0 0 0 
167000 100 1.76 0 10 48110.3 0 9.99731 1 877.47 0.297812 0 0 0 
168000 100 1.66 0 10 48462.8 0 9.99733 1 903.33 0.304438 0 0 0 
169000 100 1.89 0 10 48830 0 9.99735 1 939.99 0.318973 0 0 0 
170000 100 1.55 0 10 49192.9 0 9.99736 1 896.81 0.301659 0 0 0 
171000 100 1.62 0 10 49554.5 0 9.99738 1 901.48 0.303429 0 0 0 
172000 100 2 0 10 49898.4 0 9.99739 1 864.22 0.285215 0 0 0 
173000 100 1.71 0 10 50247.7 0 9.99741 1 933 0.307353 0 0 0 
174000 100 1.96 0 10 50594.5 0 9.99742 1 814.44 0.266589 0 0 0 
175000 100 1.81 0 10 50962.1 0 9.99744 1 883.8 0.288527 0 0 0 
176000 100 1.55 0 10 51303.5 0 9.99745 1 1026.44 0.333895 0 0 0 
177000 100 2.1 0 10 51666.1 0 9.99747 1 802.34 0.2586 0 0 0 
178000 100 1.49 0 10 52023.2 0 9.99748 1 829.8 0.265227 0 0 0 
179000 100 2.19 0 10 52374.8 0 9.99749 1 864.76 0.280029 0 0 0 
180000 100 1.92 0 10 52735.2 0 9.99751 1 825.63 0.268742 0 0 0 
181000 100 1.87 0 10 53099.3 0 9.99752 1 855.37 0.276322 0 0 0 
182000 100 1.57 0 10 53442.2 0 9.99754 1 866.99 0.277599 0 0 0 
183000 100 1.65 0 10 53794.4 0 9.99755 1 879.26 0.284646 0 0 0 
184000 100 1.41 0 10 54166.4 0 9.99756 1 945.44 0.313148 0 0 0 
185000 100 1.37 0 10 54528.8 0 9.99758 1 921.21 0.303661 0 0 0 
186000 100 2.26 0 10 54886.4 0 9.99759 1 918.71 0.303914 0 0 0 
187000 100 1.84 0 10 55249.4 0 9.9976 1 914.72 0.299734 0 0 0 
188000 100 1.51 0 10 55605.9 0 9.99761 1 901.22 0.291348 0 0 0 
189000 100 2.09 0 10 55944.7 0 9.99763 1 896.02 0.290293 0 0 0 
190000 100 1.8 0 10 56303.7 0 9.99764 1 946.22 0.30783 0 0 0 
191000 100 1.73 0 10 56644.5 0 9.99765 1 841.51 0.268298 0 0 0 
192000 100 1.7 0 10 56991.4 0 9.99766 1 867.43 0.275789 0 0 0 
193000 100 1.99 0 10 57354.9 0 9.99768 1 836.81 0.26753 0 0 0 
194000 100 1.73 0 10 57710.5 0 9.99769 1 823.34 0.257814 0 0 0 
195000 100 1.91 0 10 58059 0 9.9977 1 957.61 0.300651 0 0 0 
196000 100 1.41 0 10 58387.4 0 9.99771 1 907.89 0.28713 0 0 0 
197000 100 1.73 0 10 58727 0 9.99772 1 796.64 0.249016 0 0 0 
198000 100 1.77 0 10 59073.9 0 9.99773 1 995.35 0.316117 0 0 0 
199000 100 2.33 0 10 59411.3 0 9.99775 1 997.73 0.314501 0 0 0 
200000 100 1.74 0 10 59761.9 0 9.99776 1 913.12 0.285955 0 0 0 
201000 100 1.66 0 10 60099.8 0 9.99777 1 884.97 0.276446 0 0 0 
202000 100 1.78 0 10 60444 0 9.99778 1 920.03 0.287031 0 0 0 
203000 100 1.48 0 10 60789.7 0 9.99779 1 962.5 0.295803 0 0 0 
204000 100 1.91 0 10 61150.2 0 9.9978 1 1003.13 0.305469 0 0 0 
205000 100 2.45 0 10 61495.3 0 9.99781 1 914.5 0.276035 0 0 0 
206000 100 1.4 0 10 61859.1 0 9.99782 1 876.03 0.262353 0 0 0 
207000 100 1.58 0 10 62212.6 0 9.99783 1 898.42 0.268432 0 0 0 
208000 100 1.58 0 10 62561.1 0 9.99784 1 898.72 0.270555 0 0 0 
209000 100 1.7 0 10 62924.2 0 9.99785 1 968.3 0.291517 0 0 0 
210000 100 1.59 0 10 63281.7 0 9.99786 1 858.68 0.257602 0 0 0 
211000 100 2.19 0 10 63635.5 0 9.99787 1 987.2 0.292991 0 0 0 
212000 100 1.87 0 10 63992.3 0 9.99788 1 859.45 0.254113 0 0 0 
213000 100 2.18 0 10 64348.1 0 9.99789 1 942.18 0.279175 0 0 0 
214000 100 1.62 0 10 64712.1 0 9.9979 1 805.64 0.234093 0 0 0 
215000 100 1.83 0 10 65081.7 0 9.99791 1 799.33 0.230804 0 0 0 
216000 100 1.43 0 10 65444.6 0 9.99792 1 759.53 0.222499 0 0 0 
217000 100 1.64 0 10 65818 0 9.99793 1 919.12 0.263077 0 0 0 
218000 100 1.69 0 10 66171.3 0 9.99794 1 869.21 0.247786 0 0 0 
219000 100 1.92 0 10 66534.3 0 9.99795 1 864.4 0.244153 0 0 0 
220000 100 1.45 0 10 66884.5 0 9.99796 1 766.19 0.21734 0 0 0 
221000 100 1.68 0 10 67284.4 0 9.99797 1 810.34 0.227123 0 0 0 
222000 100 1.9 0 10 67634.3 0 9.99798 1 926.69 0.259084 0 0 0 
223000 100 1.53 0 10 67995.9 0 9.99799 1 906.49 0.253619 0 0 0 
224000 100 1.87 0 10 68365.6 0 9.998 1 905.68 0.253251 0 0 0 
225000 100 1.69 0 10 68704.2 0 9.99801 1 846.55 0.23682 0 0 0 
226000 100 1.43 0 10 69059.8 0 9.99802 1 853.12 0.234782 0 0 0 
227000 100 1.45 0 10 69417.1 0 9.99802 1 948.44 0.261924 0 0 0 
228000 100 2.14 0 10 69763.8 0 9.99803 1 910.57 0.251908 0 0 0 
229000 100 1.72 0 10 70120.3 0 9.99804 1 833.11 0.229756 0 0 0 
230000 100 1.72 0 10 70484.4 0 9.99805 1 845.46 0.233336 0 0 0 
231000 100 1.6 0 10 70863.3 0 9.99806 1 797.35 0.215751 0 0 0 
232000 100 1.64 0 10 71229.8 0 9.99807 1 770.37 0.210006 0 0 0 
233000 100 1.64 0 10 71606.5 0 9.99808 1 799.45 0.217162 0 0 0 
234000 100 1.75 0 10 71967.8 0 9.99808 1 904.62 0.24771 0 0 0 
235000 100 1.81 0 10 72327.2 0 9.99809 1 823.04 0.226976 0 0 0 
236000 100 1.74 0 10 72657.8 0 9.9981 1 882.27 0.242446 0 0 0 
237000 100 1.45 0 10 73016.7 0 9.99811 1 943.85 0.25973 0 0 0 
238000 100 1.83 0 10 73361.1 0 9.99812 1 928.61 0.25538 0 0 0 
239000 100 1.41 0 10 73705.4 0 9.99812 1 825.21 0.224722 0 0 0 
240000 100 1.68 0 10 74074.9 0 9.99813 1 857.47 0.231097 0 0 0 
241000 100 1.47 0 10 74416.6 0 9.99814 1 835.8 0.221641 0 0 0 
242000 100 1.75 0 10 74759.8 0 9.99815 1 893.49 0.23428 0 0 0 
243000 100 1.79 0 10 75123.4 0 9.99815 1 878.91 0.228398 0 0 0 
244000 100 1.96 0 10 75478.8 0 9.99816 1 868.3 0.225881 0 0 0 
245000 100 1.73 0 10 75836.5 0 9.99817 1 899.93 0.234058 0 0 0 
246000 100 1.66 0 10 76193.4 0 9.99818 1 891.84 0.235156 0 0 0 
247000 100 1.53 0 10 76549.6 0 9.99818 1 774.59 0.207975 0 0 0 
248000 100 1.82 0 10 76907.4 0 9.99819 1 797.1 0.210577 0 0 0 
249000 100 1.58 0 10 77267.5 0 9.9982 1 822.84 0.214627 0 0 0 
250000 100 1.99 0 10 77633.1 0 9.99821 1 973.67 0.255315 0 0 0 