# Avida Average Deme Data
# Thu Apr 17 11:50:30 2014
#  1: Update
#  2: Count
#  3: Age
#  4: Births
#  5: Organisms
#  6: Generation
#  7: Births (at last replication)
#  8: Organisms (at last replication)
#  9: Merit
# 10: Gestation Time
# 11: Time Used (normalized by org fitness)
# 12: Generations between current and last founders
# 13: Events killed
# 14: Attempts to kill event

0 100 0 0 1 0 0 0 1 0 0 0 0 0 
1000 100 23.18 0 10 21.24 0 9.53626 1 14809.1 12.7786 0 0 0 
2000 100 26.9 0 10 43.37 0 9.76802 1 12883.2 11.099 0 0 0 
3000 100 27.99 0 10 64.24 0 9.84532 1 15278.7 13.0802 0 0 0 
4000 100 27.18 0 10 90.97 0 9.88398 1 13586.2 11.4624 0 0 0 
5000 100 26.8 0 10 113.67 0 9.90718 1 14080.2 11.816 0 0 0 
6000 100 25.03 0 10 137.78 0 9.92265 1 13395.5 11.1884 0 0 0 
7000 100 20.57 0 10 166.04 0 9.9337 1 12166.4 10.2166 0 0 0 
8000 100 21.22 0 10 195.29 0 9.94198 1 11139.4 9.32276 0 0 0 
9000 100 15.95 0 10 223.63 0 9.94843 1 10518.3 8.92335 0 0 0 
10000 100 21.41 0 10 252.11 0 9.95358 1 10428.9 8.88663 0 0 0 
11000 100 21.13 0 10 279.8 0 9.9578 1 10598.9 9.13393 0 0 0 
12000 100 15.43 0 10 311.76 0 9.96132 1 9252.29 8.1187 0 0 0 
13000 100 13.41 0 10 344.34 0 9.9643 1 8301.53 7.26643 0 0 0 
14000 100 12.49 0 10 377.8 0 9.96685 1 9051.64 7.86921 0 0 0 
15000 100 16.49 0 10 412.58 0 9.96906 1 8171.52 7.21094 0 0 0 
16000 100 18.35 0 10 449.71 0 9.97099 1 8423.48 7.41217 0 0 0 
17000 100 15.53 0 10 482.94 0 9.9727 1 9241.71 8.26143 0 0 0 
18000 100 14.25 0 10 521.42 0 9.97421 1 7779.04 7.00974 0 0 0 
19000 100 13.62 0 10 559.44 0 9.97557 1 9293.05 8.31874 0 0 0 
20000 100 17.74 0 10 595.17 0 9.97679 1 7702.53 6.88354 0 0 0 
21000 100 15.79 0 10 636.29 0 9.9779 1 8426.48 7.46267 0 0 0 
22000 100 15.14 0 10 675.42 0 9.9789 1 8714.09 7.70667 0 0 0 
23000 100 15.68 0 10 711.47 0 9.97982 1 8890.69 7.85578 0 0 0 
24000 100 17.13 0 10 746.55 0 9.98066 1 9621.29 8.43709 0 0 0 
25000 100 14.96 0 10 782.42 0 9.98143 1 9006.01 7.82265 0 0 0 
26000 100 16.22 0 10 819.15 0 9.98215 1 8358.34 7.24248 0 0 0 
27000 100 15.17 0 10 854.59 0 9.98281 1 7599.87 6.54077 0 0 0 
28000 100 18.83 0 10 891.75 0 9.98342 1 8713.27 7.40485 0 0 0 
29000 100 15.1 0 10 927.61 0 9.98399 1 8352.02 7.02796 0 0 0 
30000 100 16.86 0 10 960.93 0 9.98453 1 8335.75 6.97417 0 0 0 
31000 100 15.13 0 10 998.45 0 9.98503 1 8674.72 7.25439 0 0 0 
32000 100 14.56 0 10 1030.05 0 9.98549 1 8330.86 7.01043 0 0 0 
33000 100 16.77 0 10 1069.33 0 9.98593 1 9580.35 7.93606 0 0 0 
34000 100 18.57 0 10 1101.28 0 9.98635 1 8651.23 7.27303 0 0 0 
35000 100 15.98 0 10 1138.53 0 9.98674 1 7994.64 6.72547 0 0 0 
36000 100 16.07 0 10 1178.51 0 9.98711 1 8192.76 6.8162 0 0 0 
37000 100 15.22 0 10 1223.73 0 9.98745 1 8990.06 7.29128 0 0 0 
38000 100 13.13 0 10 1260.05 0 9.98778 1 9290.98 7.42298 0 0 0 
39000 100 16.95 0 10 1286.13 0 9.9881 1 8187.89 6.73017 0 0 0 
40000 100 17.55 0 10 1311.67 0 9.9884 1 8342.9 6.8843 0 0 0 
41000 100 15.92 0 10 1349.15 0 9.98868 1 8848.48 7.25094 0 0 0 
42000 100 17.09 0 10 1384.94 0 9.98895 1 7976 6.60576 0 0 0 
43000 100 15.79 0 10 1421.79 0 9.9892 1 8661.57 7.13064 0 0 0 
44000 100 13.75 0 10 1457.36 0 9.98945 1 8635.18 7.0396 0 0 0 
45000 100 15.11 0 10 1493.8 0 9.98968 1 9639.3 7.773 0 0 0 
46000 100 15.98 0 10 1533.05 0 9.98991 1 7887.99 6.36906 0 0 0 
47000 100 20 0 10 1569.46 0 9.99012 1 7949.61 6.39186 0 0 0 
48000 100 16.19 0 10 1607.85 0 9.99033 1 8626.52 6.86256 0 0 0 
49000 100 16.71 0 10 1642.46 0 9.99053 1 8899.25 7.05624 0 0 0 
50000 100 14.85 0 10 1682.34 0 9.99072 1 8168.83 6.41551 0 0 0 
51000 100 16.38 0 10 1723.92 0 9.9909 1 8658.98 6.77683 0 0 0 
52000 100 18.31 0 10 1765.1 0 9.99107 1 7372.58 5.67701 0 0 0 
53000 100 14.59 0 10 1802.74 0 9.99124 1 8324.83 6.38084 0 0 0 
54000 100 16.75 0 10 1839.54 0 9.9914 1 8588.34 6.59809 0 0 0 
55000 100 14.7 0 10 1876.6 0 9.99156 1 8485.17 6.42604 0 0 0 
56000 100 16.27 0 10 1913.34 0 9.99171 1 8256.08 6.21041 0 0 0 
57000 100 13.15 0 10 1950.26 0 9.99186 1 8147.05 6.14997 0 0 0 
58000 100 15.78 0 10 1985.76 0 9.992 1 7883.81 5.97816 0 0 0 
59000 100 15.63 0 10 2023.45 0 9.99213 1 8166.44 6.07185 0 0 0 
60000 100 18.07 0 10 2061.07 0 9.99226 1 8122.8 5.94438 0 0 0 
61000 100 17.98 0 10 2100.34 0 9.99239 1 7820.98 5.63634 0 0 0 
62000 100 15.57 0 10 2138.1 0 9.99251 1 8194.48 5.92093 0 0 0 
63000 100 14.48 0 10 2176.42 0 9.99263 1 8477.65 6.0653 0 0 0 
64000 100 19.22 0 10 2213.73 0 9.99275 1 7758.91 5.47432 0 0 0 
65000 100 17.21 0 10 2250.23 0 9.99286 1 8563.73 6.08695 0 0 0 
66000 100 14.97 0 10 2288.18 0 9.99297 1 7880.7 5.53048 0 0 0 
67000 100 7.96 0 10 2346 0 9.99307 1 3677.8 2.61087 0 0 0 
68000 100 4.32 0 10 2532.01 0 9.99317 1 1893.76 1.34677 0 0 0 
69000 100 4.83 0 10 2768.05 0 9.99327 1 1290.62 0.904515 0 0 0 
70000 100 2.96 0 10 3010.88 0 9.99337 1 1545.4 1.09318 0 0 0 
71000 100 3.58 0 10 3257.92 0 9.99346 1 1397.08 0.99561 0 0 0 
72000 100 3.26 0 10 3463.49 0 9.99355 1 1296.24 0.912701 0 0 0 
73000 100 3.11 0 10 3726.11 0 9.99364 1 1413.3 0.994559 0 0 0 
74000 100 3.51 0 10 3969.03 0 9.99373 1 1225.64 0.857335 0 0 0 
75000 100 2.62 0 10 4248.37 0 9.99381 1 1254.95 0.896111 0 0 0 
76000 100 2.2 0 10 4531.8 0 9.99389 1 1197.36 0.858568 0 0 0 
77000 100 2.75 0 10 4844.58 0 9.99397 1 967.35 0.671575 0 0 0 
78000 100 2.18 0 10 5151.37 0 9.99405 1 1084.33 0.749765 0 0 0 
79000 100 2.61 0 10 5443.32 0 9.99412 1 1141.58 0.784387 0 0 0 
80000 100 2.5 0 10 5765.97 0 9.9942 1 953.23 0.654717 0 0 0 
81000 100 1.72 0 10 6089.44 0 9.99427 1 991.3 0.681846 0 0 0 
82000 100 1.55 0 10 6424.75 0 9.99434 1 1003.53 0.684939 0 0 0 
83000 100 2.1 0 10 6744.1 0 9.99441 1 979.66 0.670307 0 0 0 
84000 100 1.98 0 10 7049.89 0 9.99447 1 928.35 0.632438 0 0 0 
85000 100 1.65 0 10 7357.96 0 9.99454 1 1023.05 0.688262 0 0 0 
86000 100 1.92 0 10 7687.16 0 9.9946 1 1095.11 0.716779 0 0 0 
87000 100 2.06 0 10 7991.87 0 9.99466 1 894 0.575128 0 0 0 
88000 100 1.76 0 10 8297.24 0 9.99473 1 1142.52 0.7199 0 0 0 
89000 100 1.43 0 10 8636.79 0 9.99478 1 827.28 0.52275 0 0 0 
90000 100 1.1 0 10 8987.97 0 9.99484 1 935.51 0.573128 0 0 0 
91000 100 1.95 0 10 9333.59 0 9.9949 1 862.75 0.512324 0 0 0 
92000 100 2.12 0 10 9691.17 0 9.99495 1 895.84 0.531262 0 0 0 
93000 100 2.01 0 10 10042.5 0 9.99501 1 911.93 0.544372 0 0 0 
94000 100 1.29 0 10 10397.7 0 9.99506 1 820.33 0.489905 0 0 0 
95000 100 1.66 0 10 10776.1 0 9.99511 1 753.35 0.45304 0 0 0 
96000 100 1.56 0 10 11134.1 0 9.99516 1 732.12 0.451726 0 0 0 
97000 100 1.68 0 10 11507.1 0 9.99521 1 871.51 0.556431 0 0 0 
98000 100 1.65 0 10 11884.8 0 9.99526 1 929.09 0.585188 0 0 0 
99000 100 1.3 0 10 12275.9 0 9.99531 1 803.47 0.491918 0 0 0 
100000 100 1.91 0 10 12648.2 0 9.99536 1 875.84 0.527429 0 0 0 
101000 100 1.51 0 10 13027.5 0 9.9954 1 814.5 0.472101 0 0 0 
102000 100 1.52 0 10 13407.9 0 9.99545 1 794.05 0.453594 0 0 0 
103000 100 1.97 0 10 13782.7 0 9.99549 1 930.25 0.519984 0 0 0 
104000 100 1.34 0 10 14145.8 0 9.99554 1 823.67 0.457722 0 0 0 
105000 100 1.67 0 10 14523.8 0 9.99558 1 771.54 0.426913 0 0 0 
106000 100 1.71 0 10 14905.5 0 9.99562 1 812.57 0.447754 0 0 0 
107000 100 1.51 0 10 15268.5 0 9.99566 1 830.13 0.449487 0 0 0 
108000 100 1.85 0 10 15654.2 0 9.9957 1 833.58 0.444926 0 0 0 
109000 100 1.46 0 10 16010.9 0 9.99574 1 856.66 0.457552 0 0 0 
110000 100 1.62 0 10 16389.7 0 9.99578 1 782.51 0.408215 0 0 0 
111000 100 1.61 0 10 16760.9 0 9.99582 1 863.89 0.434748 0 0 0 
112000 100 1.36 0 10 17123.8 0 9.99586 1 953.34 0.478203 0 0 0 
113000 100 1.57 0 10 17469 0 9.99589 1 958.56 0.476593 0 0 0 
114000 100 1.73 0 10 17848.1 0 9.99593 1 948.04 0.473497 0 0 0 
115000 100 1.62 0 10 18230 0 9.99596 1 972.33 0.473626 0 0 0 
116000 100 1.55 0 10 18580.7 0 9.996 1 725.49 0.353712 0 0 0 
117000 100 1.39 0 10 18946.7 0 9.99603 1 796.05 0.39738 0 0 0 
118000 100 1.27 0 10 19319.2 0 9.99607 1 877.96 0.433346 0 0 0 
119000 100 1.49 0 10 19700.1 0 9.9961 1 833.9 0.401595 0 0 0 
120000 100 1.29 0 10 20073.9 0 9.99613 1 883.53 0.42256 0 0 0 
121000 100 1.95 0 10 20457.8 0 9.99616 1 816.51 0.378844 0 0 0 
122000 100 1.17 0 10 20832.7 0 9.9962 1 865.88 0.388224 0 0 0 
123000 100 1.7 0 10 21217.2 0 9.99623 1 981.13 0.446402 0 0 0 
124000 100 1.43 0 10 21605.3 0 9.99626 1 774.38 0.341067 0 0 0 
125000 100 1.46 0 10 21994 0 9.99629 1 822.41 0.357232 0 0 0 
126000 100 1.49 0 10 22376.7 0 9.99632 1 786.51 0.343676 0 0 0 
127000 100 1.68 0 10 22767.4 0 9.99634 1 853.66 0.372759 0 0 0 
128000 100 2.03 0 10 23114.2 0 9.99637 1 1002.89 0.442346 0 0 0 
129000 100 1.64 0 10 23481.5 0 9.9964 1 815.62 0.358261 0 0 0 
130000 100 1.4 0 10 23875.1 0 9.99643 1 849.66 0.372309 0 0 0 
131000 100 1.65 0 10 24253.4 0 9.99646 1 803.85 0.35276 0 0 0 
132000 100 1.88 0 10 24621.2 0 9.99648 1 849.24 0.367069 0 0 0 
133000 100 1.88 0 10 25009 0 9.99651 1 950.3 0.411615 0 0 0 
134000 100 1.37 0 10 25381.4 0 9.99654 1 810.51 0.341017 0 0 0 
135000 100 1.47 0 10 25747.7 0 9.99656 1 837.02 0.351032 0 0 0 
136000 100 1.49 0 10 26118.5 0 9.99659 1 818.17 0.339449 0 0 0 
137000 100 1.36 0 10 26480.9 0 9.99661 1 836.61 0.344401 0 0 0 
138000 100 1.66 0 10 26858.6 0 9.99664 1 931.49 0.385136 0 0 0 
139000 100 1.86 0 10 27219.7 0 9.99666 1 828.83 0.343625 0 0 0 
140000 100 1.18 0 10 27589 0 9.99668 1 867.42 0.359022 0 0 0 
141000 100 1.54 0 10 27969.7 0 9.99671 1 856.39 0.35508 0 0 0 
142000 100 1.46 0 10 28330.6 0 9.99673 1 837.7 0.34808 0 0 0 
143000 100 1.98 0 10 28700.7 0 9.99675 1 865.35 0.356943 0 0 0 
144000 100 1.41 0 10 29059.9 0 9.99678 1 922.24 0.379843 0 0 0 
145000 100 1.35 0 10 29444.8 0 9.9968 1 895.83 0.373925 0 0 0 
146000 100 1.51 0 10 29807.3 0 9.99682 1 875.8 0.357671 0 0 0 
147000 100 1.87 0 10 30191.2 0 9.99684 1 838.22 0.349681 0 0 0 
148000 100 1.43 0 10 30566.6 0 9.99686 1 785.48 0.32834 0 0 0 
149000 100 1.37 0 10 30941.8 0 9.99688 1 915.25 0.390152 0 0 0 
150000 100 1.39 0 10 31291.7 0 9.99691 1 884.83 0.369176 0 0 0 
151000 100 1.52 0 10 31655 0 9.99693 1 808.03 0.332648 0 0 0 
152000 100 1.9 0 10 32019.8 0 9.99695 1 847.13 0.340789 0 0 0 
153000 100 1.83 0 10 32387.1 0 9.99697 1 869.05 0.347693 0 0 0 
154000 100 1.5 0 10 32747.5 0 9.99699 1 922.37 0.365622 0 0 0 
155000 100 1.89 0 10 33124.8 0 9.99701 1 972.77 0.385003 0 0 0 
156000 100 1.36 0 10 33498.9 0 9.99702 1 916.64 0.358159 0 0 0 
157000 100 1.68 0 10 33866.9 0 9.99704 1 700.38 0.269037 0 0 0 
158000 100 1.53 0 10 34236.7 0 9.99706 1 739.22 0.277479 0 0 0 
159000 100 1.95 0 10 34605.3 0 9.99708 1 780.6 0.290964 0 0 0 
160000 100 1.34 0 10 34952.8 0 9.9971 1 867.65 0.320137 0 0 0 
161000 100 1.54 0 10 35335.1 0 9.99712 1 789.46 0.289703 0 0 0 
162000 100 1.71 0 10 35703.6 0 9.99713 1 845.09 0.308496 0 0 0 
163000 100 1.96 0 10 36076.5 0 9.99715 1 897.09 0.324977 0 0 0 
164000 100 1.64 0 10 36440.5 0 9.99717 1 796.64 0.290224 0 0 0 
165000 100 1.38 0 10 36795.8 0 9.99719 1 1050.43 0.38004 0 0 0 
166000 100 1.1 0 10 37156.6 0 9.9972 1 772.07 0.274282 0 0 0 
167000 100 1.33 0 10 37544.7 0 9.99722 1 876.14 0.31645 0 0 0 
168000 100 1.2 0 10 37926.3 0 9.99724 1 905.57 0.327491 0 0 0 
169000 100 1.45 0 10 38292.9 0 9.99725 1 758.5 0.266714 0 0 0 
170000 100 1.24 0 10 38624.2 0 9.99727 1 848.52 0.297697 0 0 0 
171000 100 1.4 0 10 38966.2 0 9.99729 1 891.48 0.31246 0 0 0 
172000 100 1.45 0 10 39343.6 0 9.9973 1 829 0.29367 0 0 0 
173000 100 1.43 0 10 39737.7 0 9.99732 1 762.98 0.267561 0 0 0 
174000 100 1.57 0 10 40118.7 0 9.99733 1 781.59 0.274241 0 0 0 
175000 100 1.08 0 10 40489.8 0 9.99735 1 840.71 0.290284 0 0 0 
176000 100 1.45 0 10 40862.9 0 9.99736 1 840.05 0.286643 0 0 0 
177000 100 1.39 0 10 41225.8 0 9.99738 1 756.81 0.254076 0 0 0 
178000 100 1.29 0 10 41598.9 0 9.99739 1 854.83 0.291722 0 0 0 
179000 100 1.39 0 10 41963.5 0 9.99741 1 840.19 0.283368 0 0 0 
180000 100 1.73 0 10 42327.6 0 9.99742 1 796.01 0.273037 0 0 0 
181000 100 1.08 0 10 42692.6 0 9.99744 1 806.89 0.275196 0 0 0 
182000 100 1.37 0 10 43049.8 0 9.99745 1 824.58 0.276754 0 0 0 
183000 100 1.32 0 10 43403.2 0 9.99746 1 908.13 0.310479 0 0 0 
184000 100 1.36 0 10 43764.2 0 9.99748 1 917.07 0.31285 0 0 0 
185000 100 1.36 0 10 44126.6 0 9.99749 1 824.75 0.281008 0 0 0 
186000 100 1.36 0 10 44500.4 0 9.9975 1 918.15 0.310459 0 0 0 
187000 100 1.34 0 10 44863.1 0 9.99752 1 870.98 0.291507 0 0 0 
188000 100 1.27 0 10 45224.9 0 9.99753 1 972.37 0.323918 0 0 0 
189000 100 1.03 0 10 45591.6 0 9.99754 1 800.19 0.263464 0 0 0 
190000 100 1.82 0 10 45962.2 0 9.99756 1 756.89 0.25584 0 0 0 
191000 100 1.33 0 10 46326.9 0 9.99757 1 823.73 0.274689 0 0 0 
192000 100 1.74 0 10 46686.5 0 9.99758 1 992.81 0.32869 0 0 0 
193000 100 1.18 0 10 47056.9 0 9.99759 1 834.46 0.271856 0 0 0 
194000 100 1.28 0 10 47436.5 0 9.99761 1 887.68 0.290186 0 0 0 
195000 100 1.1 0 10 47810 0 9.99762 1 848.21 0.278519 0 0 0 
196000 100 1.4 0 10 48180.6 0 9.99763 1 823.66 0.269043 0 0 0 
197000 100 1.44 0 10 48548.8 0 9.99764 1 837.58 0.268329 0 0 0 
198000 100 1.35 0 10 48913.3 0 9.99766 1 874.66 0.283013 0 0 0 
199000 100 1.93 0 10 49279.7 0 9.99767 1 863.03 0.277546 0 0 0 
200000 100 1.25 0 10 49642.5 0 9.99768 1 880.11 0.279259 0 0 0 
201000 100 1.07 0 10 50019.7 0 9.99769 1 817.93 0.255814 0 0 0 
202000 100 1.06 0 10 50392.1 0 9.9977 1 761.32 0.234704 0 0 0 
203000 100 1.4 0 10 50766.4 0 9.99771 1 821.49 0.256185 0 0 0 
204000 100 1.21 0 10 51142.5 0 9.99772 1 829.22 0.255231 0 0 0 
205000 100 1.56 0 10 51541.2 0 9.99774 1 798.26 0.248628 0 0 0 
206000 100 1.26 0 10 51921.9 0 9.99775 1 831.95 0.258748 0 0 0 
207000 100 1.39 0 10 52307.3 0 9.99776 1 726.87 0.221475 0 0 0 
208000 100 1.29 0 10 52694 0 9.99777 1 787.87 0.238505 0 0 0 
209000 100 0.94 0 10 53095.4 0 9.99778 1 792.74 0.23712 0 0 0 
210000 100 1.62 0 10 53466.1 0 9.99779 1 930.99 0.278949 0 0 0 
211000 100 1.26 0 10 53866.5 0 9.9978 1 825.15 0.242298 0 0 0 
212000 100 1.32 0 10 54234.2 0 9.99781 1 984.38 0.291996 0 0 0 
213000 100 1.51 0 10 54622.5 0 9.99782 1 788.4 0.233935 0 0 0 
214000 100 1.48 0 10 55022.8 0 9.99783 1 809.07 0.242158 0 0 0 
215000 100 1.2 0 10 55397.7 0 9.99784 1 806.14 0.243609 0 0 0 
216000 100 1.02 0 10 55792.1 0 9.99785 1 832.65 0.251267 0 0 0 
217000 100 1.44 0 10 56160.9 0 9.99786 1 838.73 0.255869 0 0 0 
218000 100 1.51 0 10 56544.3 0 9.99787 1 802.97 0.246147 0 0 0 
219000 100 0.97 0 10 56936.8 0 9.99788 1 886.51 0.271311 0 0 0 
220000 100 1.31 0 10 57315.5 0 9.99789 1 769.4 0.234905 0 0 0 
221000 100 1.04 0 10 57703.3 0 9.9979 1 720.08 0.223021 0 0 0 
222000 100 1.37 0 10 58094.6 0 9.99791 1 787.57 0.24313 0 0 0 
223000 100 1.11 0 10 58478.6 0 9.99792 1 759.14 0.228799 0 0 0 
224000 100 1.64 0 10 58845.9 0 9.99793 1 800.33 0.24026 0 0 0 
225000 100 1.24 0 10 59226.2 0 9.99794 1 786.66 0.234607 0 0 0 
226000 100 1.71 0 10 59636.8 0 9.99795 1 826.18 0.244409 0 0 0 
227000 100 1.25 0 10 60022 0 9.99796 1 739.51 0.218488 0 0 0 
228000 100 1.31 0 10 60412.4 0 9.99796 1 852.03 0.252058 0 0 0 
229000 100 1.24 0 10 60802.7 0 9.99797 1 783.37 0.233182 0 0 0 
230000 100 1.67 0 10 61206.5 0 9.99798 1 892.24 0.266961 0 0 0 
231000 100 1.4 0 10 61604.7 0 9.99799 1 763.9 0.224738 0 0 0 
232000 100 1.29 0 10 62011.8 0 9.998 1 783.95 0.225873 0 0 0 
233000 100 1.24 0 10 62400.6 0 9.99801 1 766.22 0.220818 0 0 0 
234000 100 1.16 0 10 62781.2 0 9.99802 1 825.1 0.234858 0 0 0 
235000 100 1.41 0 10 63180.8 0 9.99802 1 821.32 0.232203 0 0 0 
236000 100 1.39 0 10 63574 0 9.99803 1 849.66 0.239876 0 0 0 
237000 100 1.18 0 10 63994.8 0 9.99804 1 780.43 0.215791 0 0 0 
238000 100 0.98 0 10 64390.7 0 9.99805 1 792.99 0.216552 0 0 0 
239000 100 1.22 0 10 64762.5 0 9.99806 1 726.9 0.193816 0 0 0 
240000 100 1.1 0 10 65152.2 0 9.99807 1 920.96 0.24302 0 0 0 
241000 100 1.34 0 10 65554.4 0 9.99807 1 811.87 0.212955 0 0 0 
242000 100 1.22 0 10 65950 0 9.99808 1 823.02 0.215494 0 0 0 
243000 100 1.05 0 10 66333.7 0 9.99809 1 787.98 0.203564 0 0 0 
244000 100 1.47 0 10 66716.4 0 9.9981 1 800.43 0.207531 0 0 0 
245000 100 1.1 0 10 67101.2 0 9.99811 1 774.05 0.200885 0 0 0 
246000 100 1.34 0 10 67504.8 0 9.99811 1 719.29 0.184517 0 0 0 
247000 100 1.28 0 10 67908.2 0 9.99812 1 816.1 0.207524 0 0 0 
248000 100 0.99 0 10 68305.2 0 9.99813 1 834.93 0.210037 0 0 0 
249000 100 1.13 0 10 68694.6 0 9.99814 1 774.7 0.196403 0 0 0 
250000 100 1.43 0 10 69064.9 0 9.99814 1 828.21 0.210177 0 0 0 