# Avida Average Deme Data
# Fri Apr 18 05:05:29 2014
#  1: Update
#  2: Count
#  3: Age
#  4: Births
#  5: Organisms
#  6: Generation
#  7: Births (at last replication)
#  8: Organisms (at last replication)
#  9: Merit
# 10: Gestation Time
# 11: Time Used (normalized by org fitness)
# 12: Generations between current and last founders
# 13: Events killed
# 14: Attempts to kill event

0 100 0 0 1 0 0 0 1 0 0 0 0 0 
1000 100 27.5 0 10 22.96 0 9.54845 1 13177.1 11.4014 0 0 0 
2000 100 27.21 0 10 46.88 0 9.77411 1 14039.3 12.1144 0 0 0 
3000 100 27.64 0 10 70.15 0 9.84938 1 14596.4 12.5833 0 0 0 
4000 100 20.11 0 10 99.24 0 9.88703 1 12549.6 10.7565 0 0 0 
5000 100 16 0 10 126.86 0 9.90962 1 11604.4 9.96286 0 0 0 
6000 100 22.32 0 10 154.78 0 9.92468 1 10787.1 9.27455 0 0 0 
7000 100 17.07 0 10 186.7 0 9.93544 1 9350.44 8.00913 0 0 0 
8000 100 16.82 0 10 216.7 0 9.94351 1 9548.67 8.12531 0 0 0 
9000 100 18.16 0 10 251.85 0 9.94978 1 10061.4 8.6193 0 0 0 
10000 100 20.03 0 10 280.31 0 9.9548 1 9841.5 8.47605 0 0 0 
11000 100 19.41 0 10 310.53 0 9.95891 1 10002.1 8.48199 0 0 0 
12000 100 18.88 0 10 343.31 0 9.96234 1 9960.53 8.3518 0 0 0 
13000 100 15.37 0 10 375.12 0 9.96523 1 9790.14 8.19251 0 0 0 
14000 100 17.77 0 10 409.52 0 9.96772 1 9715.97 8.11439 0 0 0 
15000 100 19.44 0 10 442.4 0 9.96987 1 8876.49 7.34351 0 0 0 
16000 100 13.17 0 10 475.52 0 9.97175 1 9524.15 7.85808 0 0 0 
17000 100 17.33 0 10 510.87 0 9.97341 1 9478.25 7.853 0 0 0 
18000 100 14.23 0 10 542.15 0 9.97489 1 9597.02 7.91379 0 0 0 
19000 100 15.45 0 10 577.35 0 9.97621 1 8956.1 7.38491 0 0 0 
20000 100 20.41 0 10 613.53 0 9.9774 1 10200 8.3061 0 0 0 
21000 100 15.77 0 10 648.59 0 9.97848 1 9520.13 7.79175 0 0 0 
22000 100 14.3 0 10 685.3 0 9.97946 1 7936.4 6.43527 0 0 0 
23000 100 15.95 0 10 722.61 0 9.98035 1 8280.88 6.71326 0 0 0 
24000 100 12.05 0 10 759.42 0 9.98117 1 8344.39 6.69186 0 0 0 
25000 100 18.21 0 10 796.81 0 9.98192 1 9167.13 7.34779 0 0 0 
26000 100 15.34 0 10 834.76 0 9.98262 1 7772.24 6.23693 0 0 0 
27000 100 12.91 0 10 872.88 0 9.98326 1 7977.09 6.42789 0 0 0 
28000 100 16.53 0 10 911.02 0 9.98386 1 8664.11 6.97233 0 0 0 
29000 100 16.42 0 10 947.94 0 9.98441 1 8094.42 6.47115 0 0 0 
30000 100 19.59 0 10 986.1 0 9.98493 1 8618.07 6.86642 0 0 0 
31000 100 18 0 10 1026.07 0 9.98542 1 8503.71 6.7449 0 0 0 
32000 100 16.26 0 10 1064.82 0 9.98588 1 8604.15 6.69678 0 0 0 
33000 100 16 0 10 1098.03 0 9.9863 1 8296.34 6.46102 0 0 0 
34000 100 14.06 0 10 1136.67 0 9.98671 1 8290.42 6.33359 0 0 0 
35000 100 16.21 0 10 1177.86 0 9.98709 1 8479.48 6.3895 0 0 0 
36000 100 16.19 0 10 1217.17 0 9.98744 1 8373.79 6.3221 0 0 0 
37000 100 15.39 0 10 1255.45 0 9.98778 1 9477.84 7.07594 0 0 0 
38000 100 16.74 0 10 1295.33 0 9.98811 1 9006.02 6.65346 0 0 0 
39000 100 13.48 0 10 1332.09 0 9.98841 1 8379.7 6.08697 0 0 0 
40000 100 17.17 0 10 1369.23 0 9.9887 1 8525.94 6.19287 0 0 0 
41000 100 16.06 0 10 1405.67 0 9.98898 1 8626.67 6.24416 0 0 0 
42000 100 16.98 0 10 1440.72 0 9.98924 1 7942.03 5.8059 0 0 0 
43000 100 17.46 0 10 1477.88 0 9.98949 1 8165.04 5.97005 0 0 0 
44000 100 15.27 0 10 1517.19 0 9.98973 1 8508.69 6.16373 0 0 0 
45000 100 13.23 0 10 1555.58 0 9.98996 1 8018.58 5.83121 0 0 0 
46000 100 16.23 0 10 1589.99 0 9.99017 1 7240.21 5.25237 0 0 0 
47000 100 12.59 0 10 1631.34 0 9.99038 1 8377.67 6.10246 0 0 0 
48000 100 10.89 0 10 1673.4 0 9.99058 1 8931.9 6.62497 0 0 0 
49000 100 16.81 0 10 1713.18 0 9.99078 1 7254.39 5.36299 0 0 0 
50000 100 17.14 0 10 1752.28 0 9.99096 1 8520.1 6.22956 0 0 0 
51000 100 16.99 0 10 1790.41 0 9.99114 1 8415.96 6.0697 0 0 0 
52000 100 15.43 0 10 1828.29 0 9.99131 1 8743.09 6.29989 0 0 0 
53000 100 13.48 0 10 1865.03 0 9.99147 1 8076.18 5.82716 0 0 0 
54000 100 15.03 0 10 1902.82 0 9.99163 1 7304.16 5.2811 0 0 0 
55000 100 14.04 0 10 1941.87 0 9.99178 1 8603.17 6.20943 0 0 0 
56000 100 15.54 0 10 1979.44 0 9.99193 1 7188.24 5.21463 0 0 0 
57000 100 13.47 0 10 2016.81 0 9.99207 1 8481.33 6.13136 0 0 0 
58000 100 16.03 0 10 2052.19 0 9.99221 1 7861.13 5.69767 0 0 0 
59000 100 14.32 0 10 2085.32 0 9.99234 1 8613.95 6.25182 0 0 0 
60000 100 14.32 0 10 2124.9 0 9.99247 1 7454.89 5.36502 0 0 0 
61000 100 15.47 0 10 2163.09 0 9.99259 1 7549.16 5.40721 0 0 0 
62000 100 12.35 0 10 2202.7 0 9.99271 1 7343.2 5.2054 0 0 0 
63000 100 16.19 0 10 2242.51 0 9.99283 1 8211.65 5.80334 0 0 0 
64000 100 15.17 0 10 2282.29 0 9.99294 1 7003.26 4.95388 0 0 0 
65000 100 14.42 0 10 2320.38 0 9.99305 1 7967.56 5.61453 0 0 0 
66000 100 13.91 0 10 2360.31 0 9.99315 1 7794.68 5.46031 0 0 0 
67000 100 12.36 0 10 2398.39 0 9.99325 1 7937.76 5.46061 0 0 0 
68000 100 16.36 0 10 2438.37 0 9.99335 1 8633.89 5.90444 0 0 0 
69000 100 16.32 0 10 2477.95 0 9.99345 1 7828.11 5.34173 0 0 0 
70000 100 15.26 0 10 2515.63 0 9.99354 1 8090.01 5.47358 0 0 0 
71000 100 15.29 0 10 2552.64 0 9.99363 1 8048.64 5.47674 0 0 0 
72000 100 14.2 0 10 2594.23 0 9.99372 1 7737.04 5.23383 0 0 0 
73000 100 15.06 0 10 2632.33 0 9.99381 1 7822.4 5.28609 0 0 0 
74000 100 14.86 0 10 2672.73 0 9.99389 1 8969 5.99145 0 0 0 
75000 100 13.98 0 10 2713.11 0 9.99397 1 7502.79 4.99521 0 0 0 
76000 100 15.24 0 10 2747 0 9.99405 1 7886.32 5.21313 0 0 0 
77000 100 18.25 0 10 2780.83 0 9.99413 1 8407.82 5.56942 0 0 0 
78000 100 19.29 0 10 2819.64 0 9.99421 1 8687.61 5.83095 0 0 0 
79000 100 13.01 0 10 2858.27 0 9.99428 1 8106.62 5.44603 0 0 0 
80000 100 12.87 0 10 2894.18 0 9.99435 1 8568.04 5.72251 0 0 0 
81000 100 15.84 0 10 2933.51 0 9.99442 1 7630.25 4.99485 0 0 0 
82000 100 15.68 0 10 2972.49 0 9.99449 1 8294.83 5.39567 0 0 0 
83000 100 13.8 0 10 3006.33 0 9.99455 1 8323.86 5.41636 0 0 0 
84000 100 19.34 0 10 3047.73 0 9.99462 1 7219.87 4.67703 0 0 0 
85000 100 14.54 0 10 3086.28 0 9.99468 1 7970.71 5.14795 0 0 0 
86000 100 15.33 0 10 3125.41 0 9.99474 1 7978.63 5.06401 0 0 0 
87000 100 17.97 0 10 3164.25 0 9.9948 1 9521.95 5.97851 0 0 0 
88000 100 15.74 0 10 3202.9 0 9.99486 1 8052.12 5.0495 0 0 0 
89000 100 18.94 0 10 3241.91 0 9.99492 1 8582.72 5.38144 0 0 0 
90000 100 13.04 0 10 3287.73 0 9.99498 1 7946.27 4.94825 0 0 0 
91000 100 11.05 0 10 3332.2 0 9.99503 1 6069.55 3.77552 0 0 0 
92000 100 12.65 0 10 3384.7 0 9.99509 1 6475.28 4.0369 0 0 0 
93000 100 9.92 0 10 3441.57 0 9.99514 1 5604.45 3.5086 0 0 0 
94000 100 11.91 0 10 3497.98 0 9.99519 1 5212.03 3.25871 0 0 0 
95000 100 9.76 0 10 3566.44 0 9.99524 1 4629.16 2.88803 0 0 0 
96000 100 2.22 0 10 3853.09 0 9.99529 1 1134.02 0.702238 0 0 0 
97000 100 2.65 0 10 4150.73 0 9.99534 1 1054.59 0.660817 0 0 0 
98000 100 2.1 0 10 4431.81 0 9.99539 1 1090.61 0.687342 0 0 0 
99000 100 1.83 0 10 4732.91 0 9.99543 1 1090.31 0.692126 0 0 0 
100000 100 2.4 0 10 5040.96 0 9.99548 1 1023.28 0.636571 0 0 0 
101000 100 2.08 0 10 5331.87 0 9.99552 1 1050.97 0.651936 0 0 0 
102000 100 2.49 0 10 5618.89 0 9.99557 1 1154.71 0.69806 0 0 0 
103000 100 1.97 0 10 5937.9 0 9.99561 1 975.37 0.5817 0 0 0 
104000 100 1.92 0 10 6218.83 0 9.99565 1 1035.7 0.598341 0 0 0 
105000 100 2.78 0 10 6512.75 0 9.9957 1 1069.7 0.597791 0 0 0 
106000 100 1.93 0 10 6808.4 0 9.99574 1 1101.04 0.603637 0 0 0 
107000 100 2.63 0 10 7085.95 0 9.99578 1 1107.11 0.597225 0 0 0 
108000 100 3.09 0 10 7402.38 0 9.99581 1 953.91 0.51578 0 0 0 
109000 100 2.06 0 10 7689 0 9.99585 1 1008.7 0.544267 0 0 0 
110000 100 2.03 0 10 7992.65 0 9.99589 1 1105.91 0.601978 0 0 0 
111000 100 2.56 0 10 8296.86 0 9.99593 1 1122.79 0.607598 0 0 0 
112000 100 2.07 0 10 8623.64 0 9.99596 1 1008.77 0.537719 0 0 0 
113000 100 2.66 0 10 8936.41 0 9.996 1 1022.19 0.553216 0 0 0 
114000 100 2.03 0 10 9257.46 0 9.99604 1 940.26 0.511614 0 0 0 
115000 100 2.6 0 10 9545.71 0 9.99607 1 988.17 0.544932 0 0 0 
116000 100 2.56 0 10 9857.62 0 9.9961 1 1072.11 0.573405 0 0 0 
117000 100 1.72 0 10 10189.3 0 9.99614 1 1057.15 0.555275 0 0 0 
118000 100 2.15 0 10 10525 0 9.99617 1 986.46 0.51507 0 0 0 
119000 100 1.84 0 10 10841.4 0 9.9962 1 1104.93 0.570585 0 0 0 
120000 100 2.24 0 10 11165.3 0 9.99623 1 855.81 0.443647 0 0 0 
121000 100 1.46 0 10 11520.9 0 9.99626 1 847.65 0.426781 0 0 0 
122000 100 2.29 0 10 11889.3 0 9.9963 1 911.81 0.463509 0 0 0 
123000 100 1.37 0 10 12263.8 0 9.99633 1 983.53 0.490628 0 0 0 
124000 100 1.75 0 10 12623.1 0 9.99635 1 928.78 0.460468 0 0 0 
125000 100 1.7 0 10 12982.1 0 9.99638 1 845.83 0.410661 0 0 0 
126000 100 1.78 0 10 13358.6 0 9.99641 1 738.63 0.349007 0 0 0 
127000 100 1.58 0 10 13718.3 0 9.99644 1 1026.6 0.484589 0 0 0 
128000 100 1.55 0 10 14092.8 0 9.99647 1 760.13 0.358225 0 0 0 
129000 100 1.82 0 10 14472.8 0 9.9965 1 799.76 0.377208 0 0 0 
130000 100 1.58 0 10 14874.2 0 9.99652 1 750.22 0.348667 0 0 0 
131000 100 1.92 0 10 15287.3 0 9.99655 1 927.9 0.426657 0 0 0 
132000 100 1.65 0 10 15684.3 0 9.99658 1 858.11 0.390567 0 0 0 
133000 100 1.86 0 10 16112.5 0 9.9966 1 833.08 0.370311 0 0 0 
134000 100 1.68 0 10 16522.3 0 9.99663 1 792.56 0.350691 0 0 0 
135000 100 2.57 0 10 16903.9 0 9.99665 1 833.7 0.371928 0 0 0 
136000 100 2 0 10 17281.1 0 9.99668 1 790.74 0.350097 0 0 0 
137000 100 1.81 0 10 17649.2 0 9.9967 1 746.82 0.332634 0 0 0 
138000 100 1.84 0 10 18040.6 0 9.99672 1 745.42 0.324255 0 0 0 
139000 100 2.17 0 10 18421 0 9.99675 1 695.5 0.300927 0 0 0 
140000 100 1.49 0 10 18818.3 0 9.99677 1 818.94 0.356228 0 0 0 
141000 100 1.58 0 10 19224.8 0 9.99679 1 770.6 0.332184 0 0 0 
142000 100 1.47 0 10 19630.4 0 9.99682 1 672.02 0.281629 0 0 0 
143000 100 2.65 0 10 20041 0 9.99684 1 732.07 0.30747 0 0 0 
144000 100 2.25 0 10 20451.1 0 9.99686 1 888.58 0.36846 0 0 0 
145000 100 1.63 0 10 20845.3 0 9.99688 1 797.85 0.332118 0 0 0 
146000 100 2.02 0 10 21243 0 9.9969 1 715.14 0.294953 0 0 0 
147000 100 1.72 0 10 21633.3 0 9.99693 1 742.37 0.306828 0 0 0 
148000 100 1.89 0 10 22036.9 0 9.99695 1 828.44 0.344358 0 0 0 
149000 100 1.39 0 10 22427.4 0 9.99697 1 687.17 0.28413 0 0 0 
150000 100 1.27 0 10 22817.5 0 9.99699 1 852.11 0.346824 0 0 0 
151000 100 1.76 0 10 23219.5 0 9.99701 1 833.23 0.334869 0 0 0 
152000 100 1.82 0 10 23638.7 0 9.99703 1 727.01 0.288241 0 0 0 
153000 100 1.85 0 10 24007.6 0 9.99705 1 870.31 0.347267 0 0 0 
154000 100 1.47 0 10 24402.3 0 9.99706 1 746.39 0.292701 0 0 0 
155000 100 1.44 0 10 24806.4 0 9.99708 1 767.38 0.305114 0 0 0 
156000 100 2.36 0 10 25199 0 9.9971 1 887.17 0.359173 0 0 0 
157000 100 1.48 0 10 25603.5 0 9.99712 1 749.72 0.296432 0 0 0 
158000 100 1.91 0 10 25957.6 0 9.99714 1 734.07 0.29351 0 0 0 
159000 100 1.36 0 10 26363.5 0 9.99716 1 761.01 0.305481 0 0 0 
160000 100 1.91 0 10 26753.3 0 9.99718 1 863.26 0.346999 0 0 0 
161000 100 1.71 0 10 27142.9 0 9.99719 1 846.66 0.339979 0 0 0 
162000 100 1.82 0 10 27556.1 0 9.99721 1 846.78 0.330379 0 0 0 
163000 100 1.46 0 10 27963.1 0 9.99723 1 789.35 0.299328 0 0 0 
164000 100 2.21 0 10 28370.2 0 9.99724 1 848.21 0.322214 0 0 0 
165000 100 1.65 0 10 28773.1 0 9.99726 1 799.46 0.306156 0 0 0 
166000 100 1.59 0 10 29148.7 0 9.99728 1 786 0.297002 0 0 0 
167000 100 1.59 0 10 29553.4 0 9.99729 1 814.39 0.303969 0 0 0 
168000 100 1.01 0 10 29944.9 0 9.99731 1 735.81 0.275242 0 0 0 
169000 100 2.11 0 10 30363 0 9.99733 1 741.22 0.275943 0 0 0 
170000 100 2.05 0 10 30763.1 0 9.99734 1 774.47 0.289971 0 0 0 
171000 100 1.63 0 10 31169.7 0 9.99736 1 860.48 0.322611 0 0 0 
172000 100 1.76 0 10 31580 0 9.99737 1 899.57 0.329226 0 0 0 
173000 100 1.36 0 10 31946.8 0 9.99739 1 710.23 0.256936 0 0 0 
174000 100 2.18 0 10 32350.9 0 9.9974 1 826.02 0.303296 0 0 0 
175000 100 1.77 0 10 32738.7 0 9.99742 1 800.23 0.295458 0 0 0 
176000 100 2.25 0 10 33132.2 0 9.99743 1 644.05 0.237183 0 0 0 
177000 100 1.49 0 10 33509.6 0 9.99745 1 814.21 0.304765 0 0 0 
178000 100 2.04 0 10 33909.3 0 9.99746 1 821.44 0.306177 0 0 0 
179000 100 1.93 0 10 34294.6 0 9.99747 1 743.81 0.282482 0 0 0 
180000 100 1.89 0 10 34676.3 0 9.99749 1 894.17 0.331419 0 0 0 
181000 100 2.17 0 10 35062.5 0 9.9975 1 683.01 0.251752 0 0 0 
182000 100 1.83 0 10 35439 0 9.99752 1 911 0.334518 0 0 0 
183000 100 1.44 0 10 35791.2 0 9.99753 1 769.87 0.288815 0 0 0 
184000 100 1.64 0 10 36136.4 0 9.99754 1 866.63 0.326189 0 0 0 
185000 100 1.7 0 10 36511.7 0 9.99756 1 838.77 0.310557 0 0 0 
186000 100 1.8 0 10 36885.4 0 9.99757 1 756.49 0.274375 0 0 0 
187000 100 1.7 0 10 37262.4 0 9.99758 1 856.69 0.306284 0 0 0 
188000 100 1.44 0 10 37660.4 0 9.9976 1 1038.09 0.374231 0 0 0 
189000 100 1.65 0 10 38040.3 0 9.99761 1 825.8 0.298349 0 0 0 
190000 100 1.62 0 10 38451.1 0 9.99762 1 852.73 0.310455 0 0 0 
191000 100 1.82 0 10 38857.9 0 9.99763 1 792.79 0.28783 0 0 0 
192000 100 1.49 0 10 39270.1 0 9.99765 1 716.9 0.259227 0 0 0 
193000 100 2 0 10 39675.8 0 9.99766 1 835.95 0.298369 0 0 0 
194000 100 2.11 0 10 40090.5 0 9.99767 1 711.99 0.256302 0 0 0 
195000 100 1.8 0 10 40448.3 0 9.99768 1 801.42 0.290041 0 0 0 
196000 100 2.01 0 10 40847.6 0 9.99769 1 769.97 0.276412 0 0 0 
197000 100 1.65 0 10 41234.6 0 9.99771 1 922.48 0.331676 0 0 0 
198000 100 2.15 0 10 41635.7 0 9.99772 1 755 0.270367 0 0 0 
199000 100 1.93 0 10 42019.1 0 9.99773 1 910.56 0.327737 0 0 0 
200000 100 1.96 0 10 42401.6 0 9.99774 1 764.37 0.273567 0 0 0 
201000 100 1.91 0 10 42757.1 0 9.99775 1 1008.6 0.356952 0 0 0 
202000 100 1.25 0 10 43133.1 0 9.99776 1 905.67 0.314964 0 0 0 
203000 100 1.9 0 10 43502.1 0 9.99777 1 834.48 0.289585 0 0 0 
204000 100 1.7 0 10 43856.4 0 9.99778 1 906.23 0.31756 0 0 0 
205000 100 1.91 0 10 44239.5 0 9.9978 1 866.4 0.29646 0 0 0 
206000 100 1.69 0 10 44607.7 0 9.99781 1 879.28 0.303715 0 0 0 
207000 100 2.13 0 10 44965.3 0 9.99782 1 885.84 0.305335 0 0 0 
208000 100 2 0 10 45337.2 0 9.99783 1 867.98 0.294491 0 0 0 
209000 100 2.44 0 10 45708.3 0 9.99784 1 902.52 0.302417 0 0 0 
210000 100 1.52 0 10 46056.2 0 9.99785 1 1056.7 0.356791 0 0 0 
211000 100 2.23 0 10 46416.4 0 9.99786 1 909.36 0.306262 0 0 0 
212000 100 1.75 0 10 46780.4 0 9.99787 1 805.18 0.265875 0 0 0 
213000 100 1.7 0 10 47160.3 0 9.99788 1 834.04 0.274251 0 0 0 
214000 100 1.39 0 10 47556.8 0 9.99789 1 826.32 0.26697 0 0 0 
215000 100 1.91 0 10 47949.2 0 9.9979 1 915.98 0.292618 0 0 0 
216000 100 1.91 0 10 48301.1 0 9.99791 1 960.18 0.299507 0 0 0 
217000 100 1.6 0 10 48662.8 0 9.99792 1 925.01 0.288373 0 0 0 
218000 100 1.91 0 10 49025.7 0 9.99793 1 875.73 0.271515 0 0 0 
219000 100 2.12 0 10 49395.9 0 9.99794 1 685.16 0.211357 0 0 0 
220000 100 1.51 0 10 49806 0 9.99795 1 812.79 0.248382 0 0 0 
221000 100 1.78 0 10 50194.5 0 9.99795 1 767.58 0.235512 0 0 0 
222000 100 2.01 0 10 50590 0 9.99796 1 873.78 0.267739 0 0 0 
223000 100 1.73 0 10 51006.5 0 9.99797 1 802.52 0.248181 0 0 0 
224000 100 1.65 0 10 51394.3 0 9.99798 1 878.35 0.274084 0 0 0 
225000 100 1.75 0 10 51815.3 0 9.99799 1 916.92 0.281949 0 0 0 
226000 100 1.79 0 10 52197.3 0 9.998 1 787.9 0.240493 0 0 0 
227000 100 1.21 0 10 52612.4 0 9.99801 1 864.54 0.263073 0 0 0 
228000 100 1.86 0 10 53003.9 0 9.99802 1 855.49 0.257902 0 0 0 
229000 100 2.27 0 10 53406.2 0 9.99803 1 762.27 0.231164 0 0 0 
230000 100 1.63 0 10 53771.6 0 9.99803 1 772.99 0.233038 0 0 0 
231000 100 2.09 0 10 54190.5 0 9.99804 1 708.51 0.215972 0 0 0 
232000 100 1.8 0 10 54591.4 0 9.99805 1 895.52 0.272666 0 0 0 
233000 100 1.75 0 10 54986.7 0 9.99806 1 794.47 0.239949 0 0 0 
234000 100 1.61 0 10 55377.3 0 9.99807 1 796.62 0.237661 0 0 0 
235000 100 1.75 0 10 55775 0 9.99808 1 833.5 0.249722 0 0 0 
236000 100 1.4 0 10 56147.8 0 9.99808 1 800.61 0.242504 0 0 0 
237000 100 1.95 0 10 56576.3 0 9.99809 1 755.69 0.226611 0 0 0 
238000 100 1.55 0 10 56970.8 0 9.9981 1 785.96 0.237215 0 0 0 
239000 100 1.98 0 10 57353.5 0 9.99811 1 861.05 0.262937 0 0 0 
240000 100 2 0 10 57754.5 0 9.99812 1 735.26 0.224233 0 0 0 
241000 100 1.64 0 10 58142.8 0 9.99812 1 824.8 0.243908 0 0 0 
242000 100 1.75 0 10 58527.9 0 9.99813 1 765.49 0.226133 0 0 0 
243000 100 2.05 0 10 58919.1 0 9.99814 1 828.06 0.249213 0 0 0 
244000 100 1.63 0 10 59307.9 0 9.99815 1 712.22 0.213235 0 0 0 
245000 100 1.77 0 10 59691.4 0 9.99816 1 805.38 0.242526 0 0 0 
246000 100 1.68 0 10 60085.9 0 9.99816 1 807 0.242215 0 0 0 
247000 100 1.63 0 10 60458.9 0 9.99817 1 785.36 0.233963 0 0 0 
248000 100 1.9 0 10 60879.3 0 9.99818 1 681.38 0.203855 0 0 0 
249000 100 1.78 0 10 61288.8 0 9.99818 1 980.26 0.290309 0 0 0 
250000 100 1.94 0 10 61675.7 0 9.99819 1 839.86 0.246674 0 0 0 