# Avida Average Deme Data
# Thu Apr 17 22:57:09 2014
#  1: Update
#  2: Count
#  3: Age
#  4: Births
#  5: Organisms
#  6: Generation
#  7: Births (at last replication)
#  8: Organisms (at last replication)
#  9: Merit
# 10: Gestation Time
# 11: Time Used (normalized by org fitness)
# 12: Generations between current and last founders
# 13: Events killed
# 14: Attempts to kill event

0 100 0 0 1 0 0 0 1 0 0 0 0 0 
1000 100 25.64 0 10 21.34 0 9.54486 1 12214.9 10.5055 0 0 0 
2000 100 17.49 0 10 54.42 0 9.77231 1 10058 8.75661 0 0 0 
3000 100 19.64 0 10 89.34 0 9.84818 1 11706.5 10.2655 0 0 0 
4000 100 18.84 0 10 122.2 0 9.88613 1 9660.59 8.4815 0 0 0 
5000 100 16.15 0 10 155.92 0 9.9089 1 9786.18 8.60443 0 0 0 
6000 100 15.71 0 10 193.01 0 9.92408 1 9115.55 8.01779 0 0 0 
7000 100 15.5 0 10 234.42 0 9.93492 1 8988.09 7.88906 0 0 0 
8000 100 15.22 0 10 269.77 0 9.94306 1 8659.74 7.49901 0 0 0 
9000 100 16.03 0 10 304.84 0 9.94938 1 9768.91 8.19753 0 0 0 
10000 100 15.41 0 10 340.75 0 9.95444 1 8017.67 6.68797 0 0 0 
11000 100 14.34 0 10 378 0 9.95859 1 9405.41 7.83932 0 0 0 
12000 100 17.25 0 10 414.91 0 9.96204 1 8200.65 6.81018 0 0 0 
13000 100 17.37 0 10 451.33 0 9.96496 1 7980.98 6.58163 0 0 0 
14000 100 16.16 0 10 490.62 0 9.96746 1 8036.17 6.63915 0 0 0 
15000 100 16.55 0 10 526.76 0 9.96963 1 8798.23 7.22742 0 0 0 
16000 100 16.76 0 10 562.9 0 9.97153 1 8639.31 7.03051 0 0 0 
17000 100 13.56 0 10 601.14 0 9.9732 1 8347.3 6.80347 0 0 0 
18000 100 14.08 0 10 638.92 0 9.97469 1 8242.35 6.64888 0 0 0 
19000 100 16.51 0 10 676.48 0 9.97602 1 8161.2 6.58413 0 0 0 
20000 100 19.99 0 10 711.75 0 9.97722 1 9159.91 7.2959 0 0 0 
21000 100 14.39 0 10 747.44 0 9.97831 1 8517.11 6.77319 0 0 0 
22000 100 15.76 0 10 783.02 0 9.97929 1 8206.35 6.49843 0 0 0 
23000 100 14.65 0 10 820.53 0 9.98019 1 8427.84 6.7141 0 0 0 
24000 100 11.96 0 10 861.7 0 9.98102 1 7559.37 5.91305 0 0 0 
25000 100 17.31 0 10 901.47 0 9.98178 1 7852.93 6.14591 0 0 0 
26000 100 15.75 0 10 937.9 0 9.98248 1 8354.79 6.56767 0 0 0 
27000 100 14.89 0 10 975.25 0 9.98313 1 8149.17 6.41267 0 0 0 
28000 100 19.95 0 10 1012.23 0 9.98373 1 8596.78 6.68075 0 0 0 
29000 100 16.36 0 10 1050.97 0 9.98429 1 7825.5 6.08524 0 0 0 
30000 100 14.92 0 10 1086.91 0 9.98481 1 8230.2 6.41791 0 0 0 
31000 100 11.36 0 10 1121.82 0 9.9853 1 8146.36 6.29556 0 0 0 
32000 100 16.33 0 10 1157.15 0 9.98576 1 8315.17 6.44827 0 0 0 
33000 100 15.4 0 10 1193.94 0 9.98619 1 9115.11 7.07273 0 0 0 
34000 100 13.89 0 10 1230.34 0 9.9866 1 8416.51 6.59384 0 0 0 
35000 100 13.53 0 10 1265.49 0 9.98698 1 8227.61 6.44722 0 0 0 
36000 100 15.34 0 10 1301.9 0 9.98734 1 8473.31 6.59137 0 0 0 
37000 100 13.52 0 10 1338.25 0 9.98769 1 8165.59 6.3296 0 0 0 
38000 100 14.99 0 10 1379.4 0 9.98801 1 7760.66 6.03482 0 0 0 
39000 100 13.95 0 10 1415.84 0 9.98832 1 8122.5 6.30574 0 0 0 
40000 100 13.04 0 10 1456.63 0 9.98861 1 7717.16 5.93393 0 0 0 
41000 100 14.18 0 10 1493.19 0 9.98889 1 8629.99 6.52681 0 0 0 
42000 100 19.56 0 10 1529.88 0 9.98915 1 7989.29 6.01278 0 0 0 
43000 100 15.49 0 10 1565 0 9.9894 1 9321.62 7.11223 0 0 0 
44000 100 13.08 0 10 1606.48 0 9.98965 1 8331.81 6.29054 0 0 0 
45000 100 16.73 0 10 1644.31 0 9.98988 1 8237.67 6.1555 0 0 0 
46000 100 15.35 0 10 1681.65 0 9.9901 1 8476.44 6.23189 0 0 0 
47000 100 17.58 0 10 1718.96 0 9.99031 1 7718.58 5.70182 0 0 0 
48000 100 15.9 0 10 1759.98 0 9.99051 1 7690.3 5.71249 0 0 0 
49000 100 17.87 0 10 1797.8 0 9.9907 1 8131.02 6.09015 0 0 0 
50000 100 16.21 0 10 1836.6 0 9.99089 1 7722.95 5.78997 0 0 0 
51000 100 16.39 0 10 1872.49 0 9.99107 1 7554.12 5.66585 0 0 0 
52000 100 14.25 0 10 1909.94 0 9.99124 1 7885.59 5.90388 0 0 0 
53000 100 15.11 0 10 1946.72 0 9.9914 1 9228.06 6.84162 0 0 0 
54000 100 13.71 0 10 1984.49 0 9.99156 1 8457.81 6.22893 0 0 0 
55000 100 16.52 0 10 2025.24 0 9.99172 1 7600.02 5.52575 0 0 0 
56000 100 15.51 0 10 2061.45 0 9.99186 1 8359.67 6.11479 0 0 0 
57000 100 15.75 0 10 2096.93 0 9.99201 1 7640.56 5.39536 0 0 0 
58000 100 18.44 0 10 2131.67 0 9.99214 1 7858.72 5.51623 0 0 0 
59000 100 17.36 0 10 2167.66 0 9.99228 1 8281.28 5.84355 0 0 0 
60000 100 18.17 0 10 2204.31 0 9.99241 1 7964.57 5.65869 0 0 0 
61000 100 16.26 0 10 2241.79 0 9.99253 1 8652.09 6.11787 0 0 0 
62000 100 16.44 0 10 2278.04 0 9.99265 1 8570.65 6.02154 0 0 0 
63000 100 13.66 0 10 2315.83 0 9.99277 1 8756.77 6.14653 0 0 0 
64000 100 16.94 0 10 2351.79 0 9.99288 1 7570.79 5.32116 0 0 0 
65000 100 13.56 0 10 2391.87 0 9.99299 1 7917.87 5.52481 0 0 0 
66000 100 16.61 0 10 2429.77 0 9.9931 1 8218.4 5.70351 0 0 0 
67000 100 17.26 0 10 2463.35 0 9.9932 1 9013.13 6.26804 0 0 0 
68000 100 13.57 0 10 2498.7 0 9.9933 1 7984.82 5.54135 0 0 0 
69000 100 15.2 0 10 2534.08 0 9.9934 1 8064.31 5.61828 0 0 0 
70000 100 17.27 0 10 2573.04 0 9.99349 1 8372.47 5.87915 0 0 0 
71000 100 16.46 0 10 2609.69 0 9.99358 1 7903.08 5.58588 0 0 0 
72000 100 17.53 0 10 2645.3 0 9.99367 1 7891.36 5.48253 0 0 0 
73000 100 16.12 0 10 2682.08 0 9.99376 1 7851.62 5.4549 0 0 0 
74000 100 14.63 0 10 2721.85 0 9.99384 1 8978.06 6.16379 0 0 0 
75000 100 14.24 0 10 2759.33 0 9.99393 1 8275.07 5.67578 0 0 0 
76000 100 15.42 0 10 2796.69 0 9.99401 1 8481.9 5.87775 0 0 0 
77000 100 14.91 0 10 2835.2 0 9.99408 1 8302.19 5.77407 0 0 0 
78000 100 12.9 0 10 2870.76 0 9.99416 1 8482.47 5.85449 0 0 0 
79000 100 14.76 0 10 2906.48 0 9.99423 1 8331.46 5.78089 0 0 0 
80000 100 14.37 0 10 2945.1 0 9.99431 1 8300.01 5.7443 0 0 0 
81000 100 15.48 0 10 2978.92 0 9.99438 1 9022.72 6.27029 0 0 0 
82000 100 15.74 0 10 3018.36 0 9.99444 1 9031.27 6.24741 0 0 0 
83000 100 15.26 0 10 3057.26 0 9.99451 1 7499.97 5.16224 0 0 0 
84000 100 14.86 0 10 3093 0 9.99458 1 9408.87 6.52367 0 0 0 
85000 100 15.04 0 10 3129.84 0 9.99464 1 8660.37 5.96132 0 0 0 
86000 100 16.61 0 10 3166.64 0 9.9947 1 8006.18 5.52898 0 0 0 
87000 100 13.11 0 10 3203.08 0 9.99476 1 7486.52 5.20452 0 0 0 
88000 100 15.89 0 10 3238.6 0 9.99482 1 8201.42 5.71735 0 0 0 
89000 100 17.09 0 10 3280.36 0 9.99488 1 9129.53 6.35028 0 0 0 
90000 100 13.83 0 10 3316.32 0 9.99494 1 7759.09 5.34834 0 0 0 
91000 100 16.53 0 10 3349 0 9.99499 1 8231.52 5.74168 0 0 0 
92000 100 12.76 0 10 3388.89 0 9.99505 1 7853.27 5.48135 0 0 0 
93000 100 18.03 0 10 3426.56 0 9.9951 1 8323.75 5.79083 0 0 0 
94000 100 13.89 0 10 3470.24 0 9.99515 1 8924.91 6.16598 0 0 0 
95000 100 14.64 0 10 3508.22 0 9.9952 1 8122.44 5.54294 0 0 0 
96000 100 20.73 0 10 3544.54 0 9.99525 1 8861.2 6.07865 0 0 0 
97000 100 14.37 0 10 3585.62 0 9.9953 1 7963.16 5.28309 0 0 0 
98000 100 16.25 0 10 3626.99 0 9.99535 1 8403.87 5.38761 0 0 0 
99000 100 15.89 0 10 3663.95 0 9.9954 1 7914.83 5.05514 0 0 0 
100000 100 16.9 0 10 3699.73 0 9.99544 1 7715.01 4.94492 0 0 0 
101000 100 12.97 0 10 3738.72 0 9.99549 1 8309.65 5.29483 0 0 0 
102000 100 15.76 0 10 3775.72 0 9.99553 1 8000.92 5.12598 0 0 0 
103000 100 16.99 0 10 3812.13 0 9.99558 1 8916.31 5.71732 0 0 0 
104000 100 12.3 0 10 3851.01 0 9.99562 1 8299.23 5.34916 0 0 0 
105000 100 17.67 0 10 3883.63 0 9.99566 1 8698.07 5.54097 0 0 0 
106000 100 14.06 0 10 3921.46 0 9.9957 1 7995.77 5.01296 0 0 0 
107000 100 12.44 0 10 3959.02 0 9.99574 1 7843.95 4.84008 0 0 0 
108000 100 17.57 0 10 3995.66 0 9.99578 1 7974.63 4.87993 0 0 0 
109000 100 12.54 0 10 4033.46 0 9.99582 1 8851.46 5.40557 0 0 0 
110000 100 14.73 0 10 4070.8 0 9.99586 1 7722.23 4.66876 0 0 0 
111000 100 14.17 0 10 4110.09 0 9.9959 1 7239.57 4.3689 0 0 0 
112000 100 18.19 0 10 4144.09 0 9.99593 1 8539.48 5.03337 0 0 0 
113000 100 19.29 0 10 4180.6 0 9.99597 1 8537.97 5.05776 0 0 0 
114000 100 13.97 0 10 4217.59 0 9.996 1 7968.53 4.70906 0 0 0 
115000 100 15.25 0 10 4257.58 0 9.99604 1 7497.89 4.43773 0 0 0 
116000 100 16.93 0 10 4295.38 0 9.99607 1 8295.42 4.93682 0 0 0 
117000 100 16.04 0 10 4333.34 0 9.99611 1 8348.8 4.95558 0 0 0 
118000 100 13.89 0 10 4371.54 0 9.99614 1 8781.56 5.19796 0 0 0 
119000 100 17.46 0 10 4411.69 0 9.99617 1 7788.47 4.60652 0 0 0 
120000 100 18.52 0 10 4446.1 0 9.9962 1 7579.45 4.50086 0 0 0 
121000 100 13.15 0 10 4482.2 0 9.99623 1 8230.46 4.82845 0 0 0 
122000 100 17.01 0 10 4522.53 0 9.99627 1 8939.42 5.22323 0 0 0 
123000 100 13.62 0 10 4559.21 0 9.9963 1 7747.9 4.54701 0 0 0 
124000 100 11.95 0 10 4597.1 0 9.99633 1 7299.02 4.30443 0 0 0 
125000 100 18.94 0 10 4635.44 0 9.99636 1 8108.69 4.75537 0 0 0 
126000 100 16.15 0 10 4674.08 0 9.99638 1 8214.48 4.8224 0 0 0 
127000 100 13.42 0 10 4712.47 0 9.99641 1 8888.86 5.19104 0 0 0 
128000 100 13.87 0 10 4750.72 0 9.99644 1 7662.22 4.47062 0 0 0 
129000 100 14.56 0 10 4789.62 0 9.99647 1 7624.27 4.46367 0 0 0 
130000 100 16.83 0 10 4827.25 0 9.9965 1 7846.45 4.53414 0 0 0 
131000 100 15.46 0 10 4865.21 0 9.99652 1 8498.18 4.88983 0 0 0 
132000 100 16.49 0 10 4905.48 0 9.99655 1 7733.28 4.42008 0 0 0 
133000 100 15.43 0 10 4943.07 0 9.99657 1 8049.57 4.58516 0 0 0 
134000 100 15.62 0 10 4981.97 0 9.9966 1 7846.47 4.42461 0 0 0 
135000 100 15.93 0 10 5018.78 0 9.99663 1 8624.43 4.86014 0 0 0 
136000 100 15.77 0 10 5054.08 0 9.99665 1 8016.05 4.54513 0 0 0 
137000 100 16.12 0 10 5089.16 0 9.99667 1 8361.69 4.746 0 0 0 
138000 100 16.25 0 10 5125.34 0 9.9967 1 8062.74 4.54246 0 0 0 
139000 100 15.69 0 10 5164.34 0 9.99672 1 8478.57 4.75045 0 0 0 
140000 100 18.79 0 10 5202.02 0 9.99675 1 7674.1 4.31428 0 0 0 
141000 100 14.51 0 10 5239.77 0 9.99677 1 8608.28 4.85752 0 0 0 
142000 100 16.14 0 10 5279.05 0 9.99679 1 8277.26 4.67542 0 0 0 
143000 100 14.24 0 10 5316.39 0 9.99681 1 8782.14 4.95733 0 0 0 
144000 100 14.82 0 10 5354.3 0 9.99684 1 8396.15 4.71636 0 0 0 
145000 100 15.35 0 10 5389 0 9.99686 1 8193.72 4.59058 0 0 0 
146000 100 14.45 0 10 5424.88 0 9.99688 1 8049.4 4.50206 0 0 0 
147000 100 14.36 0 10 5462.73 0 9.9969 1 7810.25 4.35088 0 0 0 
148000 100 15.5 0 10 5499.82 0 9.99692 1 8180.91 4.56853 0 0 0 
149000 100 19.02 0 10 5536.36 0 9.99694 1 8330.46 4.66478 0 0 0 
150000 100 17.86 0 10 5572.78 0 9.99696 1 8411.73 4.70456 0 0 0 
151000 100 14.86 0 10 5610.07 0 9.99698 1 8264.03 4.65586 0 0 0 
152000 100 16.65 0 10 5652.21 0 9.997 1 7670 4.32301 0 0 0 
153000 100 14.03 0 10 5692.07 0 9.99702 1 8185.24 4.64347 0 0 0 
154000 100 15.22 0 10 5734.18 0 9.99704 1 8196.63 4.64498 0 0 0 
155000 100 14.88 0 10 5772.13 0 9.99706 1 7896.49 4.4718 0 0 0 
156000 100 16.01 0 10 5810.18 0 9.99708 1 8326.87 4.68643 0 0 0 
157000 100 14.87 0 10 5847.53 0 9.9971 1 7911.9 4.39644 0 0 0 
158000 100 17.39 0 10 5882.73 0 9.99712 1 7905.85 4.41019 0 0 0 
159000 100 17.17 0 10 5920.93 0 9.99713 1 8197.93 4.58214 0 0 0 
160000 100 12.31 0 10 5961.44 0 9.99715 1 8787.09 4.89216 0 0 0 
161000 100 19.56 0 10 6001.79 0 9.99717 1 7501.64 4.16873 0 0 0 
162000 100 15.11 0 10 6042.82 0 9.99719 1 8226.72 4.52651 0 0 0 
163000 100 14.65 0 10 6079.72 0 9.9972 1 7904.89 4.2847 0 0 0 
164000 100 15.83 0 10 6120.41 0 9.99722 1 8060.04 4.3969 0 0 0 
165000 100 15.13 0 10 6159.98 0 9.99724 1 8194.96 4.41434 0 0 0 
166000 100 18.34 0 10 6196.93 0 9.99726 1 7683.07 4.15789 0 0 0 
167000 100 14.9 0 10 6236.21 0 9.99727 1 7649.38 4.09832 0 0 0 
168000 100 17.69 0 10 6273.77 0 9.99729 1 8212.69 4.37782 0 0 0 
169000 100 16.68 0 10 6313.09 0 9.9973 1 8072.72 4.29138 0 0 0 
170000 100 14.5 0 10 6349.99 0 9.99732 1 9321.22 4.96714 0 0 0 
171000 100 16.06 0 10 6391.2 0 9.99734 1 8301.14 4.42932 0 0 0 
172000 100 17.82 0 10 6431.99 0 9.99735 1 8814.9 4.68863 0 0 0 
173000 100 16.67 0 10 6469.68 0 9.99737 1 9131.7 4.85964 0 0 0 
174000 100 16.31 0 10 6508.48 0 9.99738 1 8794.47 4.65617 0 0 0 
175000 100 17.76 0 10 6543.61 0 9.9974 1 8927.67 4.72323 0 0 0 
176000 100 15.16 0 10 6579.06 0 9.99741 1 8015.58 4.26205 0 0 0 
177000 100 14.61 0 10 6617.05 0 9.99743 1 8441 4.4743 0 0 0 
178000 100 13.61 0 10 6652.79 0 9.99744 1 7880.69 4.16808 0 0 0 
179000 100 15.19 0 10 6689.25 0 9.99745 1 8605 4.50294 0 0 0 
180000 100 16.27 0 10 6727.23 0 9.99747 1 8340.84 4.37175 0 0 0 
181000 100 14.84 0 10 6764.59 0 9.99748 1 7892.24 4.1339 0 0 0 
182000 100 15.95 0 10 6802.69 0 9.9975 1 8037.53 4.1781 0 0 0 
183000 100 14.01 0 10 6841.69 0 9.99751 1 8017.35 4.15698 0 0 0 
184000 100 16.67 0 10 6881.33 0 9.99752 1 7217.33 3.75124 0 0 0 
185000 100 15.72 0 10 6919.78 0 9.99754 1 7906.76 4.13389 0 0 0 
186000 100 14.6 0 10 6958.2 0 9.99755 1 8006.37 4.22247 0 0 0 
187000 100 15.1 0 10 6998.82 0 9.99756 1 7728.55 4.00745 0 0 0 
188000 100 14.21 0 10 7039.89 0 9.99758 1 7584.97 3.94687 0 0 0 
189000 100 17.4 0 10 7076.73 0 9.99759 1 8628.56 4.48818 0 0 0 
190000 100 17.4 0 10 7112.53 0 9.9976 1 8258.87 4.31142 0 0 0 
191000 100 13.84 0 10 7152.02 0 9.99761 1 7778.98 4.05156 0 0 0 
192000 100 13.91 0 10 7189.33 0 9.99763 1 7751.08 3.94876 0 0 0 
193000 100 16.25 0 10 7228.89 0 9.99764 1 8206.53 4.17377 0 0 0 
194000 100 16.72 0 10 7266.14 0 9.99765 1 8003.83 4.0869 0 0 0 
195000 100 15.9 0 10 7304.47 0 9.99766 1 7831.6 3.98518 0 0 0 
196000 100 13.73 0 10 7340.91 0 9.99768 1 7744.92 3.97377 0 0 0 
197000 100 14.88 0 10 7377.21 0 9.99769 1 7782.48 3.99629 0 0 0 
198000 100 17.17 0 10 7414.89 0 9.9977 1 7557.41 3.85569 0 0 0 
199000 100 16.73 0 10 7449.42 0 9.99771 1 8338.75 4.23269 0 0 0 
200000 100 16.16 0 10 7489.61 0 9.99772 1 7767.45 3.9208 0 0 0 
201000 100 15.08 0 10 7526.4 0 9.99773 1 7930.03 4.00876 0 0 0 
202000 100 16.23 0 10 7565.38 0 9.99774 1 8187.76 4.10677 0 0 0 
203000 100 14.42 0 10 7603.59 0 9.99776 1 8707 4.37387 0 0 0 
204000 100 19.24 0 10 7640.8 0 9.99777 1 8497.59 4.28034 0 0 0 
205000 100 14.21 0 10 7680.97 0 9.99778 1 7742.98 3.87748 0 0 0 
206000 100 17.86 0 10 7715.3 0 9.99779 1 8429.05 4.2592 0 0 0 
207000 100 15.08 0 10 7757.11 0 9.9978 1 8805.03 4.39037 0 0 0 
208000 100 13.56 0 10 7796.63 0 9.99781 1 7554.76 3.77108 0 0 0 
209000 100 19.51 0 10 7835.12 0 9.99782 1 8665.96 4.33677 0 0 0 
210000 100 14.26 0 10 7872.01 0 9.99783 1 8769.49 4.37545 0 0 0 
211000 100 18.6 0 10 7907.98 0 9.99784 1 8177.86 4.10156 0 0 0 
212000 100 13.78 0 10 7944.31 0 9.99785 1 8090.68 4.0583 0 0 0 
213000 100 13.78 0 10 7982.58 0 9.99786 1 7921.81 4.01645 0 0 0 
214000 100 14.44 0 10 8018.99 0 9.99787 1 7769.54 3.97798 0 0 0 
215000 100 16.34 0 10 8055.91 0 9.99788 1 8826.53 4.52406 0 0 0 
216000 100 18.36 0 10 8095.32 0 9.99789 1 9196.71 4.72812 0 0 0 
217000 100 15.51 0 10 8135.4 0 9.9979 1 7825.93 3.99735 0 0 0 
218000 100 14.97 0 10 8173.94 0 9.99791 1 9001.37 4.61536 0 0 0 
219000 100 14.45 0 10 8212.43 0 9.99792 1 7920.44 4.03664 0 0 0 
220000 100 13.84 0 10 8252.23 0 9.99793 1 7635.46 3.86791 0 0 0 
221000 100 15.89 0 10 8288.99 0 9.99794 1 9418.39 4.81278 0 0 0 
222000 100 18.92 0 10 8324.73 0 9.99795 1 9191.98 4.68705 0 0 0 
223000 100 14.28 0 10 8364.31 0 9.99796 1 8134.08 4.16886 0 0 0 
224000 100 16.93 0 10 8402.52 0 9.99797 1 7891.96 3.99987 0 0 0 
225000 100 15.19 0 10 8438.03 0 9.99798 1 7867.24 3.99472 0 0 0 
226000 100 15.68 0 10 8469.16 0 9.99798 1 8020.71 4.08972 0 0 0 
227000 100 14.46 0 10 8509.61 0 9.99799 1 8851.69 4.46877 0 0 0 
228000 100 18.49 0 10 8545.46 0 9.998 1 8443.51 4.25085 0 0 0 
229000 100 15.69 0 10 8583.26 0 9.99801 1 7967.26 4.03618 0 0 0 
230000 100 16.36 0 10 8621.72 0 9.99802 1 7865.51 3.99892 0 0 0 
231000 100 16.57 0 10 8664.18 0 9.99803 1 8554.33 4.40188 0 0 0 
232000 100 19.87 0 10 8700.6 0 9.99804 1 7914.37 4.06408 0 0 0 
233000 100 16.37 0 10 8738.3 0 9.99804 1 7919.9 4.05016 0 0 0 
234000 100 17.04 0 10 8778.33 0 9.99805 1 8060.56 4.10204 0 0 0 
235000 100 16.39 0 10 8815.69 0 9.99806 1 8141.62 4.12814 0 0 0 
236000 100 17.9 0 10 8853.97 0 9.99807 1 8518.37 4.29682 0 0 0 
237000 100 6.62 0 10 8930.46 0 9.99808 1 2926.3 1.47503 0 0 0 
238000 100 4.39 0 10 9083.51 0 9.99809 1 2145.54 1.09007 0 0 0 
239000 100 3.73 0 10 9237.19 0 9.99809 1 1711.16 0.876779 0 0 0 
240000 100 2.57 0 10 9400 0 9.9981 1 1561.64 0.811229 0 0 0 
241000 100 3.36 0 10 9599.13 0 9.99811 1 1502.29 0.780029 0 0 0 
242000 100 2.99 0 10 9880.08 0 9.99812 1 1302.1 0.682218 0 0 0 
243000 100 2.71 0 10 10130.4 0 9.99813 1 1150.42 0.59973 0 0 0 
244000 100 1.59 0 10 10426.5 0 9.99813 1 911.75 0.47742 0 0 0 
245000 100 1.91 0 10 10772.3 0 9.99814 1 881.18 0.459346 0 0 0 
246000 100 1.65 0 10 11128.4 0 9.99815 1 1062.66 0.543796 0 0 0 
247000 100 1.89 0 10 11473.6 0 9.99816 1 938.7 0.478416 0 0 0 
248000 100 1.75 0 10 11799.3 0 9.99816 1 984.8 0.499238 0 0 0 
249000 100 2.26 0 10 12130.3 0 9.99817 1 1106.54 0.552862 0 0 0 
250000 100 2.14 0 10 12423.5 0 9.99818 1 1081.54 0.536549 0 0 0 