# Avida Average Deme Data
# Thu Apr 17 11:50:37 2014
#  1: Update
#  2: Count
#  3: Age
#  4: Births
#  5: Organisms
#  6: Generation
#  7: Births (at last replication)
#  8: Organisms (at last replication)
#  9: Merit
# 10: Gestation Time
# 11: Time Used (normalized by org fitness)
# 12: Generations between current and last founders
# 13: Events killed
# 14: Attempts to kill event

0 100 0 0 1 0 0 0 1 0 0 0 0 0 
1000 100 23.04 0 10 22.29 0 9.51439 1 11811.2 10.1521 0 0 0 
2000 100 26.65 0 10 46.23 0 9.75707 1 14282.5 12.2135 0 0 0 
3000 100 25.7 0 10 71.17 0 9.83802 1 14038.3 11.9702 0 0 0 
4000 100 23.42 0 10 94.37 0 9.87851 1 12357.7 10.5102 0 0 0 
5000 100 22.24 0 10 117.49 0 9.9028 1 11518.9 9.85501 0 0 0 
6000 100 19.73 0 10 143.46 0 9.919 1 11770.6 10.1098 0 0 0 
7000 100 22.15 0 10 172.09 0 9.93057 1 10710.9 9.17591 0 0 0 
8000 100 19.82 0 10 200.03 0 9.93925 1 11239.8 9.60368 0 0 0 
9000 100 19.14 0 10 226.69 0 9.94599 1 12110.9 10.2248 0 0 0 
10000 100 21.02 0 10 255.01 0 9.95139 1 10334 8.72383 0 0 0 
11000 100 18.57 0 10 283.76 0 9.95581 1 10662.8 9.07007 0 0 0 
12000 100 16.49 0 10 313.93 0 9.9595 1 11478.5 9.75987 0 0 0 
13000 100 19.75 0 10 349.65 0 9.96261 1 9477.25 8.106 0 0 0 
14000 100 18.84 0 10 384.09 0 9.96528 1 9772.64 8.45455 0 0 0 
15000 100 17.82 0 10 418.94 0 9.9676 1 8804.07 7.64957 0 0 0 
16000 100 14.91 0 10 453.45 0 9.96962 1 9961.5 8.67956 0 0 0 
17000 100 15.31 0 10 486.7 0 9.97141 1 9059.41 7.94632 0 0 0 
18000 100 14.55 0 10 533.81 0 9.973 1 5027.76 4.35234 0 0 0 
19000 100 9.86 0 10 649.57 0 9.97442 1 2547.62 2.20103 0 0 0 
20000 100 10.41 0 10 755.55 0 9.9757 1 2971.32 2.52979 0 0 0 
21000 100 9.5 0 10 889.92 0 9.97685 1 2942.22 2.49996 0 0 0 
22000 100 5.94 0 10 1020.31 0 9.97791 1 2053.51 1.73796 0 0 0 
23000 100 7.84 0 10 1172.35 0 9.97887 1 1897.95 1.64923 0 0 0 
24000 100 5.96 0 10 1336.44 0 9.97975 1 1809.66 1.5703 0 0 0 
25000 100 6.73 0 10 1470.96 0 9.98056 1 2438.68 2.0923 0 0 0 
26000 100 6.57 0 10 1617.12 0 9.9813 1 2230.12 1.88073 0 0 0 
27000 100 5.89 0 10 1774.06 0 9.982 1 2020.5 1.71348 0 0 0 
28000 100 6.3 0 10 1934.2 0 9.98264 1 2089.18 1.79163 0 0 0 
29000 100 4.87 0 10 2090.49 0 9.98324 1 2136.03 1.79361 0 0 0 
30000 100 7.52 0 10 2252.22 0 9.9838 1 2406.39 1.98999 0 0 0 
31000 100 6.93 0 10 2421.48 0 9.98432 1 2464.3 2.06451 0 0 0 
32000 100 5.44 0 10 2565.04 0 9.98481 1 2251.27 1.85573 0 0 0 
33000 100 5.95 0 10 2705.45 0 9.98527 1 2060.47 1.69237 0 0 0 
34000 100 7.08 0 10 2872.39 0 9.9857 1 2223.23 1.80135 0 0 0 
35000 100 5.97 0 10 3030.65 0 9.98611 1 2079.98 1.69246 0 0 0 
36000 100 4.73 0 10 3187.84 0 9.9865 1 2012.55 1.6135 0 0 0 
37000 100 4.45 0 10 3361.06 0 9.98686 1 2131.92 1.70343 0 0 0 
38000 100 4.23 0 10 3535.77 0 9.98721 1 2212.91 1.78914 0 0 0 
39000 100 3.82 0 10 3719.27 0 9.98754 1 1665.08 1.36882 0 0 0 
40000 100 5.18 0 10 3912.4 0 9.98785 1 1861.17 1.51508 0 0 0 
41000 100 3.53 0 10 4088.71 0 9.98814 1 1627.88 1.33106 0 0 0 
42000 100 3 0 10 4268.73 0 9.98843 1 1566.39 1.29333 0 0 0 
43000 100 3.52 0 10 4475.16 0 9.9887 1 1682.73 1.39697 0 0 0 
44000 100 4.21 0 10 4663.31 0 9.98895 1 1543.69 1.30227 0 0 0 
45000 100 3.34 0 10 4890.33 0 9.9892 1 1358.81 1.15142 0 0 0 
46000 100 2.85 0 10 5100.2 0 9.98943 1 1353.14 1.15147 0 0 0 
47000 100 3.16 0 10 5335.4 0 9.98966 1 1457.86 1.2599 0 0 0 
48000 100 3.15 0 10 5597.09 0 9.98987 1 1403.66 1.21348 0 0 0 
49000 100 2.19 0 10 5846.4 0 9.99008 1 1176.62 1.03026 0 0 0 
50000 100 4.32 0 10 6096.69 0 9.99028 1 1282.88 1.11846 0 0 0 
51000 100 3.12 0 10 6347.89 0 9.99047 1 1193.62 1.06266 0 0 0 
52000 100 2.52 0 10 6606.33 0 9.99065 1 1338.8 1.16493 0 0 0 
53000 100 3.2 0 10 6833.02 0 9.99083 1 1539.66 1.29798 0 0 0 
54000 100 3.16 0 10 7093.04 0 9.991 1 1398.41 1.17196 0 0 0 
55000 100 2.54 0 10 7341.06 0 9.99116 1 1332.77 1.05847 0 0 0 
56000 100 2.64 0 10 7590.14 0 9.99132 1 1315.83 1.08314 0 0 0 
57000 100 3.04 0 10 7826.09 0 9.99147 1 1186.56 0.993258 0 0 0 
58000 100 2.65 0 10 8083.79 0 9.99162 1 1246.49 1.03688 0 0 0 
59000 100 2.19 0 10 8337.45 0 9.99176 1 1201.03 0.996593 0 0 0 
60000 100 3.22 0 10 8575.14 0 9.9919 1 1323.08 1.07063 0 0 0 
61000 100 2.21 0 10 8812.83 0 9.99203 1 1369.67 1.12378 0 0 0 
62000 100 3.39 0 10 9045.56 0 9.99216 1 1483.96 1.1927 0 0 0 
63000 100 2.71 0 10 9282.38 0 9.99228 1 1269.41 1.09154 0 0 0 
64000 100 2.48 0 10 9517.38 0 9.9924 1 1269.55 1.0736 0 0 0 
65000 100 3.05 0 10 9755.21 0 9.99252 1 1479.34 1.26316 0 0 0 
66000 100 2.6 0 10 10008 0 9.99263 1 1303.06 1.09117 0 0 0 
67000 100 2.63 0 10 10255 0 9.99274 1 1463.05 1.2182 0 0 0 
68000 100 2.83 0 10 10485 0 9.99285 1 1292.29 1.07166 0 0 0 
69000 100 3.09 0 10 10711.8 0 9.99296 1 1411.35 1.17574 0 0 0 
70000 100 2.5 0 10 10940.3 0 9.99306 1 1475.55 1.24325 0 0 0 
71000 100 2.48 0 10 11159.9 0 9.99315 1 1395.57 1.13134 0 0 0 
72000 100 3.14 0 10 11367.2 0 9.99325 1 1696.53 1.3753 0 0 0 
73000 100 2.93 0 10 11586.5 0 9.99334 1 1610.25 1.29789 0 0 0 
74000 100 2.77 0 10 11798.2 0 9.99343 1 1576.64 1.28709 0 0 0 
75000 100 2.76 0 10 12027.3 0 9.99352 1 1560.81 1.31323 0 0 0 
76000 100 2.91 0 10 12240.3 0 9.9936 1 1389.54 1.16113 0 0 0 
77000 100 3.33 0 10 12458.9 0 9.99369 1 1465.44 1.23072 0 0 0 
78000 100 2.93 0 10 12685.5 0 9.99377 1 1457.11 1.22477 0 0 0 
79000 100 2.55 0 10 12920.3 0 9.99385 1 1290.22 1.0682 0 0 0 
80000 100 2.67 0 10 13153.6 0 9.99392 1 1300.28 1.06275 0 0 0 
81000 100 3.37 0 10 13387.6 0 9.994 1 1470.36 1.2141 0 0 0 
82000 100 3 0 10 13625 0 9.99407 1 1343.34 1.07762 0 0 0 
83000 100 3.79 0 10 13855.2 0 9.99414 1 1464.78 1.14457 0 0 0 
84000 100 2.89 0 10 14076.1 0 9.99421 1 1370.49 1.06959 0 0 0 
85000 100 3.49 0 10 14303.6 0 9.99428 1 1547.31 1.24164 0 0 0 
86000 100 4.3 0 10 14514.7 0 9.99435 1 1448.59 1.17923 0 0 0 
87000 100 3.24 0 10 14730 0 9.99441 1 1427.95 1.14456 0 0 0 
88000 100 3.7 0 10 14964.1 0 9.99448 1 1493.93 1.18378 0 0 0 
89000 100 4.12 0 10 15168.4 0 9.99454 1 1349.11 1.06099 0 0 0 
90000 100 2.62 0 10 15395.2 0 9.9946 1 1398.56 1.11177 0 0 0 
91000 100 3.08 0 10 15628.9 0 9.99466 1 1450.76 1.2004 0 0 0 
92000 100 2.67 0 10 15865.6 0 9.99472 1 1368.47 1.14287 0 0 0 
93000 100 3.58 0 10 16089.3 0 9.99477 1 1348.46 1.10227 0 0 0 
94000 100 2.73 0 10 16315.7 0 9.99483 1 1634.37 1.30573 0 0 0 
95000 100 2.61 0 10 16535.3 0 9.99488 1 1487.71 1.20996 0 0 0 
96000 100 2.8 0 10 16772 0 9.99494 1 1509.66 1.24591 0 0 0 
97000 100 3.22 0 10 17007.4 0 9.99499 1 1377.16 1.0814 0 0 0 
98000 100 2.84 0 10 17247.8 0 9.99504 1 1508.46 1.16581 0 0 0 
99000 100 2.86 0 10 17492.1 0 9.99509 1 1245.42 0.975264 0 0 0 
100000 100 3.54 0 10 17747.2 0 9.99514 1 1339.69 1.04732 0 0 0 
101000 100 2.29 0 10 17976.9 0 9.99519 1 1310.76 1.01008 0 0 0 
102000 100 2.5 0 10 18211.2 0 9.99523 1 1681.74 1.30409 0 0 0 
103000 100 3.04 0 10 18443.7 0 9.99528 1 1381.17 1.0712 0 0 0 
104000 100 2.82 0 10 18678.8 0 9.99533 1 1290.1 1.00557 0 0 0 
105000 100 2.5 0 10 18917.6 0 9.99537 1 1317.65 1.00903 0 0 0 
106000 100 4.05 0 10 19148.1 0 9.99541 1 1571.67 1.23443 0 0 0 
107000 100 2.47 0 10 19385.4 0 9.99546 1 1397.32 1.0748 0 0 0 
108000 100 2.71 0 10 19614.6 0 9.9955 1 1181.47 0.907166 0 0 0 
109000 100 2.63 0 10 19867.3 0 9.99554 1 1144.97 0.870974 0 0 0 
110000 100 2.43 0 10 20121.2 0 9.99558 1 1292.93 0.927413 0 0 0 
111000 100 2.42 0 10 20373.4 0 9.99562 1 1266.26 0.876643 0 0 0 
112000 100 2.17 0 10 20639.7 0 9.99566 1 1171.42 0.815444 0 0 0 
113000 100 2.69 0 10 20897.5 0 9.9957 1 1120.64 0.757842 0 0 0 
114000 100 2.27 0 10 21166.4 0 9.99574 1 1095.57 0.729715 0 0 0 
115000 100 2.52 0 10 21416.5 0 9.99577 1 1184.72 0.784935 0 0 0 
116000 100 2.42 0 10 21673 0 9.99581 1 1218.75 0.793376 0 0 0 
117000 100 2.93 0 10 21951.2 0 9.99585 1 1118.13 0.707047 0 0 0 
118000 100 2.44 0 10 22224.5 0 9.99588 1 1250.27 0.785558 0 0 0 
119000 100 2.37 0 10 22484.1 0 9.99592 1 1328.57 0.830979 0 0 0 
120000 100 2.91 0 10 22757.8 0 9.99595 1 1258.49 0.77755 0 0 0 
121000 100 2.09 0 10 23004.6 0 9.99598 1 1282.91 0.780851 0 0 0 
122000 100 1.89 0 10 23254 0 9.99602 1 1052.57 0.641059 0 0 0 
123000 100 1.86 0 10 23524.3 0 9.99605 1 1117.35 0.683279 0 0 0 
124000 100 2.77 0 10 23777.7 0 9.99608 1 1098.47 0.671897 0 0 0 
125000 100 2.04 0 10 24061.7 0 9.99611 1 1161.73 0.716146 0 0 0 
126000 100 2.45 0 10 24315.9 0 9.99614 1 1321.84 0.817575 0 0 0 
127000 100 2.67 0 10 24585.5 0 9.99617 1 1035.27 0.628665 0 0 0 
128000 100 2.82 0 10 24855.3 0 9.9962 1 1275.01 0.741016 0 0 0 
129000 100 2.12 0 10 25125.9 0 9.99623 1 1389.28 0.818297 0 0 0 
130000 100 1.92 0 10 25396.5 0 9.99626 1 1187.67 0.663556 0 0 0 
131000 100 2.37 0 10 25667.8 0 9.99629 1 1274.04 0.695409 0 0 0 
132000 100 1.94 0 10 25951 0 9.99632 1 1205.62 0.646885 0 0 0 
133000 100 2.03 0 10 26219.2 0 9.99635 1 1320.72 0.712536 0 0 0 
134000 100 1.99 0 10 26504.3 0 9.99637 1 1146.41 0.607373 0 0 0 
135000 100 2.18 0 10 26787.2 0 9.9964 1 1252.04 0.6595 0 0 0 
136000 100 2.25 0 10 27093.8 0 9.99643 1 1026.55 0.533263 0 0 0 
137000 100 2.19 0 10 27386 0 9.99645 1 1143.56 0.585177 0 0 0 
138000 100 2.49 0 10 27684.7 0 9.99648 1 1177.92 0.595074 0 0 0 
139000 100 1.89 0 10 27951.5 0 9.9965 1 1214.36 0.604426 0 0 0 
140000 100 2.47 0 10 28229.4 0 9.99653 1 1012.28 0.50498 0 0 0 
141000 100 2.17 0 10 28513.4 0 9.99655 1 1008.34 0.502411 0 0 0 
142000 100 2.42 0 10 28800 0 9.99658 1 1064.12 0.524001 0 0 0 
143000 100 2.85 0 10 29056.9 0 9.9966 1 1301.45 0.622688 0 0 0 
144000 100 2.15 0 10 29323 0 9.99662 1 1385.53 0.655882 0 0 0 
145000 100 2.49 0 10 29620.6 0 9.99665 1 1237.65 0.583854 0 0 0 
146000 100 2.43 0 10 29896 0 9.99667 1 1061.86 0.494316 0 0 0 
147000 100 2.49 0 10 30187.3 0 9.99669 1 1269.78 0.586048 0 0 0 
148000 100 2.53 0 10 30465.7 0 9.99672 1 1133.41 0.530409 0 0 0 
149000 100 1.92 0 10 30770.5 0 9.99674 1 1108.35 0.499583 0 0 0 
150000 100 2.18 0 10 31069.8 0 9.99676 1 1239.65 0.555355 0 0 0 
151000 100 1.98 0 10 31367.5 0 9.99678 1 1060.82 0.476877 0 0 0 
152000 100 2.87 0 10 31657.4 0 9.9968 1 1075.51 0.479703 0 0 0 
153000 100 2.77 0 10 31935.5 0 9.99682 1 1035.74 0.459922 0 0 0 
154000 100 2.01 0 10 32221.1 0 9.99684 1 1083.38 0.479396 0 0 0 
155000 100 2.31 0 10 32517.2 0 9.99686 1 1060.27 0.474138 0 0 0 
156000 100 2.09 0 10 32821 0 9.99688 1 1041.83 0.471099 0 0 0 
157000 100 1.53 0 10 33106.7 0 9.9969 1 1079 0.484706 0 0 0 
158000 100 2.4 0 10 33381.3 0 9.99692 1 1063.39 0.478787 0 0 0 
159000 100 1.94 0 10 33676.4 0 9.99694 1 1138.66 0.501888 0 0 0 
160000 100 2.12 0 10 33956.3 0 9.99696 1 1110.73 0.481082 0 0 0 
161000 100 2.62 0 10 34216.8 0 9.99698 1 1096.91 0.469998 0 0 0 
162000 100 1.76 0 10 34486.9 0 9.997 1 1108.14 0.470921 0 0 0 
163000 100 1.92 0 10 34744.6 0 9.99702 1 1215.79 0.517752 0 0 0 
164000 100 2.47 0 10 35001.2 0 9.99704 1 1128.01 0.476549 0 0 0 
165000 100 2.54 0 10 35244.7 0 9.99705 1 1131.79 0.478825 0 0 0 
166000 100 2.5 0 10 35479.9 0 9.99707 1 1240.21 0.537694 0 0 0 
167000 100 2.15 0 10 35756.8 0 9.99709 1 1154.76 0.503779 0 0 0 
168000 100 2.24 0 10 36026.1 0 9.99711 1 1299.58 0.557433 0 0 0 
169000 100 2.2 0 10 36321.2 0 9.99712 1 1231.53 0.524746 0 0 0 
170000 100 2.48 0 10 36606.7 0 9.99714 1 1180.76 0.507106 0 0 0 
171000 100 2.16 0 10 36880.8 0 9.99716 1 1019.1 0.435867 0 0 0 
172000 100 1.66 0 10 37173 0 9.99717 1 1181.68 0.506804 0 0 0 
173000 100 2.74 0 10 37464.7 0 9.99719 1 1101.14 0.479104 0 0 0 
174000 100 2.33 0 10 37756 0 9.99721 1 1125.65 0.490554 0 0 0 
175000 100 2.5 0 10 38043.9 0 9.99722 1 1249.26 0.538165 0 0 0 
176000 100 2.5 0 10 38324.8 0 9.99724 1 1224.14 0.513383 0 0 0 
177000 100 2.25 0 10 38606.2 0 9.99725 1 1158.86 0.482941 0 0 0 
178000 100 2.42 0 10 38890.1 0 9.99727 1 1098.17 0.451723 0 0 0 
179000 100 2.31 0 10 39160 0 9.99728 1 1159.08 0.478066 0 0 0 
180000 100 2.25 0 10 39433.5 0 9.9973 1 1124.61 0.461225 0 0 0 
181000 100 1.83 0 10 39692.5 0 9.99731 1 1210.93 0.498317 0 0 0 
182000 100 1.99 0 10 39977.6 0 9.99733 1 1082.24 0.432734 0 0 0 
183000 100 2.56 0 10 40256.4 0 9.99734 1 1069.29 0.424595 0 0 0 
184000 100 2.17 0 10 40543.6 0 9.99736 1 1218.41 0.48346 0 0 0 
185000 100 1.9 0 10 40824 0 9.99737 1 1055.7 0.417765 0 0 0 
186000 100 2.79 0 10 41124.7 0 9.99739 1 1065.1 0.425118 0 0 0 
187000 100 2.4 0 10 41388.3 0 9.9974 1 1184.86 0.475189 0 0 0 
188000 100 2.42 0 10 41675.7 0 9.99741 1 956.51 0.377382 0 0 0 
189000 100 3.15 0 10 41946.3 0 9.99743 1 1054 0.410405 0 0 0 
190000 100 2.7 0 10 42258.2 0 9.99744 1 1046.06 0.410769 0 0 0 
191000 100 2.2 0 10 42547.8 0 9.99745 1 1027.42 0.399006 0 0 0 
192000 100 2.23 0 10 42843.7 0 9.99747 1 1226.71 0.480132 0 0 0 
193000 100 1.49 0 10 43139.4 0 9.99748 1 1171.65 0.458155 0 0 0 
194000 100 2.98 0 10 43452.8 0 9.99749 1 904.48 0.348944 0 0 0 
195000 100 2.45 0 10 43753 0 9.99751 1 954.55 0.364256 0 0 0 
196000 100 2.3 0 10 44004.7 0 9.99752 1 1267.62 0.480404 0 0 0 
197000 100 2.19 0 10 44266.5 0 9.99753 1 1161.54 0.439502 0 0 0 
198000 100 2.71 0 10 44553.6 0 9.99754 1 1102.61 0.415101 0 0 0 
199000 100 2.32 0 10 44820.3 0 9.99756 1 1208.59 0.450218 0 0 0 
200000 100 2.29 0 10 45101.6 0 9.99757 1 1383.05 0.511541 0 0 0 
201000 100 1.78 0 10 45399.1 0 9.99758 1 1181.96 0.43219 0 0 0 
202000 100 2.14 0 10 45694.2 0 9.99759 1 1076.17 0.398333 0 0 0 
203000 100 2.35 0 10 45981.4 0 9.99761 1 1047.3 0.387106 0 0 0 
204000 100 2.09 0 10 46267.7 0 9.99762 1 1050.12 0.396127 0 0 0 
205000 100 2.26 0 10 46539.9 0 9.99763 1 1170.04 0.44235 0 0 0 
206000 100 1.9 0 10 46825.7 0 9.99764 1 1094.54 0.413039 0 0 0 
207000 100 2.47 0 10 47117.9 0 9.99765 1 1158.9 0.440749 0 0 0 
208000 100 2.03 0 10 47418.8 0 9.99766 1 1260.37 0.468245 0 0 0 
209000 100 2.49 0 10 47714.3 0 9.99767 1 967.15 0.361868 0 0 0 
210000 100 1.99 0 10 48001.8 0 9.99769 1 1089.72 0.40759 0 0 0 
211000 100 2.24 0 10 48299.3 0 9.9977 1 1021.22 0.379147 0 0 0 
212000 100 2.3 0 10 48587.6 0 9.99771 1 1057.3 0.388457 0 0 0 
213000 100 2.91 0 10 48890 0 9.99772 1 1007.43 0.362473 0 0 0 
214000 100 2.13 0 10 49161.7 0 9.99773 1 1219.11 0.441993 0 0 0 
215000 100 2.14 0 10 49441.8 0 9.99774 1 1138.58 0.414463 0 0 0 
216000 100 1.92 0 10 49720.4 0 9.99775 1 1096.76 0.403718 0 0 0 
217000 100 2.12 0 10 49998.2 0 9.99776 1 1081.57 0.399842 0 0 0 
218000 100 2.15 0 10 50288.8 0 9.99777 1 1106.36 0.406163 0 0 0 
219000 100 1.8 0 10 50589.1 0 9.99778 1 1017.46 0.370031 0 0 0 
220000 100 2.34 0 10 50889.2 0 9.99779 1 1158.83 0.420002 0 0 0 
221000 100 2.5 0 10 51173.3 0 9.9978 1 1007.27 0.364167 0 0 0 
222000 100 2.04 0 10 51447.2 0 9.99781 1 999.55 0.36281 0 0 0 
223000 100 2.11 0 10 51734.4 0 9.99782 1 1165.04 0.424508 0 0 0 
224000 100 1.98 0 10 52013.8 0 9.99783 1 1030.71 0.375422 0 0 0 
225000 100 2.07 0 10 52301.8 0 9.99784 1 995.83 0.361163 0 0 0 
226000 100 1.91 0 10 52585.6 0 9.99785 1 1023.64 0.380053 0 0 0 
227000 100 2.32 0 10 52854.6 0 9.99786 1 1318.23 0.499564 0 0 0 
228000 100 2.22 0 10 53124.1 0 9.99787 1 1235.94 0.470574 0 0 0 
229000 100 2.06 0 10 53408.2 0 9.99788 1 1228.53 0.469269 0 0 0 
230000 100 2.7 0 10 53678.9 0 9.99789 1 1319.7 0.499074 0 0 0 
231000 100 1.8 0 10 53962.7 0 9.9979 1 1221.33 0.457714 0 0 0 
232000 100 2.14 0 10 54230 0 9.9979 1 1235.81 0.462819 0 0 0 
233000 100 2 0 10 54511 0 9.99791 1 1139.44 0.42963 0 0 0 
234000 100 2.23 0 10 54766.8 0 9.99792 1 1203.36 0.452167 0 0 0 
235000 100 2.14 0 10 55038.6 0 9.99793 1 1380.36 0.516903 0 0 0 
236000 100 1.93 0 10 55300 0 9.99794 1 1146.81 0.428468 0 0 0 
237000 100 2.9 0 10 55570.5 0 9.99795 1 1150.72 0.42928 0 0 0 
238000 100 1.94 0 10 55845.1 0 9.99796 1 1029.67 0.388062 0 0 0 
239000 100 2.72 0 10 56130.6 0 9.99797 1 1022.28 0.381548 0 0 0 
240000 100 2.43 0 10 56394.1 0 9.99797 1 1011.29 0.378015 0 0 0 
241000 100 2.45 0 10 56682.4 0 9.99798 1 1176.49 0.44244 0 0 0 
242000 100 1.63 0 10 56932.4 0 9.99799 1 1291.5 0.487924 0 0 0 
243000 100 2.25 0 10 57192.5 0 9.998 1 1231.71 0.454042 0 0 0 
244000 100 1.8 0 10 57454.8 0 9.99801 1 1143.47 0.422752 0 0 0 
245000 100 1.87 0 10 57737 0 9.99802 1 1012.73 0.380097 0 0 0 
246000 100 1.82 0 10 58005.3 0 9.99802 1 1023.73 0.385321 0 0 0 
247000 100 2.5 0 10 58283 0 9.99803 1 1048.06 0.39245 0 0 0 
248000 100 2.53 0 10 58580.2 0 9.99804 1 1026.71 0.379088 0 0 0 
249000 100 2.07 0 10 58861.8 0 9.99805 1 1088.08 0.399209 0 0 0 
250000 100 1.9 0 10 59151.9 0 9.99806 1 1134.18 0.416272 0 0 0 