# Avida Average Deme Data
# Tue Apr 22 03:44:13 2014
#  1: Update
#  2: Count
#  3: Age
#  4: Births
#  5: Organisms
#  6: Generation
#  7: Births (at last replication)
#  8: Organisms (at last replication)
#  9: Merit
# 10: Gestation Time
# 11: Time Used (normalized by org fitness)
# 12: Generations between current and last founders
# 13: Events killed
# 14: Attempts to kill event

0 100 0 0 1 0 0 0 1 0 0 0 0 0 
1000 100 23.69 0 10 22.79 0 9.56593 1 14431.8 12.434 0 0 0 
2000 100 25.28 0 10 46.36 0 9.78286 1 13469.3 11.5387 0 0 0 
3000 100 19.95 0 10 74.46 0 9.85521 1 11268.7 9.77833 0 0 0 
4000 100 19.48 0 10 106.23 0 9.8914 1 10344.1 9.02848 0 0 0 
5000 100 18.94 0 10 138.2 0 9.91312 1 9715.63 8.52681 0 0 0 
6000 100 18.41 0 10 167.59 0 9.9276 1 9598.77 8.51728 0 0 0 
7000 100 19.23 0 10 199.44 0 9.93794 1 9678.85 8.55713 0 0 0 
8000 100 22.41 0 10 232.35 0 9.94569 1 9256.36 8.2359 0 0 0 
9000 100 16.45 0 10 265.55 0 9.95173 1 9662.45 8.4091 0 0 0 
10000 100 18.79 0 10 303.45 0 9.95655 1 8466.11 7.35992 0 0 0 
11000 100 14.15 0 10 343.68 0 9.9605 1 8143.15 7.03512 0 0 0 
12000 100 13 0 10 388.23 0 9.96379 1 7518.24 6.50296 0 0 0 
13000 100 12.12 0 10 430.23 0 9.96658 1 8073.92 6.96196 0 0 0 
14000 100 12.73 0 10 469.77 0 9.96897 1 7688.78 6.70576 0 0 0 
15000 100 14.58 0 10 510.37 0 9.97104 1 8560.46 7.37481 0 0 0 
16000 100 17.06 0 10 552.55 0 9.97285 1 8160.24 7.03662 0 0 0 
17000 100 14.22 0 10 591.04 0 9.97444 1 8288.32 7.07771 0 0 0 
18000 100 13.65 0 10 630.67 0 9.97586 1 8124.1 6.92502 0 0 0 
19000 100 15.75 0 10 670.45 0 9.97713 1 7965.27 6.73298 0 0 0 
20000 100 11.9 0 10 709.01 0 9.97828 1 8323.87 7.06139 0 0 0 
21000 100 13.4 0 10 750.47 0 9.97931 1 7218.42 6.06818 0 0 0 
22000 100 15.65 0 10 790.54 0 9.98025 1 7652.89 6.48069 0 0 0 
23000 100 13.18 0 10 832.29 0 9.98111 1 7711.53 6.55495 0 0 0 
24000 100 14.37 0 10 871.92 0 9.9819 1 7297.54 6.15034 0 0 0 
25000 100 13.98 0 10 910.23 0 9.98262 1 7296.35 6.17061 0 0 0 
26000 100 14.59 0 10 947.81 0 9.98329 1 7228.58 6.12078 0 0 0 
27000 100 14.29 0 10 988.77 0 9.98391 1 8183.85 6.81382 0 0 0 
28000 100 14.6 0 10 1025.52 0 9.98448 1 8214.8 6.7054 0 0 0 
29000 100 13.71 0 10 1068.01 0 9.98502 1 7869.02 6.3531 0 0 0 
30000 100 16.08 0 10 1106.28 0 9.98552 1 8811.55 7.27711 0 0 0 
31000 100 15.84 0 10 1148.94 0 9.98598 1 7487.05 6.11103 0 0 0 
32000 100 14.82 0 10 1192.04 0 9.98642 1 7499.43 6.0228 0 0 0 
33000 100 15.31 0 10 1233.95 0 9.98683 1 7912.93 6.38844 0 0 0 
34000 100 12.16 0 10 1281.22 0 9.98722 1 6807.64 5.52955 0 0 0 
35000 100 13.2 0 10 1322.65 0 9.98759 1 8163.12 6.64545 0 0 0 
36000 100 11.77 0 10 1369.03 0 9.98793 1 6949.37 5.66833 0 0 0 
37000 100 14.32 0 10 1411.36 0 9.98826 1 7685.74 6.17828 0 0 0 
38000 100 12.78 0 10 1461.07 0 9.98857 1 7513.16 5.94825 0 0 0 
39000 100 15.56 0 10 1503.46 0 9.98886 1 7323.86 5.74282 0 0 0 
40000 100 14.17 0 10 1545.67 0 9.98914 1 6797.62 5.30237 0 0 0 
41000 100 14.8 0 10 1585.13 0 9.9894 1 7524.61 5.85785 0 0 0 
42000 100 12.83 0 10 1625.63 0 9.98966 1 7473.84 5.84007 0 0 0 
43000 100 14.83 0 10 1667.24 0 9.9899 1 7299.7 5.62797 0 0 0 
44000 100 16.55 0 10 1709.95 0 9.99013 1 7438.64 5.65845 0 0 0 
45000 100 13.17 0 10 1751.1 0 9.99034 1 7082.92 5.34479 0 0 0 
46000 100 12.43 0 10 1797.98 0 9.99055 1 8082.78 6.06582 0 0 0 
47000 100 12.36 0 10 1842.79 0 9.99076 1 7539.36 5.58796 0 0 0 
48000 100 18.43 0 10 1884.7 0 9.99095 1 7996.94 5.76126 0 0 0 
49000 100 9.73 0 10 1927.74 0 9.99113 1 6976.99 5.03963 0 0 0 
50000 100 13.38 0 10 1967.13 0 9.99131 1 7281.04 5.23711 0 0 0 
51000 100 13.03 0 10 2006.78 0 9.99148 1 7168.53 5.09751 0 0 0 
52000 100 15.62 0 10 2051.06 0 9.99164 1 8125.73 5.7537 0 0 0 
53000 100 10.63 0 10 2094.44 0 9.9918 1 7770.61 5.48657 0 0 0 
54000 100 14.7 0 10 2135.09 0 9.99195 1 7849.22 5.55964 0 0 0 
55000 100 14.03 0 10 2178.09 0 9.9921 1 7994.89 5.59725 0 0 0 
56000 100 15.76 0 10 2222.57 0 9.99224 1 7584.43 5.2943 0 0 0 
57000 100 13.08 0 10 2264.7 0 9.99238 1 7561.69 5.31233 0 0 0 
58000 100 11.6 0 10 2302.49 0 9.99251 1 8058.32 5.68496 0 0 0 
59000 100 12.8 0 10 2343.42 0 9.99264 1 8198.98 5.76758 0 0 0 
60000 100 14.26 0 10 2383.08 0 9.99276 1 7906.89 5.55609 0 0 0 
61000 100 12.95 0 10 2423.25 0 9.99288 1 6752.45 4.74493 0 0 0 
62000 100 10.36 0 10 2462.64 0 9.99299 1 7033.15 4.81064 0 0 0 
63000 100 11.64 0 10 2506.49 0 9.9931 1 8093.98 5.46964 0 0 0 
64000 100 14.87 0 10 2542.89 0 9.99321 1 7910.81 5.34933 0 0 0 
65000 100 12.2 0 10 2584.85 0 9.99332 1 8063.67 5.44907 0 0 0 
66000 100 14.33 0 10 2623.43 0 9.99342 1 7646.42 5.13614 0 0 0 
67000 100 13.68 0 10 2663.56 0 9.99352 1 7647.8 5.1196 0 0 0 
68000 100 13.12 0 10 2704.88 0 9.99361 1 7437.83 4.96459 0 0 0 
69000 100 12.71 0 10 2745.05 0 9.9937 1 8314 5.54775 0 0 0 
70000 100 14.04 0 10 2785.93 0 9.99379 1 6962.69 4.59367 0 0 0 
71000 100 12.37 0 10 2827.28 0 9.99388 1 6991.31 4.63093 0 0 0 
72000 100 11.13 0 10 2868.95 0 9.99397 1 7586.64 4.97932 0 0 0 
73000 100 16.5 0 10 2910.56 0 9.99405 1 7114.77 4.66234 0 0 0 
74000 100 11.6 0 10 2950.58 0 9.99413 1 8269.41 5.42178 0 0 0 
75000 100 17.82 0 10 2990.96 0 9.99421 1 7395.38 4.80474 0 0 0 
76000 100 11.08 0 10 3033.87 0 9.99428 1 7503.18 4.87331 0 0 0 
77000 100 12.35 0 10 3074.15 0 9.99436 1 7922.93 5.11576 0 0 0 
78000 100 12.4 0 10 3115.67 0 9.99443 1 7681.09 4.93268 0 0 0 
79000 100 13.61 0 10 3159.25 0 9.9945 1 8192.67 5.2744 0 0 0 
80000 100 14.9 0 10 3198.97 0 9.99457 1 6718.16 4.31585 0 0 0 
81000 100 14.95 0 10 3246.31 0 9.99464 1 6999.68 4.48184 0 0 0 
82000 100 14.5 0 10 3286.84 0 9.9947 1 7052.34 4.53169 0 0 0 
83000 100 12.55 0 10 3325.73 0 9.99477 1 7308.89 4.72776 0 0 0 
84000 100 11.75 0 10 3378.85 0 9.99483 1 6960.08 4.33398 0 0 0 
85000 100 13.77 0 10 3424.52 0 9.99489 1 7599.79 4.69198 0 0 0 
86000 100 10.15 0 10 3470.32 0 9.99495 1 7257.4 4.44536 0 0 0 
87000 100 14.04 0 10 3514.66 0 9.99501 1 7094.58 4.34595 0 0 0 
88000 100 14.33 0 10 3557.41 0 9.99506 1 6921.24 4.23045 0 0 0 
89000 100 13.09 0 10 3595.88 0 9.99512 1 8033.17 4.87277 0 0 0 
90000 100 14.36 0 10 3634.48 0 9.99517 1 7885.11 4.76519 0 0 0 
91000 100 16.51 0 10 3673.98 0 9.99523 1 7684.53 4.66799 0 0 0 
92000 100 16.34 0 10 3715.76 0 9.99528 1 7647.89 4.61579 0 0 0 
93000 100 12.38 0 10 3756.73 0 9.99533 1 7802.93 4.67185 0 0 0 
94000 100 14.37 0 10 3796.44 0 9.99538 1 8051.94 4.84931 0 0 0 
95000 100 14.25 0 10 3840.77 0 9.99543 1 7715.45 4.54517 0 0 0 
96000 100 12.04 0 10 3881.2 0 9.99547 1 7620.84 4.46737 0 0 0 
97000 100 17.23 0 10 3921.02 0 9.99552 1 7902.01 4.62685 0 0 0 
98000 100 13.82 0 10 3965.2 0 9.99557 1 6732.93 3.92104 0 0 0 
99000 100 13.94 0 10 4006.43 0 9.99561 1 7839.89 4.56325 0 0 0 
100000 100 13.66 0 10 4052.39 0 9.99566 1 7322.66 4.21479 0 0 0 
101000 100 14.98 0 10 4097.2 0 9.9957 1 7363.97 4.22328 0 0 0 
102000 100 15.06 0 10 4138.62 0 9.99574 1 7569.8 4.32037 0 0 0 
103000 100 13.88 0 10 4180.06 0 9.99578 1 7331.64 4.17856 0 0 0 
104000 100 15.07 0 10 4222.18 0 9.99582 1 7769.04 4.41972 0 0 0 
105000 100 16.32 0 10 4261.97 0 9.99586 1 8867.36 5.09628 0 0 0 
106000 100 17.47 0 10 4304.36 0 9.9959 1 7142.39 4.08171 0 0 0 
107000 100 14.06 0 10 4342.38 0 9.99594 1 8120.59 4.61211 0 0 0 
108000 100 16.34 0 10 4384.46 0 9.99598 1 7940.72 4.47881 0 0 0 
109000 100 15.07 0 10 4419.34 0 9.99601 1 8316.88 4.68471 0 0 0 
110000 100 11.89 0 10 4458 0 9.99605 1 7864.13 4.42702 0 0 0 
111000 100 13.66 0 10 4496.57 0 9.99609 1 7455.59 4.21171 0 0 0 
112000 100 15.83 0 10 4539.51 0 9.99612 1 7027.68 3.9529 0 0 0 
113000 100 14.99 0 10 4582.85 0 9.99615 1 7633.63 4.29907 0 0 0 
114000 100 17.3 0 10 4621.06 0 9.99619 1 8185.73 4.57808 0 0 0 
115000 100 12.63 0 10 4662.36 0 9.99622 1 7949.06 4.40774 0 0 0 
116000 100 13.86 0 10 4703.39 0 9.99625 1 7321.43 4.04912 0 0 0 
117000 100 14.87 0 10 4744.46 0 9.99629 1 6987.43 3.83931 0 0 0 
118000 100 16.69 0 10 4783.82 0 9.99632 1 8161.75 4.53835 0 0 0 
119000 100 14.91 0 10 4825.6 0 9.99635 1 7446.46 4.12192 0 0 0 
120000 100 11.88 0 10 4868.65 0 9.99638 1 7807.59 4.30205 0 0 0 
121000 100 14.1 0 10 4908.26 0 9.99641 1 7451.85 4.11388 0 0 0 
122000 100 17.14 0 10 4949.83 0 9.99644 1 7341.81 4.11002 0 0 0 
123000 100 15.42 0 10 4992.06 0 9.99647 1 7698.93 4.28745 0 0 0 
124000 100 19.33 0 10 5033.62 0 9.9965 1 8587.93 4.73601 0 0 0 
125000 100 14.85 0 10 5074.83 0 9.99652 1 8022.05 4.36028 0 0 0 
126000 100 14.49 0 10 5115.3 0 9.99655 1 7641.79 4.12802 0 0 0 
127000 100 13.19 0 10 5155.39 0 9.99658 1 6947.16 3.75665 0 0 0 
128000 100 13.75 0 10 5194.39 0 9.99661 1 7379.86 3.99289 0 0 0 
129000 100 14.55 0 10 5235.41 0 9.99663 1 8510 4.59045 0 0 0 
130000 100 18.22 0 10 5280.31 0 9.99666 1 9221.99 4.92802 0 0 0 
131000 100 14.78 0 10 5322.23 0 9.99668 1 7977.17 4.2568 0 0 0 
132000 100 17.87 0 10 5364.77 0 9.99671 1 7758.89 4.16206 0 0 0 
133000 100 16.97 0 10 5404.14 0 9.99673 1 7577.14 4.05739 0 0 0 
134000 100 15.65 0 10 5445.78 0 9.99676 1 7229.61 3.84922 0 0 0 
135000 100 12.49 0 10 5485.64 0 9.99678 1 8484.34 4.51007 0 0 0 
136000 100 15.58 0 10 5525.43 0 9.99681 1 7742.64 4.04282 0 0 0 
137000 100 14.16 0 10 5563.88 0 9.99683 1 7811.62 4.09432 0 0 0 
138000 100 14.22 0 10 5599.82 0 9.99685 1 7189.33 3.76544 0 0 0 
139000 100 17.39 0 10 5640.66 0 9.99687 1 7484.53 3.92455 0 0 0 
140000 100 16.14 0 10 5685.72 0 9.9969 1 7451.43 3.92118 0 0 0 
141000 100 14.31 0 10 5725.14 0 9.99692 1 7861.22 4.14259 0 0 0 
142000 100 17.79 0 10 5767.09 0 9.99694 1 7650.35 4.0565 0 0 0 
143000 100 16.68 0 10 5811.08 0 9.99696 1 7008.47 3.68127 0 0 0 
144000 100 15.21 0 10 5850.86 0 9.99698 1 7479.76 3.94804 0 0 0 
145000 100 12.53 0 10 5891.62 0 9.997 1 8213.22 4.36352 0 0 0 
146000 100 14.88 0 10 5933.99 0 9.99702 1 7263.73 3.83391 0 0 0 
147000 100 13.2 0 10 5979.8 0 9.99704 1 7159.12 3.7371 0 0 0 
148000 100 18.14 0 10 6021.5 0 9.99706 1 7185.98 3.76176 0 0 0 
149000 100 13.32 0 10 6063.77 0 9.99708 1 7270.7 3.82009 0 0 0 
150000 100 15.51 0 10 6105.25 0 9.9971 1 7870.15 4.13477 0 0 0 
151000 100 9.99 0 10 6149.39 0 9.99712 1 7045.34 3.71802 0 0 0 
152000 100 12.36 0 10 6189.03 0 9.99714 1 6971.71 3.66287 0 0 0 
153000 100 12.34 0 10 6229.97 0 9.99716 1 7424.83 3.93137 0 0 0 
154000 100 13.38 0 10 6273.4 0 9.99718 1 6173.84 3.27431 0 0 0 
155000 100 5 0 10 6377.24 0 9.9972 1 2667.38 1.40224 0 0 0 
156000 100 4.17 0 10 6547.42 0 9.99721 1 2012.28 1.07218 0 0 0 
157000 100 5.05 0 10 6730.07 0 9.99723 1 1670.76 0.896782 0 0 0 
158000 100 3.74 0 10 6931.59 0 9.99725 1 1717.56 0.928448 0 0 0 
159000 100 3.13 0 10 7137.87 0 9.99727 1 1369.49 0.729384 0 0 0 
160000 100 3.5 0 10 7359.01 0 9.99728 1 1537.38 0.812779 0 0 0 
161000 100 3.34 0 10 7565.22 0 9.9973 1 1461.4 0.7825 0 0 0 
162000 100 3.02 0 10 7758.74 0 9.99732 1 1540.68 0.823302 0 0 0 
163000 100 4.13 0 10 7948.75 0 9.99733 1 1420.77 0.765111 0 0 0 
164000 100 2.84 0 10 8191.16 0 9.99735 1 1341.53 0.709754 0 0 0 
165000 100 2.51 0 10 8430.12 0 9.99737 1 1229.43 0.645152 0 0 0 
166000 100 3.28 0 10 8660.17 0 9.99738 1 1365.21 0.705795 0 0 0 
167000 100 3.99 0 10 8888.4 0 9.9974 1 1410.43 0.741773 0 0 0 
168000 100 3.73 0 10 9121.82 0 9.99741 1 1519.79 0.796989 0 0 0 
169000 100 3.43 0 10 9335.86 0 9.99743 1 1542.12 0.79433 0 0 0 
170000 100 2.33 0 10 9573.67 0 9.99744 1 1291.6 0.660126 0 0 0 
171000 100 2.55 0 10 9823.13 0 9.99746 1 1406.18 0.692132 0 0 0 
172000 100 2.95 0 10 10081.6 0 9.99747 1 1268.59 0.625197 0 0 0 
173000 100 2.24 0 10 10349.5 0 9.99749 1 1127.11 0.54641 0 0 0 
174000 100 2.78 0 10 10612.5 0 9.9975 1 1325.59 0.644539 0 0 0 
175000 100 2.52 0 10 10863.1 0 9.99752 1 1231.02 0.589619 0 0 0 
176000 100 2 0 10 11120.8 0 9.99753 1 1303.03 0.608989 0 0 0 
177000 100 1.86 0 10 11397.4 0 9.99755 1 1098.54 0.508629 0 0 0 
178000 100 2.59 0 10 11658.5 0 9.99756 1 1156.83 0.540604 0 0 0 
179000 100 2.1 0 10 11923.9 0 9.99757 1 1124.41 0.527907 0 0 0 
180000 100 2.26 0 10 12207.5 0 9.99759 1 1142.77 0.537897 0 0 0 
181000 100 2.36 0 10 12487.4 0 9.9976 1 1192.94 0.550242 0 0 0 
182000 100 1.55 0 10 12745.4 0 9.99761 1 1166.18 0.527158 0 0 0 
183000 100 2.08 0 10 13013.2 0 9.99763 1 1207.45 0.546148 0 0 0 
184000 100 1.95 0 10 13275.6 0 9.99764 1 1240.49 0.560129 0 0 0 
185000 100 2.39 0 10 13541 0 9.99765 1 1230.68 0.548299 0 0 0 
186000 100 1.99 0 10 13815.8 0 9.99766 1 1071.12 0.482258 0 0 0 
187000 100 2.01 0 10 14075.7 0 9.99768 1 1250.39 0.55149 0 0 0 
188000 100 2.38 0 10 14346.6 0 9.99769 1 1119.88 0.498309 0 0 0 
189000 100 2.24 0 10 14619.5 0 9.9977 1 1179.18 0.530642 0 0 0 
190000 100 2.28 0 10 14917.6 0 9.99771 1 916 0.419544 0 0 0 
191000 100 1.73 0 10 15205.7 0 9.99773 1 1114.64 0.517654 0 0 0 
192000 100 2.18 0 10 15496 0 9.99774 1 1157.71 0.535412 0 0 0 
193000 100 1.69 0 10 15807.5 0 9.99775 1 1001.15 0.459128 0 0 0 
194000 100 1.92 0 10 16099.2 0 9.99776 1 1146.02 0.523817 0 0 0 
195000 100 1.89 0 10 16406.3 0 9.99777 1 1113.69 0.502377 0 0 0 
196000 100 1.48 0 10 16695.7 0 9.99778 1 1014.94 0.456779 0 0 0 
197000 100 1.66 0 10 16996.8 0 9.99779 1 1019.13 0.473173 0 0 0 
198000 100 1.95 0 10 17300.5 0 9.99781 1 1127.23 0.507714 0 0 0 
199000 100 2.01 0 10 17605.4 0 9.99782 1 1192.58 0.519972 0 0 0 
200000 100 1.51 0 10 17914.3 0 9.99783 1 1007.45 0.442463 0 0 0 
201000 100 2.04 0 10 18213.3 0 9.99784 1 1220.44 0.526141 0 0 0 
202000 100 2.28 0 10 18509.3 0 9.99785 1 1290.04 0.554305 0 0 0 
203000 100 1.41 0 10 18814.9 0 9.99786 1 967.66 0.410525 0 0 0 
204000 100 1.79 0 10 19135.6 0 9.99787 1 1037.54 0.447431 0 0 0 
205000 100 2.05 0 10 19451 0 9.99788 1 1221.01 0.526464 0 0 0 
206000 100 1.54 0 10 19760 0 9.99789 1 900.65 0.386958 0 0 0 
207000 100 1.71 0 10 20071.5 0 9.9979 1 1088.11 0.465192 0 0 0 
208000 100 1.44 0 10 20378.3 0 9.99791 1 1057.18 0.445798 0 0 0 
209000 100 1.83 0 10 20675.2 0 9.99792 1 1023.89 0.445581 0 0 0 
210000 100 1.79 0 10 20978.1 0 9.99793 1 1099.38 0.466974 0 0 0 
211000 100 2.09 0 10 21267.2 0 9.99794 1 1143.53 0.480017 0 0 0 
212000 100 2.01 0 10 21555.9 0 9.99795 1 1215.67 0.504112 0 0 0 
213000 100 1.37 0 10 21842.6 0 9.99796 1 1017.58 0.416626 0 0 0 
214000 100 2.4 0 10 22130.7 0 9.99797 1 864.71 0.346925 0 0 0 
215000 100 1.77 0 10 22431.8 0 9.99798 1 1004.78 0.400013 0 0 0 
216000 100 1.74 0 10 22731.2 0 9.99799 1 999.77 0.397957 0 0 0 
217000 100 1.65 0 10 23044.1 0 9.998 1 1037.47 0.404821 0 0 0 
218000 100 1.99 0 10 23333.1 0 9.99801 1 944.74 0.372623 0 0 0 
219000 100 1.57 0 10 23636.6 0 9.99802 1 1034.69 0.408709 0 0 0 
220000 100 1.8 0 10 23949.1 0 9.99803 1 1120.05 0.442168 0 0 0 
221000 100 1.54 0 10 24254 0 9.99803 1 1042.96 0.410864 0 0 0 
222000 100 1.74 0 10 24552.4 0 9.99804 1 1134.8 0.440758 0 0 0 
223000 100 1.62 0 10 24857.5 0 9.99805 1 1105.88 0.42901 0 0 0 
224000 100 1.82 0 10 25175.1 0 9.99806 1 1052.74 0.408046 0 0 0 
225000 100 1.79 0 10 25470 0 9.99807 1 1035.03 0.398618 0 0 0 
226000 100 1.53 0 10 25799.7 0 9.99808 1 972.41 0.376104 0 0 0 
227000 100 1.45 0 10 26131.8 0 9.99809 1 890.75 0.341603 0 0 0 
228000 100 1.68 0 10 26425.6 0 9.99809 1 1106.41 0.426915 0 0 0 
229000 100 2.52 0 10 26701.9 0 9.9981 1 1094.28 0.421233 0 0 0 
230000 100 2.08 0 10 27001.8 0 9.99811 1 1011.26 0.379015 0 0 0 
231000 100 2.53 0 10 27283.8 0 9.99812 1 1226.81 0.457782 0 0 0 
232000 100 1.95 0 10 27594.3 0 9.99813 1 1164.77 0.433363 0 0 0 
233000 100 2.05 0 10 27886.3 0 9.99814 1 1109.66 0.413084 0 0 0 
234000 100 2.4 0 10 28176.6 0 9.99814 1 1289.08 0.478664 0 0 0 
235000 100 1.76 0 10 28462.7 0 9.99815 1 1219.81 0.447127 0 0 0 
236000 100 1.68 0 10 28752 0 9.99816 1 1085.8 0.398525 0 0 0 
237000 100 2.35 0 10 29040.9 0 9.99817 1 1005.3 0.369714 0 0 0 
238000 100 1.78 0 10 29342.3 0 9.99817 1 1097.56 0.399193 0 0 0 
239000 100 1.9 0 10 29649.3 0 9.99818 1 1119.23 0.400613 0 0 0 
240000 100 1.98 0 10 29945.2 0 9.99819 1 1090.09 0.395904 0 0 0 
241000 100 1.82 0 10 30234.3 0 9.9982 1 1103.49 0.396106 0 0 0 
242000 100 1.91 0 10 30496.2 0 9.9982 1 1103.24 0.399958 0 0 0 
243000 100 2.11 0 10 30776.8 0 9.99821 1 1126.12 0.405541 0 0 0 
244000 100 1.5 0 10 31067.6 0 9.99822 1 1123.13 0.404514 0 0 0 
245000 100 1.86 0 10 31364.6 0 9.99823 1 847.33 0.303042 0 0 0 
246000 100 1.7 0 10 31667.6 0 9.99823 1 935.9 0.335839 0 0 0 
247000 100 1.72 0 10 31972.1 0 9.99824 1 1083 0.392235 0 0 0 
248000 100 2.56 0 10 32292.3 0 9.99825 1 1064.52 0.387025 0 0 0 
249000 100 1.88 0 10 32615 0 9.99826 1 975.13 0.347926 0 0 0 
250000 100 1.5 0 10 32938.2 0 9.99826 1 981.47 0.35217 0 0 0 