# Avida Average Deme Data
# Mon Apr 21 04:30:35 2014
#  1: Update
#  2: Count
#  3: Age
#  4: Births
#  5: Organisms
#  6: Generation
#  7: Births (at last replication)
#  8: Organisms (at last replication)
#  9: Merit
# 10: Gestation Time
# 11: Time Used (normalized by org fitness)
# 12: Generations between current and last founders
# 13: Events killed
# 14: Attempts to kill event

0 100 0 0 1 0 0 0 1 0 0 0 0 0 
1000 100 22.06 0 10 22.86 0 9.55614 1 13389.8 11.5001 0 0 0 
2000 100 22.97 0 10 46.07 0 9.77796 1 14729.5 12.7057 0 0 0 
3000 100 25 0 10 70.67 0 9.85195 1 13002.1 11.188 0 0 0 
4000 100 24.87 0 10 96.54 0 9.88895 1 12021.4 10.2464 0 0 0 
5000 100 20.24 0 10 126.23 0 9.91116 1 10096.4 8.73095 0 0 0 
6000 100 20.8 0 10 154.41 0 9.92596 1 10623.5 9.20624 0 0 0 
7000 100 18.89 0 10 183.35 0 9.93654 1 11011.9 9.56591 0 0 0 
8000 100 17.02 0 10 212.82 0 9.94447 1 10939.4 9.56297 0 0 0 
9000 100 17.9 0 10 241.85 0 9.95064 1 10247.1 8.97035 0 0 0 
10000 100 19.99 0 10 271.93 0 9.95557 1 10715.3 9.33504 0 0 0 
11000 100 21.38 0 10 300.3 0 9.95961 1 10970.8 9.43852 0 0 0 
12000 100 19.66 0 10 334.14 0 9.96298 1 10646.5 9.10156 0 0 0 
13000 100 17.87 0 10 366.63 0 9.96583 1 10347 8.84759 0 0 0 
14000 100 19.67 0 10 400.72 0 9.96827 1 8893.6 7.75174 0 0 0 
15000 100 14.48 0 10 435.08 0 9.97038 1 9491.88 8.28924 0 0 0 
16000 100 14.92 0 10 471.96 0 9.97223 1 8660.17 7.49687 0 0 0 
17000 100 14.78 0 10 502.08 0 9.97387 1 8083.23 6.98127 0 0 0 
18000 100 15.08 0 10 534.04 0 9.97532 1 9337.18 8.06234 0 0 0 
19000 100 17.29 0 10 568.68 0 9.97662 1 8523.73 7.26777 0 0 0 
20000 100 14.53 0 10 605.88 0 9.97779 1 8931.14 7.54667 0 0 0 
21000 100 13.92 0 10 638.67 0 9.97884 1 8988.69 7.73733 0 0 0 
22000 100 15.12 0 10 673.79 0 9.97981 1 7844.68 6.76884 0 0 0 
23000 100 15.61 0 10 718.35 0 9.98068 1 8195.03 6.93398 0 0 0 
24000 100 17.99 0 10 755.02 0 9.98149 1 8736.22 7.46773 0 0 0 
25000 100 18.78 0 10 792.03 0 9.98223 1 9253.89 7.8293 0 0 0 
26000 100 14.63 0 10 828.86 0 9.98291 1 8053.13 6.76043 0 0 0 
27000 100 16.54 0 10 866.97 0 9.98355 1 8375.42 6.95955 0 0 0 
28000 100 14.08 0 10 905.66 0 9.98413 1 8175.99 6.71799 0 0 0 
29000 100 16.29 0 10 940.32 0 9.98468 1 8158.58 6.64525 0 0 0 
30000 100 14.54 0 10 976.26 0 9.98519 1 9930.38 8.08058 0 0 0 
31000 100 14.14 0 10 1012.04 0 9.98567 1 7823.55 6.40506 0 0 0 
32000 100 17.24 0 10 1050.37 0 9.98612 1 8593.95 7.06097 0 0 0 
33000 100 21.71 0 10 1084.42 0 9.98654 1 8557.51 6.99501 0 0 0 
34000 100 13.25 0 10 1119.74 0 9.98693 1 8718.8 7.15915 0 0 0 
35000 100 14.9 0 10 1155.53 0 9.98731 1 9510.75 7.68844 0 0 0 
36000 100 16.37 0 10 1190.84 0 9.98766 1 8345.85 6.63678 0 0 0 
37000 100 22.39 0 10 1224.7 0 9.98799 1 8475.1 6.76605 0 0 0 
38000 100 13.06 0 10 1281.79 0 9.98831 1 5019.12 4.04051 0 0 0 
39000 100 11.16 0 10 1357.66 0 9.98861 1 3545.22 2.86113 0 0 0 
40000 100 6.86 0 10 1453.61 0 9.98889 1 4474.66 3.59025 0 0 0 
41000 100 5.09 0 10 1554.61 0 9.98916 1 2083.04 1.68347 0 0 0 
42000 100 3.8 0 10 1716.7 0 9.98942 1 1846.42 1.52269 0 0 0 
43000 100 2.99 0 10 1927.16 0 9.98967 1 1627.15 1.3788 0 0 0 
44000 100 2.12 0 10 2162.84 0 9.9899 1 1371.99 1.15005 0 0 0 
45000 100 2.29 0 10 2399.01 0 9.99013 1 1328.17 1.10152 0 0 0 
46000 100 2.12 0 10 2655.29 0 9.99034 1 1280.21 1.05945 0 0 0 
47000 100 2.65 0 10 2921.85 0 9.99055 1 1082.78 0.900646 0 0 0 
48000 100 2.74 0 10 3169.05 0 9.99074 1 1127.81 0.936808 0 0 0 
49000 100 2 0 10 3437.98 0 9.99093 1 1111.95 0.92063 0 0 0 
50000 100 2.29 0 10 3706.38 0 9.99111 1 1224.31 0.976938 0 0 0 
51000 100 2.7 0 10 3983.6 0 9.99129 1 1281.88 0.977953 0 0 0 
52000 100 1.9 0 10 4269.48 0 9.99146 1 1134.37 0.854048 0 0 0 
53000 100 2.15 0 10 4563.83 0 9.99162 1 997.58 0.751849 0 0 0 
54000 100 2 0 10 4872.36 0 9.99177 1 1091.92 0.812516 0 0 0 
55000 100 2.18 0 10 5160.76 0 9.99192 1 1032.47 0.772373 0 0 0 
56000 100 2.01 0 10 5481.49 0 9.99207 1 948.59 0.678579 0 0 0 
57000 100 2.19 0 10 5792.44 0 9.99221 1 1118.28 0.779261 0 0 0 
58000 100 2.06 0 10 6102.99 0 9.99234 1 1108.43 0.729186 0 0 0 
59000 100 2.36 0 10 6407.37 0 9.99247 1 1051.38 0.672433 0 0 0 
60000 100 2.4 0 10 6716.72 0 9.9926 1 995.46 0.65507 0 0 0 
61000 100 1.98 0 10 7007.57 0 9.99272 1 1106.72 0.718635 0 0 0 
62000 100 1.67 0 10 7312.61 0 9.99283 1 1048.88 0.675115 0 0 0 
63000 100 2.2 0 10 7619.37 0 9.99295 1 1067.67 0.691564 0 0 0 
64000 100 1.9 0 10 7927.73 0 9.99306 1 1112.71 0.711445 0 0 0 
65000 100 1.96 0 10 8236.03 0 9.99316 1 984.71 0.612898 0 0 0 
66000 100 2.22 0 10 8542.11 0 9.99327 1 1056.85 0.647144 0 0 0 
67000 100 1.87 0 10 8844.35 0 9.99337 1 1114.83 0.671638 0 0 0 
68000 100 2.46 0 10 9142.19 0 9.99347 1 1157.62 0.681135 0 0 0 
69000 100 1.83 0 10 9432.66 0 9.99356 1 1176.9 0.673941 0 0 0 
70000 100 2.02 0 10 9723.87 0 9.99365 1 1109.42 0.630164 0 0 0 
71000 100 2.25 0 10 10006 0 9.99374 1 1099.45 0.614767 0 0 0 
72000 100 2.17 0 10 10305.5 0 9.99383 1 1061.02 0.590194 0 0 0 
73000 100 1.98 0 10 10622.6 0 9.99391 1 994.23 0.546786 0 0 0 
74000 100 1.89 0 10 10942.6 0 9.994 1 1274.42 0.69567 0 0 0 
75000 100 1.7 0 10 11271.8 0 9.99408 1 1037.48 0.570961 0 0 0 
76000 100 1.7 0 10 11587.9 0 9.99415 1 1031.86 0.556566 0 0 0 
77000 100 2.27 0 10 11890.3 0 9.99423 1 1107.45 0.585764 0 0 0 
78000 100 2.01 0 10 12208.5 0 9.9943 1 977.63 0.520558 0 0 0 
79000 100 1.69 0 10 12535.1 0 9.99438 1 1018.1 0.545358 0 0 0 
80000 100 2 0 10 12872.7 0 9.99445 1 1012.71 0.560359 0 0 0 
81000 100 2 0 10 13207 0 9.99451 1 922.75 0.499517 0 0 0 
82000 100 1.94 0 10 13525.3 0 9.99458 1 1073.77 0.581525 0 0 0 
83000 100 2.4 0 10 13853 0 9.99465 1 1031.16 0.549679 0 0 0 
84000 100 1.59 0 10 14155.5 0 9.99471 1 1008.25 0.513012 0 0 0 
85000 100 2.02 0 10 14463.5 0 9.99477 1 1046.57 0.536126 0 0 0 
86000 100 1.69 0 10 14764.3 0 9.99483 1 997.16 0.497102 0 0 0 
87000 100 2.1 0 10 15088.9 0 9.99489 1 943.12 0.470061 0 0 0 
88000 100 1.61 0 10 15415.7 0 9.99495 1 950.77 0.46053 0 0 0 
89000 100 2.27 0 10 15752.2 0 9.99501 1 1018.56 0.49662 0 0 0 
90000 100 1.93 0 10 16097.1 0 9.99506 1 924.91 0.439276 0 0 0 
91000 100 1.75 0 10 16406.7 0 9.99512 1 1005.83 0.492133 0 0 0 
92000 100 2.21 0 10 16749.9 0 9.99517 1 936.74 0.452338 0 0 0 
93000 100 1.91 0 10 17078.2 0 9.99522 1 888.64 0.426927 0 0 0 
94000 100 1.79 0 10 17444.4 0 9.99527 1 996.95 0.479362 0 0 0 
95000 100 1.98 0 10 17844.4 0 9.99532 1 822.67 0.385503 0 0 0 
96000 100 1.74 0 10 18185.1 0 9.99537 1 1014.25 0.466316 0 0 0 
97000 100 1.77 0 10 18544.5 0 9.99542 1 997.44 0.452052 0 0 0 
98000 100 2.19 0 10 18898.8 0 9.99547 1 1064.68 0.471571 0 0 0 
99000 100 1.91 0 10 19257.7 0 9.99551 1 936.17 0.409202 0 0 0 
100000 100 1.51 0 10 19622.9 0 9.99556 1 1062.78 0.464718 0 0 0 
101000 100 1.99 0 10 19982.2 0 9.9956 1 881.4 0.380011 0 0 0 
102000 100 1.81 0 10 20355.6 0 9.99564 1 824.04 0.352179 0 0 0 
103000 100 2.13 0 10 20718 0 9.99569 1 886.92 0.377117 0 0 0 
104000 100 1.49 0 10 21080.3 0 9.99573 1 946.77 0.402282 0 0 0 
105000 100 2.17 0 10 21451.6 0 9.99577 1 826.59 0.350628 0 0 0 
106000 100 1.34 0 10 21816.1 0 9.99581 1 800.13 0.33527 0 0 0 
107000 100 1.63 0 10 22200.6 0 9.99585 1 781.49 0.330366 0 0 0 
108000 100 1.64 0 10 22578.4 0 9.99589 1 968.77 0.406929 0 0 0 
109000 100 1.9 0 10 22938.8 0 9.99592 1 830.36 0.347691 0 0 0 
110000 100 1.24 0 10 23324.1 0 9.99596 1 717.95 0.290787 0 0 0 
111000 100 1.82 0 10 23713.7 0 9.996 1 1037.66 0.413766 0 0 0 
112000 100 1.96 0 10 24102.9 0 9.99603 1 823.4 0.333357 0 0 0 
113000 100 1.07 0 10 24497.9 0 9.99607 1 787.62 0.317362 0 0 0 
114000 100 1.54 0 10 24915.2 0 9.9961 1 753.59 0.304606 0 0 0 
115000 100 1.69 0 10 25309.7 0 9.99614 1 900.9 0.36051 0 0 0 
116000 100 1.37 0 10 25641.4 0 9.99617 1 789.8 0.310858 0 0 0 
117000 100 2.29 0 10 26030.5 0 9.9962 1 835.56 0.321081 0 0 0 
118000 100 2.15 0 10 26385.2 0 9.99623 1 850.14 0.319208 0 0 0 
119000 100 1.32 0 10 26757.3 0 9.99627 1 842.95 0.314138 0 0 0 
120000 100 1.95 0 10 27111.8 0 9.9963 1 947.19 0.342523 0 0 0 
121000 100 1.65 0 10 27475.1 0 9.99633 1 930.19 0.328545 0 0 0 
122000 100 1.7 0 10 27824.6 0 9.99636 1 810.38 0.286794 0 0 0 
123000 100 1.96 0 10 28191.6 0 9.99639 1 926.26 0.320899 0 0 0 
124000 100 1.97 0 10 28596.6 0 9.99642 1 942.82 0.324114 0 0 0 
125000 100 1.78 0 10 28988.1 0 9.99645 1 780.75 0.264443 0 0 0 
126000 100 2.03 0 10 29372.1 0 9.99647 1 937.36 0.314453 0 0 0 
127000 100 1.63 0 10 29774.5 0 9.9965 1 808.25 0.271293 0 0 0 
128000 100 1.67 0 10 30141.5 0 9.99653 1 798.06 0.266207 0 0 0 
129000 100 1.49 0 10 30528.8 0 9.99656 1 903.62 0.298526 0 0 0 
130000 100 1.53 0 10 30915.1 0 9.99658 1 934.44 0.307229 0 0 0 
131000 100 1.89 0 10 31297.3 0 9.99661 1 762.81 0.250115 0 0 0 
132000 100 2.02 0 10 31656.5 0 9.99663 1 841.67 0.278476 0 0 0 
133000 100 1.73 0 10 32045.1 0 9.99666 1 933.8 0.304544 0 0 0 
134000 100 1.65 0 10 32409.8 0 9.99668 1 885.27 0.289169 0 0 0 
135000 100 1.4 0 10 32777 0 9.99671 1 979.39 0.313015 0 0 0 
136000 100 1.81 0 10 33146.4 0 9.99673 1 949.27 0.29948 0 0 0 
137000 100 2.03 0 10 33511.4 0 9.99676 1 921.42 0.295523 0 0 0 
138000 100 1.88 0 10 33901.2 0 9.99678 1 940.91 0.301311 0 0 0 
139000 100 1.65 0 10 34290.7 0 9.9968 1 883.25 0.284321 0 0 0 
140000 100 1.41 0 10 34669.7 0 9.99683 1 892.22 0.290464 0 0 0 
141000 100 1.68 0 10 35072 0 9.99685 1 758.3 0.245833 0 0 0 
142000 100 2.16 0 10 35440.4 0 9.99687 1 863.4 0.275876 0 0 0 
143000 100 1.42 0 10 35840.5 0 9.99689 1 828.57 0.263244 0 0 0 
144000 100 1.58 0 10 36212.9 0 9.99691 1 911.42 0.289103 0 0 0 
145000 100 1.85 0 10 36616.7 0 9.99694 1 898.88 0.284453 0 0 0 
146000 100 1.56 0 10 36987.2 0 9.99696 1 764.08 0.242677 0 0 0 
147000 100 1.47 0 10 37390.2 0 9.99698 1 806.09 0.253799 0 0 0 
148000 100 2.05 0 10 37773.2 0 9.997 1 836.32 0.262562 0 0 0 
149000 100 1.81 0 10 38169.4 0 9.99702 1 964.17 0.303114 0 0 0 
150000 100 1.26 0 10 38574.7 0 9.99704 1 838.05 0.264602 0 0 0 
151000 100 1.51 0 10 38956.1 0 9.99706 1 739.04 0.22936 0 0 0 
152000 100 1.75 0 10 39357.2 0 9.99708 1 818.48 0.255434 0 0 0 
153000 100 1.68 0 10 39740.9 0 9.9971 1 793.05 0.248128 0 0 0 
154000 100 1.4 0 10 40113.2 0 9.99711 1 805.8 0.251634 0 0 0 
155000 100 1.65 0 10 40511.2 0 9.99713 1 830.11 0.254904 0 0 0 
156000 100 1.63 0 10 40897.1 0 9.99715 1 926.17 0.278892 0 0 0 
157000 100 2.03 0 10 41245 0 9.99717 1 892.57 0.270276 0 0 0 
158000 100 2.25 0 10 41627.6 0 9.99719 1 839 0.251121 0 0 0 
159000 100 1.72 0 10 42010.7 0 9.99721 1 922.12 0.273519 0 0 0 
160000 100 2.3 0 10 42392 0 9.99722 1 943.9 0.27304 0 0 0 
161000 100 1.53 0 10 42758.7 0 9.99724 1 1014.91 0.29377 0 0 0 
162000 100 1.28 0 10 43122.8 0 9.99726 1 816.07 0.233534 0 0 0 
163000 100 2.17 0 10 43484.6 0 9.99727 1 896.53 0.256351 0 0 0 
164000 100 1.26 0 10 43855.6 0 9.99729 1 854.88 0.246802 0 0 0 
165000 100 2.09 0 10 44237.5 0 9.99731 1 823.52 0.238211 0 0 0 
166000 100 1.82 0 10 44613.6 0 9.99732 1 962.27 0.280229 0 0 0 
167000 100 1.87 0 10 44990.7 0 9.99734 1 870.36 0.24875 0 0 0 
168000 100 1.58 0 10 45358.3 0 9.99736 1 886.8 0.251642 0 0 0 
169000 100 1.73 0 10 45708.9 0 9.99737 1 907.42 0.258123 0 0 0 
170000 100 1.68 0 10 46072.6 0 9.99739 1 926.68 0.265662 0 0 0 
171000 100 1.54 0 10 46415 0 9.9974 1 952.91 0.273711 0 0 0 
172000 100 1.8 0 10 46789.1 0 9.99742 1 862.49 0.245855 0 0 0 
173000 100 1.78 0 10 47157.9 0 9.99743 1 911.8 0.258323 0 0 0 
174000 100 1.93 0 10 47531.6 0 9.99745 1 871.48 0.247661 0 0 0 
175000 100 2.22 0 10 47902.3 0 9.99746 1 984.77 0.276577 0 0 0 
176000 100 1.5 0 10 48253 0 9.99748 1 795.2 0.221282 0 0 0 
177000 100 2.04 0 10 48645.5 0 9.99749 1 770.7 0.213003 0 0 0 
178000 100 1.18 0 10 49022.6 0 9.9975 1 812.39 0.223757 0 0 0 
179000 100 2.36 0 10 49379.8 0 9.99752 1 932.88 0.2579 0 0 0 
180000 100 1.7 0 10 49754.2 0 9.99753 1 798.5 0.217378 0 0 0 
181000 100 1.61 0 10 50123.4 0 9.99755 1 826.88 0.224009 0 0 0 
182000 100 1.56 0 10 50507.8 0 9.99756 1 876.74 0.234417 0 0 0 
183000 100 1.69 0 10 50871 0 9.99757 1 909.2 0.241625 0 0 0 
184000 100 1.58 0 10 51248.8 0 9.99759 1 888.53 0.238249 0 0 0 
185000 100 1.23 0 10 51624.1 0 9.9976 1 854.28 0.227815 0 0 0 
186000 100 2.14 0 10 51979.3 0 9.99761 1 884.14 0.235669 0 0 0 
187000 100 1.33 0 10 52334.3 0 9.99762 1 984.17 0.261155 0 0 0 
188000 100 1.84 0 10 52719.5 0 9.99764 1 956.97 0.253544 0 0 0 
189000 100 1.72 0 10 53096 0 9.99765 1 825.3 0.217142 0 0 0 
190000 100 2.22 0 10 53469.7 0 9.99766 1 873.29 0.230807 0 0 0 
191000 100 1.8 0 10 53817.7 0 9.99767 1 852.16 0.226601 0 0 0 
192000 100 1.51 0 10 54208.5 0 9.99769 1 858.63 0.225505 0 0 0 
193000 100 1.6 0 10 54586.9 0 9.9977 1 742.55 0.195939 0 0 0 
194000 100 1.77 0 10 54959.9 0 9.99771 1 781.51 0.204008 0 0 0 
195000 100 1.64 0 10 55322.9 0 9.99772 1 816.94 0.214808 0 0 0 
196000 100 1.58 0 10 55715.6 0 9.99773 1 798.39 0.207353 0 0 0 
197000 100 2.2 0 10 56073 0 9.99774 1 843.17 0.218007 0 0 0 
198000 100 2.34 0 10 56422.9 0 9.99776 1 811.25 0.209124 0 0 0 
199000 100 2.52 0 10 56792.8 0 9.99777 1 866.97 0.223113 0 0 0 
200000 100 1.99 0 10 57152.7 0 9.99778 1 824.85 0.210052 0 0 0 
201000 100 1.74 0 10 57535.9 0 9.99779 1 823.71 0.210665 0 0 0 
202000 100 1.26 0 10 57898.2 0 9.9978 1 768.84 0.19955 0 0 0 
203000 100 1.54 0 10 58268.7 0 9.99781 1 784.29 0.199613 0 0 0 
204000 100 1.84 0 10 58633.8 0 9.99782 1 801.14 0.201885 0 0 0 
205000 100 1.53 0 10 59010.2 0 9.99783 1 852.95 0.215389 0 0 0 
206000 100 1.48 0 10 59381.1 0 9.99784 1 852.75 0.213562 0 0 0 
207000 100 1.63 0 10 59782 0 9.99785 1 918.37 0.228854 0 0 0 
208000 100 1.73 0 10 60154.3 0 9.99786 1 769.85 0.190573 0 0 0 
209000 100 1.88 0 10 60540.4 0 9.99787 1 976.98 0.24181 0 0 0 
210000 100 1.62 0 10 60922.7 0 9.99788 1 967.29 0.23919 0 0 0 
211000 100 1.39 0 10 61288.6 0 9.99789 1 945.81 0.233879 0 0 0 
212000 100 2.06 0 10 61638.2 0 9.9979 1 797.29 0.198334 0 0 0 
213000 100 1.54 0 10 61997.7 0 9.99791 1 838.26 0.209288 0 0 0 
214000 100 1.8 0 10 62379.8 0 9.99792 1 805.48 0.198024 0 0 0 
215000 100 1.88 0 10 62764.8 0 9.99793 1 822.63 0.200946 0 0 0 
216000 100 1.38 0 10 63134 0 9.99794 1 948.73 0.232185 0 0 0 
217000 100 1.96 0 10 63494.1 0 9.99795 1 981.97 0.240618 0 0 0 
218000 100 1.71 0 10 63869.2 0 9.99796 1 888.32 0.217844 0 0 0 
219000 100 1.32 0 10 64245.3 0 9.99797 1 891.23 0.219734 0 0 0 
220000 100 1.42 0 10 64600.7 0 9.99798 1 820.81 0.199877 0 0 0 
221000 100 1.67 0 10 64957.3 0 9.99799 1 846.67 0.20464 0 0 0 
222000 100 2.22 0 10 65302.5 0 9.998 1 862.24 0.208387 0 0 0 
223000 100 1.43 0 10 65677.4 0 9.99801 1 884.85 0.2143 0 0 0 
224000 100 1.36 0 10 66071.1 0 9.99802 1 783.94 0.190297 0 0 0 
225000 100 1.78 0 10 66449.2 0 9.99803 1 833.07 0.197548 0 0 0 
226000 100 1.51 0 10 66803 0 9.99803 1 981.66 0.230722 0 0 0 
227000 100 1.6 0 10 67185.8 0 9.99804 1 859.96 0.199457 0 0 0 
228000 100 2.16 0 10 67553.5 0 9.99805 1 907.2 0.209022 0 0 0 
229000 100 1.77 0 10 67906.6 0 9.99806 1 860.2 0.198716 0 0 0 
230000 100 1.99 0 10 68293.7 0 9.99807 1 1029.28 0.233418 0 0 0 
231000 100 1.66 0 10 68668.6 0 9.99808 1 832.05 0.188673 0 0 0 
232000 100 1.76 0 10 69035.5 0 9.99808 1 886.51 0.197579 0 0 0 
233000 100 1.69 0 10 69396 0 9.99809 1 883.63 0.199182 0 0 0 
234000 100 1.45 0 10 69774.9 0 9.9981 1 870.84 0.194455 0 0 0 
235000 100 1.4 0 10 70152.2 0 9.99811 1 815.75 0.182006 0 0 0 
236000 100 1.66 0 10 70513.1 0 9.99812 1 862.38 0.191294 0 0 0 
237000 100 2.3 0 10 70900.2 0 9.99813 1 854.5 0.189145 0 0 0 
238000 100 1.8 0 10 71262.5 0 9.99813 1 890.11 0.195887 0 0 0 
239000 100 2.04 0 10 71635.3 0 9.99814 1 912.5 0.200163 0 0 0 
240000 100 1.77 0 10 72008.5 0 9.99815 1 792.16 0.173473 0 0 0 
241000 100 2.01 0 10 72376.7 0 9.99816 1 875.47 0.190825 0 0 0 
242000 100 1.38 0 10 72754.1 0 9.99816 1 975.37 0.211901 0 0 0 
243000 100 1.37 0 10 73121.1 0 9.99817 1 801.12 0.174569 0 0 0 
244000 100 1.54 0 10 73489.6 0 9.99818 1 861.18 0.188325 0 0 0 
245000 100 2.55 0 10 73832.6 0 9.99819 1 854.99 0.188067 0 0 0 
246000 100 1.66 0 10 74213.7 0 9.99819 1 865.1 0.188581 0 0 0 
247000 100 2.07 0 10 74579.5 0 9.9982 1 804.07 0.175417 0 0 0 
248000 100 1.26 0 10 74947 0 9.99821 1 818.56 0.180157 0 0 0 
249000 100 1.66 0 10 75265.4 0 9.99822 1 827.58 0.182762 0 0 0 
250000 100 1.75 0 10 75627.9 0 9.99822 1 960.13 0.210612 0 0 0 