# Avida Average Deme Data
# Sat Apr 19 11:14:53 2014
#  1: Update
#  2: Count
#  3: Age
#  4: Births
#  5: Organisms
#  6: Generation
#  7: Births (at last replication)
#  8: Organisms (at last replication)
#  9: Merit
# 10: Gestation Time
# 11: Time Used (normalized by org fitness)
# 12: Generations between current and last founders
# 13: Events killed
# 14: Attempts to kill event

0 100 0 0 1 0 0 0 1 0 0 0 0 0 
1000 100 26.73 0 10 22.92 0 9.4998 1 13146.8 11.3176 0 0 0 
2000 100 24.92 0 10 47.67 0 9.74978 1 12756.8 11.0092 0 0 0 
3000 100 18.34 0 10 78.14 0 9.83316 1 11218.9 9.77813 0 0 0 
4000 100 22.57 0 10 106.29 0 9.87486 1 11072.5 9.68013 0 0 0 
5000 100 23.8 0 10 131.96 0 9.89988 1 12250.2 10.4856 0 0 0 
6000 100 20.05 0 10 155.34 0 9.91656 1 12164.7 10.599 0 0 0 
7000 100 16.36 0 10 183.01 0 9.92848 1 9105.03 7.91187 0 0 0 
8000 100 14.26 0 10 217.67 0 9.93742 1 8948.93 7.75572 0 0 0 
9000 100 15.76 0 10 251.88 0 9.94437 1 8867.54 7.69284 0 0 0 
10000 100 20.87 0 10 284.7 0 9.94994 1 8839.23 7.61319 0 0 0 
11000 100 19.23 0 10 318.7 0 9.95449 1 9332.62 7.99065 0 0 0 
12000 100 17.2 0 10 350.89 0 9.95828 1 9168.33 7.92525 0 0 0 
13000 100 15.39 0 10 383.27 0 9.96149 1 8788.8 7.6081 0 0 0 
14000 100 18.24 0 10 428.62 0 9.96424 1 8462.18 7.16172 0 0 0 
15000 100 22.18 0 10 466.88 0 9.96662 1 8722.13 7.33393 0 0 0 
16000 100 15.26 0 10 509.06 0 9.96871 1 8253.23 6.89361 0 0 0 
17000 100 11.47 0 10 549.81 0 9.97055 1 7955.45 6.60477 0 0 0 
18000 100 14.96 0 10 589.2 0 9.97218 1 8114.43 6.73629 0 0 0 
19000 100 17.61 0 10 631.07 0 9.97365 1 8389.63 6.85585 0 0 0 
20000 100 14.18 0 10 674.42 0 9.97497 1 7691.79 6.13977 0 0 0 
21000 100 15.63 0 10 716.21 0 9.97616 1 7564.44 6.01879 0 0 0 
22000 100 14.95 0 10 756.07 0 9.97724 1 8045.33 6.39475 0 0 0 
23000 100 11.68 0 10 794.79 0 9.97823 1 6857.15 5.46129 0 0 0 
24000 100 14.21 0 10 834.13 0 9.97914 1 7291.41 5.88864 0 0 0 
25000 100 11.13 0 10 880.33 0 9.97997 1 6767.56 5.42709 0 0 0 
26000 100 10.7 0 10 920.75 0 9.98074 1 7125.65 5.69779 0 0 0 
27000 100 11.65 0 10 961.7 0 9.98146 1 7430.62 5.96821 0 0 0 
28000 100 13.43 0 10 1005.48 0 9.98212 1 8226.73 6.60997 0 0 0 
29000 100 13.4 0 10 1045.93 0 9.98274 1 7758.56 6.22063 0 0 0 
30000 100 9.75 0 10 1085.73 0 9.98331 1 7715.3 6.17877 0 0 0 
31000 100 14.2 0 10 1130.04 0 9.98385 1 7449.19 5.96306 0 0 0 
32000 100 14.92 0 10 1177.03 0 9.98435 1 7565.83 5.91833 0 0 0 
33000 100 13.03 0 10 1218.1 0 9.98483 1 7958.58 6.17757 0 0 0 
34000 100 13.08 0 10 1259.96 0 9.98527 1 7445.31 5.63952 0 0 0 
35000 100 13.21 0 10 1299.86 0 9.98569 1 8719.68 6.69807 0 0 0 
36000 100 12.09 0 10 1346.07 0 9.98609 1 7811.07 5.88864 0 0 0 
37000 100 11.73 0 10 1390.72 0 9.98647 1 7210.73 5.42307 0 0 0 
38000 100 11.92 0 10 1432.04 0 9.98682 1 8001.54 6.03014 0 0 0 
39000 100 12.87 0 10 1475.22 0 9.98716 1 7895.73 5.92257 0 0 0 
40000 100 13.46 0 10 1516.68 0 9.98748 1 7473.77 5.61098 0 0 0 
41000 100 11.93 0 10 1557.72 0 9.98779 1 7378.18 5.5381 0 0 0 
42000 100 16.31 0 10 1599.69 0 9.98808 1 7591.92 5.68574 0 0 0 
43000 100 13.69 0 10 1642.04 0 9.98836 1 7767.68 5.7783 0 0 0 
44000 100 14.76 0 10 1687.66 0 9.98862 1 6945.92 5.04782 0 0 0 
45000 100 12.74 0 10 1730.73 0 9.98887 1 6998.71 5.05187 0 0 0 
46000 100 12.88 0 10 1770.74 0 9.98912 1 7530.68 5.49725 0 0 0 
47000 100 9.64 0 10 1836.31 0 9.98935 1 4039.05 2.98086 0 0 0 
48000 100 4.48 0 10 1980.07 0 9.98957 1 1988.22 1.45313 0 0 0 
49000 100 3.01 0 10 2146.25 0 9.98978 1 1858.02 1.39 0 0 0 
50000 100 2.28 0 10 2310.32 0 9.98999 1 1977.71 1.49143 0 0 0 
51000 100 4.46 0 10 2480.56 0 9.99018 1 1923.8 1.43094 0 0 0 
52000 100 4.09 0 10 2663.42 0 9.99037 1 1610.11 1.21471 0 0 0 
53000 100 3.49 0 10 2853.06 0 9.99055 1 1765.8 1.29783 0 0 0 
54000 100 3.17 0 10 3050.69 0 9.99073 1 1723.73 1.27299 0 0 0 
55000 100 3.2 0 10 3287.8 0 9.9909 1 1354.03 1.00416 0 0 0 
56000 100 1.95 0 10 3532.58 0 9.99106 1 1171.25 0.870259 0 0 0 
57000 100 1.96 0 10 3806.18 0 9.99122 1 1241.2 0.936461 0 0 0 
58000 100 2.64 0 10 4075.34 0 9.99137 1 1142.16 0.84477 0 0 0 
59000 100 1.9 0 10 4343.51 0 9.99151 1 1140.84 0.833676 0 0 0 
60000 100 2.19 0 10 4611.37 0 9.99166 1 1175.02 0.835237 0 0 0 
61000 100 2.51 0 10 4874.55 0 9.99179 1 1123.72 0.801981 0 0 0 
62000 100 2.43 0 10 5124.49 0 9.99192 1 1160.1 0.825934 0 0 0 
63000 100 2.16 0 10 5411.22 0 9.99205 1 1243.99 0.887315 0 0 0 
64000 100 2.17 0 10 5688.57 0 9.99218 1 1147.39 0.803856 0 0 0 
65000 100 2.32 0 10 5975.73 0 9.9923 1 1134.13 0.755669 0 0 0 
66000 100 3.03 0 10 6265.25 0 9.99241 1 1015.31 0.688281 0 0 0 
67000 100 1.79 0 10 6556.62 0 9.99253 1 934.5 0.622389 0 0 0 
68000 100 1.99 0 10 6825.39 0 9.99264 1 1141 0.750648 0 0 0 
69000 100 2.64 0 10 7125.57 0 9.99274 1 1101.97 0.714227 0 0 0 
70000 100 1.61 0 10 7401.77 0 9.99285 1 944.55 0.621642 0 0 0 
71000 100 1.9 0 10 7703.3 0 9.99295 1 947.76 0.614944 0 0 0 
72000 100 2.28 0 10 7992.65 0 9.99305 1 1058.27 0.683069 0 0 0 
73000 100 1.56 0 10 8287.29 0 9.99314 1 916.48 0.559571 0 0 0 
74000 100 2.19 0 10 8583.87 0 9.99323 1 1054.56 0.634356 0 0 0 
75000 100 1.75 0 10 8898.59 0 9.99332 1 914.63 0.553404 0 0 0 
76000 100 2.26 0 10 9198.88 0 9.99341 1 1057.91 0.605182 0 0 0 
77000 100 1.83 0 10 9514.96 0 9.9935 1 1058.79 0.599103 0 0 0 
78000 100 2.04 0 10 9821.6 0 9.99358 1 858.01 0.475828 0 0 0 
79000 100 1.9 0 10 10127.8 0 9.99366 1 1108.81 0.61147 0 0 0 
80000 100 2.23 0 10 10434.4 0 9.99374 1 963.12 0.523272 0 0 0 
81000 100 1.84 0 10 10762 0 9.99382 1 960.45 0.50906 0 0 0 
82000 100 2.18 0 10 11052.8 0 9.99389 1 982.17 0.536072 0 0 0 
83000 100 2.1 0 10 11370.9 0 9.99397 1 1165.79 0.629018 0 0 0 
84000 100 1.89 0 10 11673.7 0 9.99404 1 966.34 0.519513 0 0 0 
85000 100 1.65 0 10 11992 0 9.99411 1 934.22 0.505779 0 0 0 
86000 100 1.87 0 10 12292.8 0 9.99418 1 990.91 0.532559 0 0 0 
87000 100 1.74 0 10 12607.2 0 9.99424 1 1029.14 0.538123 0 0 0 
88000 100 2.44 0 10 12929.4 0 9.99431 1 1032.57 0.538462 0 0 0 
89000 100 2.2 0 10 13228.3 0 9.99437 1 1049.6 0.553724 0 0 0 
90000 100 1.53 0 10 13540.6 0 9.99444 1 994.74 0.523062 0 0 0 
91000 100 1.65 0 10 13865 0 9.9945 1 935.18 0.495323 0 0 0 
92000 100 1.86 0 10 14179.9 0 9.99456 1 876.37 0.470091 0 0 0 
93000 100 2 0 10 14489.5 0 9.99462 1 966.72 0.507899 0 0 0 
94000 100 1.57 0 10 14822.5 0 9.99467 1 952.83 0.491958 0 0 0 
95000 100 2.18 0 10 15146.9 0 9.99473 1 982.27 0.493449 0 0 0 
96000 100 1.72 0 10 15472.9 0 9.99478 1 860.58 0.434889 0 0 0 
97000 100 1.84 0 10 15771.4 0 9.99484 1 899.61 0.443141 0 0 0 
98000 100 1.94 0 10 16104.9 0 9.99489 1 896.66 0.437539 0 0 0 
99000 100 2.12 0 10 16413.6 0 9.99494 1 1041.46 0.50967 0 0 0 
100000 100 1.98 0 10 16702.6 0 9.99499 1 1008.14 0.471994 0 0 0 
101000 100 1.74 0 10 17019.5 0 9.99504 1 1139.65 0.536529 0 0 0 
102000 100 1.75 0 10 17323.5 0 9.99509 1 859.4 0.401077 0 0 0 
103000 100 1.84 0 10 17626.5 0 9.99514 1 1106.59 0.517335 0 0 0 
104000 100 1.48 0 10 17954.5 0 9.99519 1 1012.43 0.471688 0 0 0 
105000 100 1.58 0 10 18271.7 0 9.99523 1 990.12 0.4601 0 0 0 
106000 100 2.33 0 10 18611.5 0 9.99528 1 872.02 0.405244 0 0 0 
107000 100 1.78 0 10 18927.3 0 9.99532 1 957.32 0.437251 0 0 0 
108000 100 1.93 0 10 19228 0 9.99536 1 1000.7 0.460689 0 0 0 
109000 100 1.46 0 10 19532.4 0 9.99541 1 1052.78 0.474805 0 0 0 
110000 100 1.96 0 10 19884.5 0 9.99545 1 837.99 0.368165 0 0 0 
111000 100 1.89 0 10 20212.7 0 9.99549 1 902.95 0.391914 0 0 0 
112000 100 1.16 0 10 20534.8 0 9.99553 1 889.1 0.387754 0 0 0 
113000 100 2.18 0 10 20885.4 0 9.99557 1 937.62 0.404856 0 0 0 
114000 100 1.83 0 10 21275.9 0 9.99561 1 815.13 0.348509 0 0 0 
115000 100 1.94 0 10 21644.4 0 9.99565 1 859.95 0.362397 0 0 0 
116000 100 1.64 0 10 22000.9 0 9.99568 1 910.55 0.391539 0 0 0 
117000 100 0.99 0 10 22367.5 0 9.99572 1 988.65 0.421523 0 0 0 
118000 100 1.19 0 10 22737.6 0 9.99576 1 911.35 0.395017 0 0 0 
119000 100 1.59 0 10 23123.6 0 9.99579 1 842.33 0.364116 0 0 0 
120000 100 1.38 0 10 23496.5 0 9.99583 1 862.87 0.370583 0 0 0 
121000 100 1.62 0 10 23887 0 9.99586 1 851.58 0.370888 0 0 0 
122000 100 1.65 0 10 24265.6 0 9.9959 1 968.2 0.413249 0 0 0 
123000 100 1.84 0 10 24632.4 0 9.99593 1 920.59 0.388893 0 0 0 
124000 100 1.89 0 10 24974.7 0 9.99596 1 999.12 0.422348 0 0 0 
125000 100 1.78 0 10 25310 0 9.99599 1 866.97 0.372694 0 0 0 
126000 100 1.89 0 10 25651.7 0 9.99603 1 862.53 0.369803 0 0 0 
127000 100 1.54 0 10 26022 0 9.99606 1 915.93 0.392084 0 0 0 
128000 100 1.5 0 10 26396.5 0 9.99609 1 987.28 0.41917 0 0 0 
129000 100 1.97 0 10 26765.9 0 9.99612 1 774.29 0.322837 0 0 0 
130000 100 1.55 0 10 27149.9 0 9.99615 1 905.39 0.369838 0 0 0 
131000 100 1.47 0 10 27551.1 0 9.99618 1 946.78 0.382385 0 0 0 
132000 100 1.81 0 10 27902.2 0 9.99621 1 910.68 0.363493 0 0 0 
133000 100 2.04 0 10 28256 0 9.99624 1 879.59 0.351162 0 0 0 
134000 100 2.14 0 10 28597.6 0 9.99626 1 971.81 0.386267 0 0 0 
135000 100 1.27 0 10 28954.9 0 9.99629 1 941.21 0.37801 0 0 0 
136000 100 1.45 0 10 29285.7 0 9.99632 1 941.1 0.371695 0 0 0 
137000 100 1.72 0 10 29696.9 0 9.99635 1 889.5 0.352292 0 0 0 
138000 100 1.39 0 10 30085.4 0 9.99637 1 902.87 0.354274 0 0 0 
139000 100 1.94 0 10 30457.7 0 9.9964 1 785.78 0.302312 0 0 0 
140000 100 1.39 0 10 30833.1 0 9.99642 1 856.03 0.325095 0 0 0 
141000 100 2.05 0 10 31207.6 0 9.99645 1 919.22 0.347155 0 0 0 
142000 100 1.32 0 10 31583.5 0 9.99647 1 817.33 0.306643 0 0 0 
143000 100 1.52 0 10 31952.3 0 9.9965 1 910.61 0.340397 0 0 0 
144000 100 1.41 0 10 32327.3 0 9.99652 1 873.63 0.321855 0 0 0 
145000 100 1.53 0 10 32706 0 9.99655 1 846.27 0.307078 0 0 0 
146000 100 1.57 0 10 33084 0 9.99657 1 899.08 0.320748 0 0 0 
147000 100 1.44 0 10 33464.2 0 9.99659 1 837.11 0.299975 0 0 0 
148000 100 1.56 0 10 33873.8 0 9.99662 1 885.41 0.318545 0 0 0 
149000 100 2.26 0 10 34288.7 0 9.99664 1 843.23 0.29978 0 0 0 
150000 100 1.63 0 10 34669.6 0 9.99666 1 811.53 0.29127 0 0 0 
151000 100 1.7 0 10 35087.5 0 9.99668 1 931.35 0.328719 0 0 0 
152000 100 1.44 0 10 35487 0 9.99671 1 805.59 0.284573 0 0 0 
153000 100 1.18 0 10 35871.4 0 9.99673 1 779.07 0.273945 0 0 0 
154000 100 1.52 0 10 36289.2 0 9.99675 1 833.72 0.290838 0 0 0 
155000 100 1.51 0 10 36714.4 0 9.99677 1 815.02 0.282458 0 0 0 
156000 100 1.65 0 10 37110.2 0 9.99679 1 948.46 0.333085 0 0 0 
157000 100 1.76 0 10 37478.1 0 9.99681 1 790.05 0.278687 0 0 0 
158000 100 2.04 0 10 37884.6 0 9.99683 1 961.78 0.338942 0 0 0 
159000 100 1.47 0 10 38265.7 0 9.99685 1 921.39 0.322377 0 0 0 
160000 100 1.65 0 10 38671.8 0 9.99687 1 824.49 0.286186 0 0 0 
161000 100 1.49 0 10 39032.8 0 9.99689 1 859.16 0.297627 0 0 0 
162000 100 2.26 0 10 39415.6 0 9.99691 1 722.83 0.246518 0 0 0 
163000 100 1.38 0 10 39769.9 0 9.99693 1 952.3 0.322729 0 0 0 
164000 100 1.64 0 10 40113.1 0 9.99695 1 934.08 0.311579 0 0 0 
165000 100 1.75 0 10 40481.4 0 9.99697 1 1012.82 0.334612 0 0 0 
166000 100 1.99 0 10 40826.2 0 9.99698 1 910.42 0.301981 0 0 0 
167000 100 1.89 0 10 41206.4 0 9.997 1 872.72 0.289318 0 0 0 
168000 100 1.35 0 10 41581.4 0 9.99702 1 861.85 0.285289 0 0 0 
169000 100 1.23 0 10 41973.7 0 9.99704 1 894.18 0.2969 0 0 0 
170000 100 1.64 0 10 42371.3 0 9.99705 1 1010.46 0.335633 0 0 0 
171000 100 1.48 0 10 42757.7 0 9.99707 1 920.23 0.304398 0 0 0 
172000 100 1.64 0 10 43137.7 0 9.99709 1 938.52 0.310673 0 0 0 
173000 100 2.03 0 10 43517.8 0 9.99711 1 935.12 0.303704 0 0 0 
174000 100 2.45 0 10 43901.6 0 9.99712 1 796.03 0.258299 0 0 0 
175000 100 1.91 0 10 44258.4 0 9.99714 1 855.76 0.274054 0 0 0 
176000 100 1.11 0 10 44621.8 0 9.99716 1 1079.7 0.347841 0 0 0 
177000 100 1.82 0 10 45016.1 0 9.99717 1 915.74 0.297931 0 0 0 
178000 100 1.84 0 10 45378.7 0 9.99719 1 892.99 0.286055 0 0 0 
179000 100 1.85 0 10 45745.2 0 9.9972 1 980.19 0.31095 0 0 0 
180000 100 1.66 0 10 46112.4 0 9.99722 1 928.87 0.29129 0 0 0 
181000 100 2.43 0 10 46459.2 0 9.99723 1 816.83 0.255603 0 0 0 
182000 100 1.8 0 10 46843.8 0 9.99725 1 899.83 0.277013 0 0 0 
183000 100 1.7 0 10 47227.4 0 9.99726 1 824.06 0.252624 0 0 0 
184000 100 1.46 0 10 47605.2 0 9.99728 1 913.33 0.278495 0 0 0 
185000 100 1.25 0 10 47960.6 0 9.99729 1 898.15 0.270145 0 0 0 
186000 100 1.96 0 10 48316 0 9.99731 1 902.66 0.267081 0 0 0 
187000 100 1.44 0 10 48681.1 0 9.99732 1 897.93 0.26349 0 0 0 
188000 100 2.06 0 10 49041.8 0 9.99734 1 852.86 0.246657 0 0 0 
189000 100 1.75 0 10 49386.8 0 9.99735 1 850.21 0.249408 0 0 0 
190000 100 1.89 0 10 49718.3 0 9.99736 1 850.76 0.250596 0 0 0 
191000 100 2.59 0 10 50042.6 0 9.99738 1 965.6 0.278352 0 0 0 
192000 100 2.11 0 10 50358.5 0 9.99739 1 903.31 0.260534 0 0 0 
193000 100 1.85 0 10 50662.4 0 9.99741 1 1005.4 0.285468 0 0 0 
194000 100 1.99 0 10 50994.3 0 9.99742 1 1005.61 0.281898 0 0 0 
195000 100 2.17 0 10 51328.1 0 9.99743 1 1193.33 0.332392 0 0 0 
196000 100 1.67 0 10 51642.8 0 9.99745 1 852.37 0.238949 0 0 0 
197000 100 1.84 0 10 51957.2 0 9.99746 1 845.25 0.23716 0 0 0 
198000 100 2.28 0 10 52313.3 0 9.99747 1 981.67 0.276483 0 0 0 
199000 100 2.09 0 10 52663.1 0 9.99748 1 973.84 0.273659 0 0 0 
200000 100 1.82 0 10 53005.9 0 9.9975 1 940 0.262375 0 0 0 
201000 100 1.98 0 10 53346 0 9.99751 1 900.03 0.247612 0 0 0 
202000 100 1.81 0 10 53693.7 0 9.99752 1 748.33 0.20777 0 0 0 
203000 100 1.24 0 10 54051.5 0 9.99753 1 898.14 0.245896 0 0 0 
204000 100 1.86 0 10 54411.9 0 9.99755 1 847.8 0.23326 0 0 0 
205000 100 1.68 0 10 54802.4 0 9.99756 1 769.2 0.210277 0 0 0 
206000 100 1.64 0 10 55156 0 9.99757 1 935.41 0.253013 0 0 0 
207000 100 1.77 0 10 55507.4 0 9.99758 1 924.12 0.253221 0 0 0 
208000 100 1.55 0 10 55856.4 0 9.99759 1 831.08 0.227777 0 0 0 
209000 100 2.49 0 10 56211.5 0 9.9976 1 837.04 0.229551 0 0 0 
210000 100 2.27 0 10 56562.9 0 9.99762 1 852.2 0.229804 0 0 0 
211000 100 1.7 0 10 56916.5 0 9.99763 1 983.74 0.265772 0 0 0 
212000 100 1.58 0 10 57309.7 0 9.99764 1 815.71 0.220224 0 0 0 
213000 100 1.49 0 10 57676.3 0 9.99765 1 952.52 0.260923 0 0 0 
214000 100 1.86 0 10 58034 0 9.99766 1 948.13 0.261694 0 0 0 
215000 100 1.67 0 10 58398.4 0 9.99767 1 906.36 0.24661 0 0 0 
216000 100 1.91 0 10 58770.9 0 9.99768 1 1025.25 0.276916 0 0 0 
217000 100 2.15 0 10 59108.8 0 9.99769 1 847.25 0.232617 0 0 0 
218000 100 1.82 0 10 59470.7 0 9.9977 1 943.33 0.25887 0 0 0 
219000 100 2.17 0 10 59821.9 0 9.99771 1 1026.58 0.286578 0 0 0 
220000 100 1.65 0 10 60149.9 0 9.99772 1 841.43 0.22947 0 0 0 
221000 100 1.94 0 10 60506.4 0 9.99773 1 891.04 0.242896 0 0 0 
222000 100 1.87 0 10 60842.8 0 9.99774 1 941.49 0.261485 0 0 0 
223000 100 1.64 0 10 61198.6 0 9.99775 1 862.08 0.237375 0 0 0 
224000 100 1.52 0 10 61560.5 0 9.99776 1 933.7 0.260483 0 0 0 
225000 100 1.47 0 10 61886.8 0 9.99777 1 1009.47 0.27934 0 0 0 
226000 100 1.9 0 10 62212.2 0 9.99778 1 1050.85 0.292769 0 0 0 
227000 100 1.74 0 10 62548.3 0 9.99779 1 860.76 0.240721 0 0 0 
228000 100 1.86 0 10 62874.9 0 9.9978 1 799.27 0.225573 0 0 0 
229000 100 1.51 0 10 63225.1 0 9.99781 1 940.01 0.264017 0 0 0 
230000 100 1.54 0 10 63567.5 0 9.99782 1 957.34 0.268797 0 0 0 
231000 100 1.71 0 10 63882 0 9.99783 1 870.49 0.240644 0 0 0 
232000 100 2.27 0 10 64200.9 0 9.99784 1 978.6 0.268567 0 0 0 
233000 100 2.22 0 10 64538.4 0 9.99785 1 982.32 0.266059 0 0 0 
234000 100 1.99 0 10 64841.6 0 9.99786 1 876.3 0.237029 0 0 0 
235000 100 2.42 0 10 65180.9 0 9.99787 1 831.86 0.22622 0 0 0 
236000 100 1.84 0 10 65516.3 0 9.99788 1 925.38 0.248653 0 0 0 
237000 100 1.93 0 10 65842 0 9.99789 1 960.01 0.252745 0 0 0 
238000 100 1.74 0 10 66134.9 0 9.9979 1 801.5 0.211019 0 0 0 
239000 100 1.48 0 10 66479.1 0 9.99791 1 1087.32 0.287122 0 0 0 
240000 100 1.43 0 10 66813.3 0 9.99791 1 841.01 0.220994 0 0 0 
241000 100 1.84 0 10 67148.5 0 9.99792 1 909.78 0.238564 0 0 0 
242000 100 2.19 0 10 67500.7 0 9.99793 1 937.58 0.246145 0 0 0 
243000 100 2.09 0 10 67836.8 0 9.99794 1 963.73 0.251426 0 0 0 
244000 100 1.72 0 10 68169.9 0 9.99795 1 809.45 0.211951 0 0 0 
245000 100 1.8 0 10 68504.9 0 9.99796 1 975.04 0.257474 0 0 0 
246000 100 2.01 0 10 68848.9 0 9.99796 1 962.71 0.253506 0 0 0 
247000 100 1.82 0 10 69212.9 0 9.99797 1 859.09 0.226178 0 0 0 
248000 100 1.79 0 10 69555.4 0 9.99798 1 1108.81 0.292262 0 0 0 
249000 100 2.04 0 10 69910.9 0 9.99799 1 889.48 0.237546 0 0 0 
250000 100 2.22 0 10 70266.2 0 9.998 1 840.14 0.220536 0 0 0 