# Avida Average Deme Data
# Mon Apr 21 10:18:18 2014
#  1: Update
#  2: Count
#  3: Age
#  4: Births
#  5: Organisms
#  6: Generation
#  7: Births (at last replication)
#  8: Organisms (at last replication)
#  9: Merit
# 10: Gestation Time
# 11: Time Used (normalized by org fitness)
# 12: Generations between current and last founders
# 13: Events killed
# 14: Attempts to kill event

0 100 0 0 1 0 0 0 1 0 0 0 0 0 
1000 100 21.69 0 10 22.78 0 9.55594 1 13038.2 11.2078 0 0 0 
2000 100 20.16 0 10 51.86 0 9.77786 1 11420.1 9.70926 0 0 0 
3000 100 25.47 0 10 82.87 0 9.85188 1 11866.4 9.98027 0 0 0 
4000 100 20.88 0 10 111.5 0 9.8889 1 10921.2 9.16527 0 0 0 
5000 100 15.94 0 10 147.6 0 9.91112 1 9472.82 7.88778 0 0 0 
6000 100 21.97 0 10 180.04 0 9.92593 1 9186.64 7.57644 0 0 0 
7000 100 18.59 0 10 215.69 0 9.93651 1 9475.77 7.80736 0 0 0 
8000 100 17.64 0 10 253.81 0 9.94444 1 8481.52 6.86032 0 0 0 
9000 100 16.34 0 10 289.34 0 9.95062 1 9884.52 8.01746 0 0 0 
10000 100 18.04 0 10 327.11 0 9.95555 1 8710.81 7.03235 0 0 0 
11000 100 15.97 0 10 360.09 0 9.95959 1 8350.12 6.7658 0 0 0 
12000 100 12.95 0 10 395.3 0 9.96296 1 6037.42 4.93994 0 0 0 
13000 100 6.03 0 10 492.87 0 9.96581 1 2605.33 2.18459 0 0 0 
14000 100 2.97 0 10 676.09 0 9.96825 1 1247.55 1.03156 0 0 0 
15000 100 2.63 0 10 938.4 0 9.97037 1 1328.51 1.07931 0 0 0 
16000 100 2.31 0 10 1215.13 0 9.97222 1 1170.64 0.946525 0 0 0 
17000 100 3.2 0 10 1465.4 0 9.97385 1 1143.07 0.976886 0 0 0 
18000 100 2.9 0 10 1737.13 0 9.97531 1 1202.07 0.992071 0 0 0 
19000 100 2.4 0 10 2047.97 0 9.97661 1 1242.86 1.02981 0 0 0 
20000 100 2.44 0 10 2340.3 0 9.97778 1 1260.73 0.963451 0 0 0 
21000 100 1.98 0 10 2651.88 0 9.97883 1 1004.72 0.753107 0 0 0 
22000 100 2.36 0 10 2951.18 0 9.9798 1 1064.6 0.767445 0 0 0 
23000 100 2.05 0 10 3262.64 0 9.98067 1 943.9 0.683932 0 0 0 
24000 100 1.58 0 10 3575.82 0 9.98148 1 1050.87 0.743667 0 0 0 
25000 100 1.83 0 10 3912.82 0 9.98222 1 991.17 0.693163 0 0 0 
26000 100 1.93 0 10 4223.87 0 9.9829 1 972.72 0.672237 0 0 0 
27000 100 1.98 0 10 4572.12 0 9.98354 1 888.46 0.60661 0 0 0 
28000 100 1.75 0 10 4893.59 0 9.98413 1 963.34 0.634423 0 0 0 
29000 100 2.18 0 10 5230.77 0 9.98467 1 871.52 0.549232 0 0 0 
30000 100 1.87 0 10 5546.4 0 9.98518 1 896.61 0.550567 0 0 0 
31000 100 2.16 0 10 5856.84 0 9.98566 1 1034.25 0.611905 0 0 0 
32000 100 2.47 0 10 6180.96 0 9.98611 1 1129.18 0.681106 0 0 0 
33000 100 2.06 0 10 6513.69 0 9.98653 1 853.03 0.499936 0 0 0 
34000 100 2.35 0 10 6848.86 0 9.98693 1 948.81 0.548032 0 0 0 
35000 100 2.85 0 10 7201.17 0 9.9873 1 897.89 0.504927 0 0 0 
36000 100 1.71 0 10 7549.19 0 9.98765 1 945.92 0.542545 0 0 0 
37000 100 2.73 0 10 7884.6 0 9.98799 1 1013.63 0.560189 0 0 0 
38000 100 2.01 0 10 8210.91 0 9.9883 1 868.08 0.472056 0 0 0 
39000 100 2.33 0 10 8567.47 0 9.9886 1 886.13 0.472328 0 0 0 
40000 100 1.96 0 10 8909.18 0 9.98889 1 888.23 0.469489 0 0 0 
41000 100 2.52 0 10 9250.47 0 9.98916 1 995.36 0.510122 0 0 0 
42000 100 2.53 0 10 9593.63 0 9.98942 1 810.74 0.415361 0 0 0 
43000 100 2.41 0 10 9944.48 0 9.98966 1 993.33 0.500036 0 0 0 
44000 100 2.41 0 10 10277.6 0 9.9899 1 1052.89 0.524768 0 0 0 
45000 100 2.41 0 10 10622.2 0 9.99012 1 917.35 0.454839 0 0 0 
46000 100 1.4 0 10 10974.6 0 9.99034 1 948.72 0.463086 0 0 0 
47000 100 2.15 0 10 11316.5 0 9.99054 1 908 0.427831 0 0 0 
48000 100 1.81 0 10 11661.6 0 9.99074 1 876.41 0.407396 0 0 0 
49000 100 1.69 0 10 12010 0 9.99093 1 1068.49 0.491194 0 0 0 
50000 100 2.39 0 10 12330.2 0 9.99111 1 857.75 0.388286 0 0 0 
51000 100 2.55 0 10 12666.9 0 9.99128 1 876.57 0.399255 0 0 0 
52000 100 2.66 0 10 13032.5 0 9.99145 1 857.67 0.393118 0 0 0 
53000 100 2.67 0 10 13384.1 0 9.99161 1 997.21 0.449191 0 0 0 
54000 100 2.41 0 10 13737 0 9.99177 1 899.59 0.398806 0 0 0 
55000 100 2.14 0 10 14082.9 0 9.99192 1 1105.15 0.482469 0 0 0 
56000 100 2.02 0 10 14425.2 0 9.99206 1 1293.11 0.569176 0 0 0 
57000 100 1.93 0 10 14759.9 0 9.9922 1 1116.02 0.481194 0 0 0 
58000 100 1.75 0 10 15112.2 0 9.99234 1 970.7 0.408925 0 0 0 
59000 100 2.32 0 10 15463.4 0 9.99247 1 916.4 0.386042 0 0 0 
60000 100 2.16 0 10 15820 0 9.99259 1 897.46 0.376347 0 0 0 
61000 100 2.27 0 10 16148.8 0 9.99271 1 881.79 0.363377 0 0 0 
62000 100 2.28 0 10 16477.1 0 9.99283 1 959.27 0.394308 0 0 0 
63000 100 2.77 0 10 16825.3 0 9.99294 1 958.07 0.382394 0 0 0 
64000 100 2.47 0 10 17176.7 0 9.99305 1 905 0.35004 0 0 0 
65000 100 2.71 0 10 17522.1 0 9.99316 1 945.17 0.367811 0 0 0 
66000 100 2.6 0 10 17837.3 0 9.99327 1 856.96 0.331062 0 0 0 
67000 100 1.77 0 10 18144.2 0 9.99337 1 877.4 0.341714 0 0 0 
68000 100 2.15 0 10 18487.3 0 9.99346 1 961.06 0.373643 0 0 0 
69000 100 2.12 0 10 18823 0 9.99356 1 909.56 0.353086 0 0 0 
70000 100 1.94 0 10 19169.7 0 9.99365 1 972.94 0.383406 0 0 0 
71000 100 2.31 0 10 19486.2 0 9.99374 1 1013.84 0.394902 0 0 0 
72000 100 2.02 0 10 19810.5 0 9.99383 1 940.44 0.361693 0 0 0 
73000 100 1.83 0 10 20154.6 0 9.99391 1 938.68 0.354417 0 0 0 
74000 100 2.13 0 10 20475.1 0 9.99399 1 779.46 0.296803 0 0 0 
75000 100 1.88 0 10 20819.1 0 9.99407 1 1122.95 0.42714 0 0 0 
76000 100 2.19 0 10 21136.5 0 9.99415 1 863.46 0.324204 0 0 0 
77000 100 2.34 0 10 21456.9 0 9.99423 1 900.11 0.334323 0 0 0 
78000 100 1.59 0 10 21788.1 0 9.9943 1 933.28 0.34773 0 0 0 
79000 100 2.27 0 10 22122.6 0 9.99437 1 762.17 0.284969 0 0 0 
80000 100 2.02 0 10 22442.3 0 9.99444 1 907.13 0.34065 0 0 0 
81000 100 1.56 0 10 22779 0 9.99451 1 778.59 0.285651 0 0 0 
82000 100 1.73 0 10 23122 0 9.99458 1 874.1 0.319554 0 0 0 
83000 100 2.19 0 10 23463.8 0 9.99464 1 943.66 0.346174 0 0 0 
84000 100 1.48 0 10 23814.9 0 9.99471 1 973.35 0.350303 0 0 0 
85000 100 1.75 0 10 24184.8 0 9.99477 1 909.89 0.329566 0 0 0 
86000 100 1.58 0 10 24530.1 0 9.99483 1 927.75 0.333981 0 0 0 
87000 100 2.36 0 10 24885.6 0 9.99489 1 894.33 0.325301 0 0 0 
88000 100 2.34 0 10 25209 0 9.99495 1 908.97 0.327941 0 0 0 
89000 100 2.13 0 10 25524.7 0 9.99501 1 923.79 0.332969 0 0 0 
90000 100 2.13 0 10 25888.8 0 9.99506 1 872.72 0.312553 0 0 0 
91000 100 2.38 0 10 26236 0 9.99512 1 910.15 0.324445 0 0 0 
92000 100 2.02 0 10 26577.2 0 9.99517 1 828 0.291736 0 0 0 
93000 100 1.9 0 10 26922.5 0 9.99522 1 931.02 0.328252 0 0 0 
94000 100 2.55 0 10 27243.7 0 9.99527 1 926.9 0.325898 0 0 0 
95000 100 1.52 0 10 27576.6 0 9.99532 1 897.7 0.312248 0 0 0 
96000 100 2.21 0 10 27901.3 0 9.99537 1 865.25 0.298798 0 0 0 
97000 100 1.62 0 10 28237.4 0 9.99542 1 904.74 0.312165 0 0 0 
98000 100 1.81 0 10 28557 0 9.99546 1 1050.11 0.364005 0 0 0 
99000 100 2.44 0 10 28902.9 0 9.99551 1 927.39 0.327852 0 0 0 
100000 100 1.59 0 10 29226.2 0 9.99556 1 944.88 0.327653 0 0 0 
101000 100 2.12 0 10 29558.2 0 9.9956 1 903.44 0.310551 0 0 0 
102000 100 1.76 0 10 29881.2 0 9.99564 1 922.62 0.31404 0 0 0 
103000 100 2.14 0 10 30202.9 0 9.99568 1 863.51 0.295578 0 0 0 
104000 100 1.88 0 10 30532.1 0 9.99573 1 844.7 0.288999 0 0 0 
105000 100 1.91 0 10 30868 0 9.99577 1 1063.89 0.369133 0 0 0 
106000 100 2.14 0 10 31198.5 0 9.99581 1 972.21 0.336333 0 0 0 
107000 100 1.76 0 10 31534.8 0 9.99585 1 803.77 0.276654 0 0 0 
108000 100 1.96 0 10 31859.8 0 9.99588 1 865.7 0.300713 0 0 0 
109000 100 2.37 0 10 32179.1 0 9.99592 1 906.31 0.311119 0 0 0 
110000 100 2.51 0 10 32513.3 0 9.99596 1 1108.36 0.376751 0 0 0 
111000 100 1.81 0 10 32835.2 0 9.996 1 953.74 0.325728 0 0 0 
112000 100 1.91 0 10 33181.4 0 9.99603 1 987.34 0.32971 0 0 0 
113000 100 2.05 0 10 33525.2 0 9.99607 1 849.05 0.283628 0 0 0 
114000 100 2.09 0 10 33878.5 0 9.9961 1 938.28 0.311309 0 0 0 
115000 100 2.1 0 10 34197.9 0 9.99613 1 919.06 0.304752 0 0 0 
116000 100 2.13 0 10 34535.2 0 9.99617 1 890.22 0.29586 0 0 0 
117000 100 2.01 0 10 34862.3 0 9.9962 1 898.57 0.29763 0 0 0 
118000 100 1.89 0 10 35194.7 0 9.99623 1 870.78 0.284792 0 0 0 
119000 100 1.67 0 10 35505.1 0 9.99626 1 995.64 0.330617 0 0 0 
120000 100 1.91 0 10 35836.3 0 9.9963 1 931.79 0.3093 0 0 0 
121000 100 2.04 0 10 36149.5 0 9.99633 1 811.24 0.269289 0 0 0 
122000 100 1.71 0 10 36482.1 0 9.99636 1 837.65 0.270716 0 0 0 
123000 100 2.2 0 10 36809.3 0 9.99639 1 956.42 0.308888 0 0 0 
124000 100 2.44 0 10 37128.5 0 9.99642 1 933.49 0.296998 0 0 0 
125000 100 1.72 0 10 37461.7 0 9.99644 1 845.93 0.271454 0 0 0 
126000 100 1.83 0 10 37792.6 0 9.99647 1 1079.31 0.350434 0 0 0 
127000 100 2.3 0 10 38144.9 0 9.9965 1 861.09 0.280914 0 0 0 
128000 100 2.16 0 10 38485.4 0 9.99653 1 878.25 0.281505 0 0 0 
129000 100 1.79 0 10 38841.8 0 9.99655 1 918.91 0.295326 0 0 0 
130000 100 2.03 0 10 39166.8 0 9.99658 1 972.91 0.31069 0 0 0 
131000 100 2.04 0 10 39492.8 0 9.99661 1 1004.83 0.320087 0 0 0 
132000 100 2.61 0 10 39805.3 0 9.99663 1 976.18 0.314549 0 0 0 
133000 100 2.3 0 10 40166.3 0 9.99666 1 859.05 0.275932 0 0 0 
134000 100 1.9 0 10 40530 0 9.99668 1 867.8 0.279892 0 0 0 
135000 100 2.32 0 10 40868.9 0 9.99671 1 932.07 0.30223 0 0 0 
136000 100 1.78 0 10 41213 0 9.99673 1 1171.49 0.377623 0 0 0 
137000 100 2.55 0 10 41529.8 0 9.99676 1 934.32 0.298778 0 0 0 
138000 100 1.94 0 10 41906.4 0 9.99678 1 1120.5 0.354809 0 0 0 
139000 100 1.88 0 10 42269.3 0 9.9968 1 942.49 0.299285 0 0 0 
140000 100 2.62 0 10 42614.7 0 9.99683 1 978.45 0.30963 0 0 0 
141000 100 1.69 0 10 42965.2 0 9.99685 1 896.58 0.284902 0 0 0 
142000 100 1.79 0 10 43330.3 0 9.99687 1 837.3 0.263891 0 0 0 
143000 100 1.8 0 10 43696.3 0 9.99689 1 920.18 0.286972 0 0 0 
144000 100 2.05 0 10 44010.4 0 9.99691 1 1067.79 0.332696 0 0 0 
145000 100 2.02 0 10 44308.2 0 9.99693 1 1055.81 0.328549 0 0 0 
146000 100 2.3 0 10 44628.7 0 9.99696 1 897.6 0.278749 0 0 0 
147000 100 1.85 0 10 44967.7 0 9.99698 1 950.31 0.294162 0 0 0 
148000 100 1.66 0 10 45294.1 0 9.997 1 1051.51 0.32592 0 0 0 
149000 100 2.89 0 10 45601.8 0 9.99702 1 921.13 0.281146 0 0 0 
150000 100 2.35 0 10 45920.9 0 9.99704 1 1002.07 0.30143 0 0 0 
151000 100 1.54 0 10 46287 0 9.99706 1 1034.34 0.312868 0 0 0 
152000 100 1.96 0 10 46625.9 0 9.99708 1 870.4 0.265578 0 0 0 
153000 100 2.32 0 10 46961.1 0 9.99709 1 953.35 0.290088 0 0 0 
154000 100 2.55 0 10 47300.5 0 9.99711 1 843.31 0.253132 0 0 0 
155000 100 2.18 0 10 47637.7 0 9.99713 1 1114.73 0.333906 0 0 0 
156000 100 1.3 0 10 47987.8 0 9.99715 1 966.11 0.288161 0 0 0 
157000 100 1.95 0 10 48346.3 0 9.99717 1 988.13 0.291458 0 0 0 
158000 100 2.09 0 10 48700.6 0 9.99719 1 893.61 0.262491 0 0 0 
159000 100 1.94 0 10 49054.5 0 9.9972 1 1005.85 0.295772 0 0 0 
160000 100 2.11 0 10 49400.4 0 9.99722 1 810.83 0.241171 0 0 0 
161000 100 2.43 0 10 49805.9 0 9.99724 1 870.31 0.261347 0 0 0 
162000 100 2.04 0 10 50162.7 0 9.99726 1 970.51 0.289907 0 0 0 
163000 100 1.29 0 10 50509.8 0 9.99727 1 1039.09 0.310894 0 0 0 
164000 100 2.5 0 10 50880.7 0 9.99729 1 790.38 0.235564 0 0 0 
165000 100 1.74 0 10 51227.9 0 9.99731 1 782.35 0.233051 0 0 0 
166000 100 1.65 0 10 51559.3 0 9.99732 1 943.39 0.276273 0 0 0 
167000 100 2.1 0 10 51924.8 0 9.99734 1 1032.78 0.302351 0 0 0 
168000 100 2.68 0 10 52275.3 0 9.99735 1 958.8 0.278043 0 0 0 
169000 100 2.48 0 10 52646.7 0 9.99737 1 977.91 0.284348 0 0 0 
170000 100 2.16 0 10 53007.2 0 9.99739 1 910.1 0.264709 0 0 0 
171000 100 2.51 0 10 53347.4 0 9.9974 1 944.87 0.274904 0 0 0 
172000 100 2.43 0 10 53700.2 0 9.99742 1 965.39 0.279684 0 0 0 
173000 100 1.65 0 10 54035.4 0 9.99743 1 980.38 0.283858 0 0 0 
174000 100 1.84 0 10 54364.5 0 9.99745 1 1019.7 0.296807 0 0 0 
175000 100 2.03 0 10 54685.2 0 9.99746 1 1038.11 0.304295 0 0 0 
176000 100 1.88 0 10 54996.8 0 9.99747 1 768.61 0.221934 0 0 0 
177000 100 2.09 0 10 55334.4 0 9.99749 1 1052.88 0.304512 0 0 0 
178000 100 2.15 0 10 55696.4 0 9.9975 1 931.03 0.266096 0 0 0 
179000 100 1.96 0 10 56043.6 0 9.99752 1 1054.98 0.30058 0 0 0 
180000 100 1.76 0 10 56391.5 0 9.99753 1 1136.61 0.327759 0 0 0 
181000 100 1.99 0 10 56721.3 0 9.99754 1 969.16 0.27867 0 0 0 
182000 100 1.86 0 10 57047.3 0 9.99756 1 1012.26 0.292756 0 0 0 
183000 100 2.16 0 10 57344.3 0 9.99757 1 1077.55 0.315821 0 0 0 
184000 100 2.63 0 10 57685.1 0 9.99758 1 916.04 0.268496 0 0 0 
185000 100 2.15 0 10 58013.2 0 9.9976 1 966.56 0.283565 0 0 0 
186000 100 2.09 0 10 58336.8 0 9.99761 1 885.47 0.258546 0 0 0 
187000 100 2.63 0 10 58671.6 0 9.99762 1 998.12 0.290607 0 0 0 
188000 100 2.71 0 10 59019.7 0 9.99764 1 949.16 0.271285 0 0 0 
189000 100 2.24 0 10 59366.3 0 9.99765 1 1025.94 0.290332 0 0 0 
190000 100 1.76 0 10 59685.3 0 9.99766 1 944 0.267276 0 0 0 
191000 100 1.56 0 10 60019.9 0 9.99767 1 932.86 0.264036 0 0 0 
192000 100 2.01 0 10 60347.5 0 9.99768 1 1142.2 0.323363 0 0 0 
193000 100 1.81 0 10 60689 0 9.9977 1 973.69 0.270369 0 0 0 
194000 100 2.03 0 10 61097.3 0 9.99771 1 840.94 0.234734 0 0 0 
195000 100 2.33 0 10 61452.6 0 9.99772 1 843.12 0.235994 0 0 0 
196000 100 1.35 0 10 61827 0 9.99773 1 786.31 0.219821 0 0 0 
197000 100 1.74 0 10 62197.3 0 9.99774 1 1028.38 0.285161 0 0 0 
198000 100 2.94 0 10 62557.6 0 9.99776 1 1060 0.291789 0 0 0 
199000 100 2.03 0 10 62930.9 0 9.99777 1 792.62 0.217446 0 0 0 
200000 100 2.01 0 10 63292.8 0 9.99778 1 873.49 0.239807 0 0 0 
201000 100 2.15 0 10 63628.2 0 9.99779 1 796.73 0.219778 0 0 0 
202000 100 2.19 0 10 63988.7 0 9.9978 1 855.6 0.235673 0 0 0 
203000 100 2.06 0 10 64336.5 0 9.99781 1 735.4 0.205362 0 0 0 
204000 100 1.61 0 10 64733.5 0 9.99782 1 882.4 0.246047 0 0 0 
205000 100 1.71 0 10 65080.1 0 9.99783 1 748.61 0.210873 0 0 0 
206000 100 1.93 0 10 65463.7 0 9.99784 1 882.08 0.244677 0 0 0 
207000 100 1.89 0 10 65825.9 0 9.99785 1 873.69 0.240104 0 0 0 
208000 100 1.9 0 10 66168.1 0 9.99786 1 931.55 0.256416 0 0 0 
209000 100 2.35 0 10 66493.1 0 9.99787 1 872.43 0.237555 0 0 0 
210000 100 1.8 0 10 66832.8 0 9.99788 1 833.14 0.225852 0 0 0 
211000 100 1.62 0 10 67179.4 0 9.99789 1 767.9 0.209729 0 0 0 
212000 100 2.37 0 10 67529.5 0 9.9979 1 962.46 0.265632 0 0 0 
213000 100 1.96 0 10 67903.2 0 9.99791 1 937.87 0.259403 0 0 0 
214000 100 2.18 0 10 68283.2 0 9.99792 1 935.27 0.259043 0 0 0 
215000 100 1.94 0 10 68641.7 0 9.99793 1 788.43 0.219847 0 0 0 
216000 100 2.2 0 10 69015.1 0 9.99794 1 1013.91 0.285722 0 0 0 
217000 100 1.87 0 10 69377.6 0 9.99795 1 861.77 0.244308 0 0 0 
218000 100 2.08 0 10 69752.6 0 9.99796 1 788.11 0.220762 0 0 0 
219000 100 2.03 0 10 70083.9 0 9.99797 1 1109.88 0.311173 0 0 0 
220000 100 2.28 0 10 70447 0 9.99798 1 823.63 0.230815 0 0 0 
221000 100 2.08 0 10 70829 0 9.99799 1 826.15 0.231021 0 0 0 
222000 100 1.55 0 10 71201.5 0 9.998 1 1010.53 0.282169 0 0 0 
223000 100 1.97 0 10 71576.7 0 9.99801 1 895.02 0.247133 0 0 0 
224000 100 2.99 0 10 71933.1 0 9.99802 1 778.16 0.209864 0 0 0 
225000 100 2.1 0 10 72302 0 9.99802 1 935.85 0.249693 0 0 0 
226000 100 2.28 0 10 72660.1 0 9.99803 1 951.73 0.253665 0 0 0 
227000 100 2.11 0 10 73023.7 0 9.99804 1 993.66 0.26732 0 0 0 
228000 100 1.65 0 10 73388.5 0 9.99805 1 785.81 0.212601 0 0 0 
229000 100 2.1 0 10 73724.8 0 9.99806 1 904.03 0.244655 0 0 0 
230000 100 2.29 0 10 74108.8 0 9.99807 1 843.84 0.22687 0 0 0 
231000 100 2.47 0 10 74474.1 0 9.99808 1 917.5 0.244934 0 0 0 
232000 100 1.65 0 10 74821.3 0 9.99808 1 853.3 0.229578 0 0 0 
233000 100 2.27 0 10 75175.1 0 9.99809 1 869.42 0.234447 0 0 0 
234000 100 2.22 0 10 75534.2 0 9.9981 1 820.71 0.218904 0 0 0 
235000 100 2.16 0 10 75891.5 0 9.99811 1 863.51 0.228215 0 0 0 
236000 100 2.14 0 10 76269.4 0 9.99812 1 922.61 0.240336 0 0 0 
237000 100 1.83 0 10 76612 0 9.99812 1 896.3 0.234439 0 0 0 
238000 100 1.94 0 10 76941.7 0 9.99813 1 872.63 0.223791 0 0 0 
239000 100 2.32 0 10 77270.6 0 9.99814 1 904.39 0.228256 0 0 0 
240000 100 2.27 0 10 77652.3 0 9.99815 1 1028.79 0.261594 0 0 0 
241000 100 2.15 0 10 78007.9 0 9.99816 1 949.84 0.240787 0 0 0 
242000 100 1.89 0 10 78365.5 0 9.99816 1 966.11 0.243694 0 0 0 
243000 100 2.18 0 10 78705.4 0 9.99817 1 894.54 0.226063 0 0 0 
244000 100 1.79 0 10 79058 0 9.99818 1 897.19 0.222613 0 0 0 
245000 100 1.86 0 10 79391.8 0 9.99819 1 962.46 0.241207 0 0 0 
246000 100 2.31 0 10 79738.3 0 9.99819 1 1041.5 0.25923 0 0 0 
247000 100 1.57 0 10 80090.1 0 9.9982 1 940.71 0.234588 0 0 0 
248000 100 2.25 0 10 80437.8 0 9.99821 1 861.91 0.21519 0 0 0 
249000 100 1.97 0 10 80767.3 0 9.99821 1 1189.53 0.298181 0 0 0 
250000 100 2.32 0 10 81134.3 0 9.99822 1 858.86 0.215975 0 0 0 