# Avida Average Deme Data
# Thu Apr 17 11:50:11 2014
#  1: Update
#  2: Count
#  3: Age
#  4: Births
#  5: Organisms
#  6: Generation
#  7: Births (at last replication)
#  8: Organisms (at last replication)
#  9: Merit
# 10: Gestation Time
# 11: Time Used (normalized by org fitness)
# 12: Generations between current and last founders
# 13: Events killed
# 14: Attempts to kill event

0 100 0 0 1 0 0 0 1 0 0 0 0 0 
1000 100 23.88 0 10 21.59 0 9.56853 1 13470.4 11.5925 0 0 0 
2000 100 22.23 0 10 45.25 0 9.78416 1 12753.8 11.0307 0 0 0 
3000 100 21.77 0 10 67.5 0 9.85608 1 12851.7 11.0927 0 0 0 
4000 100 22.66 0 10 91.07 0 9.89205 1 14131.7 12.187 0 0 0 
5000 100 22.9 0 10 115.43 0 9.91364 1 11895.8 10.2337 0 0 0 
6000 100 18.57 0 10 142.67 0 9.92803 1 14764.8 12.5913 0 0 0 
7000 100 20.37 0 10 170.56 0 9.93831 1 13228.3 11.2269 0 0 0 
8000 100 21.4 0 10 197.3 0 9.94602 1 12311.2 10.3687 0 0 0 
9000 100 22.82 0 10 224.73 0 9.95202 1 12380.7 10.2374 0 0 0 
10000 100 19.38 0 10 254.02 0 9.95681 1 11300.6 9.32985 0 0 0 
11000 100 20.68 0 10 277.69 0 9.96074 1 14652.9 12.1002 0 0 0 
12000 100 21.07 0 10 307.75 0 9.96401 1 12128 10.0213 0 0 0 
13000 100 29.52 0 10 332.03 0 9.96678 1 11406.4 9.37585 0 0 0 
14000 100 18.86 0 10 359.42 0 9.96915 1 11518.3 9.38599 0 0 0 
15000 100 23.8 0 10 385.42 0 9.97121 1 11845 9.50237 0 0 0 
16000 100 21.34 0 10 409.83 0 9.97301 1 13297.7 10.6114 0 0 0 
17000 100 17.65 0 10 438.57 0 9.9746 1 12048.6 9.73169 0 0 0 
18000 100 17.15 0 10 469.13 0 9.97601 1 10937.5 8.85225 0 0 0 
19000 100 19.84 0 10 503.08 0 9.97727 1 10304.9 8.34893 0 0 0 
20000 100 17.38 0 10 535.17 0 9.97841 1 10625.7 8.58753 0 0 0 
21000 100 17.62 0 10 565.17 0 9.97943 1 10067.5 8.04251 0 0 0 
22000 100 22.15 0 10 593.86 0 9.98037 1 11308 9.1285 0 0 0 
23000 100 16.92 0 10 623.4 0 9.98122 1 9811.66 7.93395 0 0 0 
24000 100 17.05 0 10 653.51 0 9.982 1 9438.5 7.70201 0 0 0 
25000 100 18.33 0 10 684.73 0 9.98272 1 9609.8 7.93691 0 0 0 
26000 100 15.6 0 10 724.75 0 9.98339 1 8628.01 7.3593 0 0 0 
27000 100 14.83 0 10 760.64 0 9.984 1 8407.19 7.0874 0 0 0 
28000 100 17.44 0 10 800.22 0 9.98458 1 8969.79 7.5623 0 0 0 
29000 100 14.19 0 10 836.5 0 9.98511 1 8001.88 6.71406 0 0 0 
30000 100 15.41 0 10 867.13 0 9.9856 1 8680.49 7.25366 0 0 0 
31000 100 13.66 0 10 901.6 0 9.98607 1 8412.08 7.06423 0 0 0 
32000 100 16.07 0 10 935.72 0 9.9865 1 8732.04 7.23446 0 0 0 
33000 100 14.95 0 10 970.01 0 9.98691 1 8534.91 7.06818 0 0 0 
34000 100 16.41 0 10 1006.7 0 9.9873 1 8851.72 7.34661 0 0 0 
35000 100 14.74 0 10 1040.85 0 9.98766 1 8172.72 6.76706 0 0 0 
36000 100 18.62 0 10 1076.89 0 9.988 1 8814.21 7.26179 0 0 0 
37000 100 15.06 0 10 1114.6 0 9.98833 1 8292.38 6.86097 0 0 0 
38000 100 13.41 0 10 1148.56 0 9.98863 1 8896.19 7.20868 0 0 0 
39000 100 16.7 0 10 1182.87 0 9.98893 1 8254.7 6.67022 0 0 0 
40000 100 18.73 0 10 1218.79 0 9.9892 1 8130.43 6.56878 0 0 0 
41000 100 15.88 0 10 1251.51 0 9.98947 1 8927.21 7.30366 0 0 0 
42000 100 18.32 0 10 1285.79 0 9.98972 1 8651.15 6.96232 0 0 0 
43000 100 20.02 0 10 1321.39 0 9.98996 1 9626.91 7.77663 0 0 0 
44000 100 15.69 0 10 1357.9 0 9.99018 1 8362.76 6.68447 0 0 0 
45000 100 16.96 0 10 1395.5 0 9.9904 1 8451.08 6.72022 0 0 0 
46000 100 14.93 0 10 1430.75 0 9.99061 1 9597.21 7.59392 0 0 0 
47000 100 14.61 0 10 1468.9 0 9.99081 1 8030.95 6.33283 0 0 0 
48000 100 14.15 0 10 1510.05 0 9.991 1 8517.66 6.56487 0 0 0 
49000 100 16.01 0 10 1552.06 0 9.99119 1 9232.29 6.94224 0 0 0 
50000 100 15.05 0 10 1586.91 0 9.99136 1 8730.91 6.57376 0 0 0 
51000 100 17.19 0 10 1620.71 0 9.99153 1 8499.55 6.4038 0 0 0 
52000 100 14.56 0 10 1656.5 0 9.99169 1 9056.25 6.76998 0 0 0 
53000 100 15.79 0 10 1690.68 0 9.99185 1 8271.89 6.10238 0 0 0 
54000 100 19.27 0 10 1725.8 0 9.992 1 9353.18 6.85321 0 0 0 
55000 100 15.82 0 10 1761.31 0 9.99215 1 8805.82 6.4222 0 0 0 
56000 100 13.76 0 10 1794.75 0 9.99229 1 8361.36 6.11937 0 0 0 
57000 100 13.73 0 10 1829.02 0 9.99242 1 7408.76 5.41015 0 0 0 
58000 100 15.73 0 10 1863.78 0 9.99255 1 9902.38 7.21168 0 0 0 
59000 100 15.66 0 10 1901.12 0 9.99268 1 8932.46 6.44334 0 0 0 
60000 100 15.94 0 10 1937.58 0 9.9928 1 7714.74 5.52022 0 0 0 
61000 100 15.03 0 10 1973.91 0 9.99292 1 8407.47 5.98295 0 0 0 
62000 100 14.19 0 10 2008.94 0 9.99303 1 7694.87 5.47284 0 0 0 
63000 100 15.58 0 10 2040.83 0 9.99314 1 8276.47 5.86475 0 0 0 
64000 100 18.93 0 10 2074.56 0 9.99325 1 9127.97 6.46654 0 0 0 
65000 100 15.32 0 10 2110.07 0 9.99336 1 8921.61 6.30244 0 0 0 
66000 100 18.46 0 10 2145.63 0 9.99346 1 8811.45 6.26087 0 0 0 
67000 100 17.27 0 10 2181.39 0 9.99355 1 8515.18 6.00981 0 0 0 
68000 100 14.58 0 10 2216.03 0 9.99365 1 8901.35 6.24991 0 0 0 
69000 100 16.29 0 10 2252.24 0 9.99374 1 8030.47 5.62127 0 0 0 
70000 100 16.77 0 10 2289.27 0 9.99383 1 7883.38 5.44084 0 0 0 
71000 100 16.02 0 10 2324.61 0 9.99392 1 9789.64 6.70562 0 0 0 
72000 100 16.05 0 10 2361.37 0 9.994 1 8965.47 6.15099 0 0 0 
73000 100 18.86 0 10 2396.84 0 9.99408 1 9197 6.29498 0 0 0 
74000 100 15.46 0 10 2433.86 0 9.99416 1 8599.82 5.90362 0 0 0 
75000 100 16.97 0 10 2468.57 0 9.99424 1 9689.6 6.66794 0 0 0 
76000 100 16.2 0 10 2505.29 0 9.99432 1 8821.87 6.01643 0 0 0 
77000 100 14.39 0 10 2539.38 0 9.99439 1 8357.38 5.64911 0 0 0 
78000 100 17.16 0 10 2576.34 0 9.99446 1 9815.76 6.5911 0 0 0 
79000 100 17.2 0 10 2611.54 0 9.99453 1 9093.26 6.08005 0 0 0 
80000 100 17.83 0 10 2647.66 0 9.9946 1 8284.9 5.51346 0 0 0 
81000 100 19.48 0 10 2683.12 0 9.99467 1 8477.2 5.53419 0 0 0 
82000 100 12.79 0 10 2757.16 0 9.99473 1 4510.91 2.99795 0 0 0 
83000 100 7.18 0 10 2872.56 0 9.9948 1 2833.19 1.88921 0 0 0 
84000 100 6.4 0 10 2997.6 0 9.99486 1 2455.61 1.64327 0 0 0 
85000 100 6.14 0 10 3133.65 0 9.99492 1 2449.42 1.62519 0 0 0 
86000 100 6.41 0 10 3249.94 0 9.99498 1 2457.03 1.60986 0 0 0 
87000 100 6.24 0 10 3394.85 0 9.99504 1 1946.48 1.26035 0 0 0 
88000 100 4.69 0 10 3562.86 0 9.99509 1 1733.53 1.13439 0 0 0 
89000 100 3.25 0 10 3805.6 0 9.99515 1 1153 0.74078 0 0 0 
90000 100 2.67 0 10 4065.89 0 9.9952 1 1056.9 0.686148 0 0 0 
91000 100 2.41 0 10 4313.09 0 9.99525 1 1357.89 0.872953 0 0 0 
92000 100 2.24 0 10 4572.63 0 9.99531 1 1124.7 0.715447 0 0 0 
93000 100 1.91 0 10 4896.8 0 9.99536 1 1041.11 0.64881 0 0 0 
94000 100 1.8 0 10 5214.72 0 9.99541 1 1002.96 0.627066 0 0 0 
95000 100 1.64 0 10 5539.68 0 9.99545 1 966.13 0.586657 0 0 0 
96000 100 1.93 0 10 5855.1 0 9.9955 1 970.13 0.570375 0 0 0 
97000 100 1.94 0 10 6152.24 0 9.99555 1 1023.21 0.601783 0 0 0 
98000 100 1.45 0 10 6466.08 0 9.99559 1 1038.6 0.596137 0 0 0 
99000 100 1.77 0 10 6775.67 0 9.99564 1 1097.1 0.620227 0 0 0 
100000 100 1.72 0 10 7087.5 0 9.99568 1 1156.95 0.658972 0 0 0 
101000 100 1.57 0 10 7433.52 0 9.99572 1 970.49 0.538842 0 0 0 
102000 100 1.75 0 10 7761.02 0 9.99577 1 956.52 0.522147 0 0 0 
103000 100 1.65 0 10 8075.37 0 9.99581 1 1059.61 0.563195 0 0 0 
104000 100 2.33 0 10 8381.88 0 9.99585 1 1163.68 0.615632 0 0 0 
105000 100 1.85 0 10 8704.92 0 9.99589 1 982.16 0.504235 0 0 0 
106000 100 1.69 0 10 9027.32 0 9.99593 1 983.53 0.493762 0 0 0 
107000 100 1.44 0 10 9384.89 0 9.99596 1 992.68 0.496855 0 0 0 
108000 100 1.62 0 10 9757.43 0 9.996 1 965.82 0.490529 0 0 0 
109000 100 1.41 0 10 10103.4 0 9.99604 1 844.35 0.427795 0 0 0 
110000 100 1.87 0 10 10452.8 0 9.99607 1 805.71 0.409736 0 0 0 
111000 100 1.88 0 10 10833.5 0 9.99611 1 841.87 0.422593 0 0 0 
112000 100 0.98 0 10 11191 0 9.99614 1 808.44 0.397652 0 0 0 
113000 100 1.6 0 10 11550.9 0 9.99618 1 850.35 0.422552 0 0 0 
114000 100 1.53 0 10 11906.5 0 9.99621 1 955.77 0.469517 0 0 0 
115000 100 1.81 0 10 12277.1 0 9.99624 1 815.65 0.397498 0 0 0 
116000 100 1.48 0 10 12663 0 9.99628 1 855.21 0.411218 0 0 0 
117000 100 1.48 0 10 13021.4 0 9.99631 1 805.74 0.383824 0 0 0 
118000 100 1.39 0 10 13391 0 9.99634 1 837.68 0.399745 0 0 0 
119000 100 1.59 0 10 13760.2 0 9.99637 1 946.7 0.43737 0 0 0 
120000 100 1.63 0 10 14123.4 0 9.9964 1 839.18 0.394706 0 0 0 
121000 100 1.34 0 10 14488.4 0 9.99643 1 850.81 0.400768 0 0 0 
122000 100 1.41 0 10 14871.7 0 9.99646 1 926.17 0.442407 0 0 0 
123000 100 1.9 0 10 15213 0 9.99649 1 791.11 0.378726 0 0 0 
124000 100 1.85 0 10 15570.1 0 9.99652 1 913.88 0.432546 0 0 0 
125000 100 1.87 0 10 15897 0 9.99654 1 1063.6 0.501818 0 0 0 
126000 100 2.2 0 10 16202.8 0 9.99657 1 991.27 0.475974 0 0 0 
127000 100 1.68 0 10 16509.5 0 9.9966 1 1085.49 0.519368 0 0 0 
128000 100 1.64 0 10 16832.9 0 9.99663 1 1032.66 0.481711 0 0 0 
129000 100 1.48 0 10 17151.1 0 9.99665 1 956.49 0.434526 0 0 0 
130000 100 1.79 0 10 17476.6 0 9.99668 1 1056.6 0.485858 0 0 0 
131000 100 1.45 0 10 17823.9 0 9.9967 1 1050.05 0.478533 0 0 0 
132000 100 1.75 0 10 18174.1 0 9.99673 1 1069.49 0.479282 0 0 0 
133000 100 1.62 0 10 18505.9 0 9.99675 1 1098.7 0.491498 0 0 0 
134000 100 1.71 0 10 18842.3 0 9.99678 1 897.2 0.385283 0 0 0 
135000 100 2.14 0 10 19183.4 0 9.9968 1 994.84 0.429979 0 0 0 
136000 100 1.47 0 10 19578.5 0 9.99682 1 885.49 0.37515 0 0 0 
137000 100 1.64 0 10 19941 0 9.99685 1 855.15 0.353511 0 0 0 
138000 100 1.33 0 10 20295 0 9.99687 1 954.36 0.391411 0 0 0 
139000 100 1.53 0 10 20654.2 0 9.99689 1 941.69 0.39509 0 0 0 
140000 100 1.82 0 10 21012.1 0 9.99692 1 861.2 0.360546 0 0 0 
141000 100 1.49 0 10 21350.9 0 9.99694 1 910.39 0.374646 0 0 0 
142000 100 1.82 0 10 21686 0 9.99696 1 823.94 0.337151 0 0 0 
143000 100 2.06 0 10 22046.7 0 9.99698 1 844.94 0.343541 0 0 0 
144000 100 1.79 0 10 22409.2 0 9.997 1 842 0.330652 0 0 0 
145000 100 1.97 0 10 22789.7 0 9.99702 1 865.77 0.335506 0 0 0 
146000 100 1.89 0 10 23140.2 0 9.99704 1 881.25 0.341092 0 0 0 
147000 100 2.03 0 10 23507.1 0 9.99706 1 909.12 0.351199 0 0 0 
148000 100 1.34 0 10 23862 0 9.99708 1 792.14 0.302154 0 0 0 
149000 100 1.33 0 10 24229.2 0 9.9971 1 861.15 0.32266 0 0 0 
150000 100 1.57 0 10 24581 0 9.99712 1 882.42 0.333208 0 0 0 
151000 100 1.62 0 10 24947.5 0 9.99714 1 829.88 0.310137 0 0 0 
152000 100 1.56 0 10 25348.5 0 9.99716 1 858.83 0.31705 0 0 0 
153000 100 1.88 0 10 25699 0 9.99718 1 1219.64 0.45828 0 0 0 
154000 100 1.95 0 10 26059.3 0 9.9972 1 832.9 0.313311 0 0 0 
155000 100 1.63 0 10 26416.4 0 9.99721 1 822.5 0.306294 0 0 0 
156000 100 1.62 0 10 26773.4 0 9.99723 1 914.1 0.340734 0 0 0 
157000 100 1.73 0 10 27103.9 0 9.99725 1 860.11 0.317053 0 0 0 
158000 100 1.53 0 10 27459.7 0 9.99727 1 838.21 0.305782 0 0 0 
159000 100 1.75 0 10 27825.5 0 9.99728 1 832.74 0.302118 0 0 0 
160000 100 1.59 0 10 28173.2 0 9.9973 1 941.35 0.339482 0 0 0 
161000 100 1.87 0 10 28544.5 0 9.99732 1 865.42 0.314066 0 0 0 
162000 100 1.71 0 10 28919.7 0 9.99733 1 880.38 0.318162 0 0 0 
163000 100 1.62 0 10 29268.7 0 9.99735 1 901.9 0.326935 0 0 0 
164000 100 1.9 0 10 29641.4 0 9.99737 1 913.27 0.329294 0 0 0 
165000 100 1.49 0 10 30016.2 0 9.99738 1 810.7 0.292589 0 0 0 
166000 100 1.72 0 10 30395.5 0 9.9974 1 800.05 0.288112 0 0 0 
167000 100 1.51 0 10 30772.6 0 9.99741 1 779.69 0.279879 0 0 0 
168000 100 1.51 0 10 31141.9 0 9.99743 1 826.88 0.298278 0 0 0 
169000 100 1.35 0 10 31495.4 0 9.99744 1 770.72 0.283892 0 0 0 
170000 100 1.59 0 10 31885.4 0 9.99746 1 881.07 0.328793 0 0 0 
171000 100 1.71 0 10 32252.9 0 9.99747 1 904.5 0.337675 0 0 0 
172000 100 1.43 0 10 32612 0 9.99749 1 822.64 0.307823 0 0 0 
173000 100 1.45 0 10 32971.2 0 9.9975 1 808.06 0.302854 0 0 0 
174000 100 2.03 0 10 33330 0 9.99752 1 820.05 0.305835 0 0 0 
175000 100 1.73 0 10 33678 0 9.99753 1 813.9 0.304978 0 0 0 
176000 100 1.67 0 10 34049.2 0 9.99755 1 858.12 0.310808 0 0 0 
177000 100 1.72 0 10 34377.5 0 9.99756 1 950.8 0.346787 0 0 0 
178000 100 1.13 0 10 34738.3 0 9.99757 1 933.9 0.344529 0 0 0 
179000 100 1.31 0 10 35100.9 0 9.99759 1 862.46 0.311528 0 0 0 
180000 100 2.03 0 10 35439.7 0 9.9976 1 847.7 0.302988 0 0 0 
181000 100 1.55 0 10 35804.9 0 9.99761 1 852.12 0.298881 0 0 0 
182000 100 1.57 0 10 36179.6 0 9.99763 1 868.74 0.301669 0 0 0 
183000 100 1.43 0 10 36527.1 0 9.99764 1 825.49 0.28537 0 0 0 
184000 100 1.56 0 10 36850.7 0 9.99765 1 943.17 0.3279 0 0 0 
185000 100 1.9 0 10 37197.8 0 9.99767 1 914.29 0.31971 0 0 0 
186000 100 2.27 0 10 37554.4 0 9.99768 1 840.42 0.289846 0 0 0 
187000 100 1.75 0 10 37918 0 9.99769 1 844.38 0.295087 0 0 0 
188000 100 1.81 0 10 38274.3 0 9.9977 1 777.04 0.271571 0 0 0 
189000 100 1.71 0 10 38635.6 0 9.99771 1 834.62 0.293602 0 0 0 
190000 100 1.26 0 10 38990.2 0 9.99773 1 825.32 0.291826 0 0 0 
191000 100 1.39 0 10 39357.2 0 9.99774 1 823.01 0.289147 0 0 0 
192000 100 1.63 0 10 39736.1 0 9.99775 1 919.5 0.323209 0 0 0 
193000 100 1.7 0 10 40128.7 0 9.99776 1 802.13 0.277038 0 0 0 
194000 100 2.02 0 10 40502.9 0 9.99777 1 878.34 0.298653 0 0 0 
195000 100 1.63 0 10 40860.5 0 9.99779 1 850.51 0.286664 0 0 0 
196000 100 1.29 0 10 41205.5 0 9.9978 1 888.05 0.302451 0 0 0 
197000 100 1.46 0 10 41551.6 0 9.99781 1 866.35 0.295992 0 0 0 
198000 100 1.49 0 10 41946.1 0 9.99782 1 687.02 0.232593 0 0 0 
199000 100 1.83 0 10 42313.5 0 9.99783 1 805.23 0.271863 0 0 0 
200000 100 1.49 0 10 42678.1 0 9.99784 1 832.85 0.277921 0 0 0 
201000 100 1.7 0 10 43051.7 0 9.99785 1 970.58 0.319749 0 0 0 
202000 100 2.06 0 10 43416.3 0 9.99786 1 709.45 0.235333 0 0 0 
203000 100 1.83 0 10 43758.3 0 9.99787 1 848.75 0.276534 0 0 0 
204000 100 1.74 0 10 44118.5 0 9.99788 1 980.16 0.315165 0 0 0 
205000 100 1.61 0 10 44445.7 0 9.99789 1 817.1 0.262304 0 0 0 
206000 100 1.48 0 10 44800.8 0 9.9979 1 776.17 0.250136 0 0 0 
207000 100 1.44 0 10 45183.9 0 9.99791 1 784.84 0.24661 0 0 0 
208000 100 1.95 0 10 45535.1 0 9.99792 1 838.53 0.260057 0 0 0 
209000 100 1.45 0 10 45915.3 0 9.99793 1 897.76 0.281506 0 0 0 
210000 100 1.19 0 10 46299.8 0 9.99794 1 861.23 0.272163 0 0 0 
211000 100 1.5 0 10 46683.3 0 9.99795 1 821.46 0.261217 0 0 0 
212000 100 1.95 0 10 47068.9 0 9.99796 1 742.9 0.237537 0 0 0 
213000 100 1.44 0 10 47439.7 0 9.99797 1 755.14 0.239979 0 0 0 
214000 100 1.74 0 10 47816.2 0 9.99798 1 841.16 0.265042 0 0 0 
215000 100 1.36 0 10 48177.6 0 9.99799 1 845.3 0.262711 0 0 0 
216000 100 1.4 0 10 48558.1 0 9.998 1 912.54 0.284537 0 0 0 
217000 100 1.46 0 10 48941.9 0 9.99801 1 776.6 0.240891 0 0 0 
218000 100 1.59 0 10 49322.1 0 9.99802 1 858.27 0.263335 0 0 0 
219000 100 1.42 0 10 49683 0 9.99803 1 809.2 0.245795 0 0 0 
220000 100 1.84 0 10 50073.6 0 9.99804 1 897.02 0.270764 0 0 0 
221000 100 1.61 0 10 50443.8 0 9.99805 1 857.22 0.258208 0 0 0 
222000 100 1.46 0 10 50796.9 0 9.99805 1 841.77 0.253127 0 0 0 
223000 100 1.61 0 10 51181.9 0 9.99806 1 715.17 0.215233 0 0 0 
224000 100 2 0 10 51551.8 0 9.99807 1 754.7 0.222477 0 0 0 
225000 100 1.56 0 10 51934.4 0 9.99808 1 768.62 0.225805 0 0 0 
226000 100 1.48 0 10 52312.2 0 9.99809 1 831.66 0.238117 0 0 0 
227000 100 1.69 0 10 52693.7 0 9.9981 1 950.69 0.267795 0 0 0 
228000 100 1.29 0 10 53071.7 0 9.99811 1 860.09 0.244431 0 0 0 
229000 100 1.72 0 10 53455.4 0 9.99811 1 877 0.252164 0 0 0 
230000 100 1.96 0 10 53831.7 0 9.99812 1 997.75 0.284866 0 0 0 
231000 100 1.77 0 10 54191.7 0 9.99813 1 747.92 0.216495 0 0 0 
232000 100 1.88 0 10 54567.4 0 9.99814 1 899.88 0.262392 0 0 0 
233000 100 1.63 0 10 54958.5 0 9.99815 1 697.84 0.200881 0 0 0 
234000 100 1.48 0 10 55338 0 9.99815 1 771.89 0.220685 0 0 0 
235000 100 1.25 0 10 55733.2 0 9.99816 1 911.5 0.259027 0 0 0 
236000 100 1.57 0 10 56116.6 0 9.99817 1 828.12 0.236903 0 0 0 
237000 100 1.56 0 10 56473.8 0 9.99818 1 667.76 0.190844 0 0 0 
238000 100 1.68 0 10 56865.1 0 9.99819 1 729.49 0.206828 0 0 0 
239000 100 1.56 0 10 57225.8 0 9.99819 1 946.79 0.267278 0 0 0 
240000 100 1.44 0 10 57597.8 0 9.9982 1 814.09 0.226261 0 0 0 
241000 100 1.57 0 10 57954.6 0 9.99821 1 818.1 0.229363 0 0 0 
242000 100 1.71 0 10 58341.2 0 9.99822 1 876.58 0.244284 0 0 0 
243000 100 1.78 0 10 58707.6 0 9.99822 1 786.97 0.222576 0 0 0 
244000 100 1.27 0 10 59077.7 0 9.99823 1 761.48 0.2138 0 0 0 
245000 100 1.96 0 10 59442.3 0 9.99824 1 854.35 0.235943 0 0 0 
246000 100 2.04 0 10 59828.3 0 9.99824 1 855.95 0.233117 0 0 0 
247000 100 2.08 0 10 60189.2 0 9.99825 1 872.53 0.237933 0 0 0 
248000 100 1.58 0 10 60556 0 9.99826 1 816.26 0.222733 0 0 0 
249000 100 1.57 0 10 60921 0 9.99827 1 904.71 0.242228 0 0 0 
250000 100 2.01 0 10 61280.1 0 9.99827 1 754.52 0.200433 0 0 0 