# Avida Average Deme Data
# Fri Apr 18 17:09:23 2014
#  1: Update
#  2: Count
#  3: Age
#  4: Births
#  5: Organisms
#  6: Generation
#  7: Births (at last replication)
#  8: Organisms (at last replication)
#  9: Merit
# 10: Gestation Time
# 11: Time Used (normalized by org fitness)
# 12: Generations between current and last founders
# 13: Events killed
# 14: Attempts to kill event

0 100 0 0 1 0 0 0 1 0 0 0 0 0 
1000 100 25.28 0 10 21.5 0 9.52697 1 14522.2 12.5076 0 0 0 
2000 100 20.98 0 10 48.14 0 9.76337 1 13214 11.3332 0 0 0 
3000 100 19.8 0 10 80.39 0 9.84222 1 11217.9 9.52207 0 0 0 
4000 100 22.14 0 10 105.7 0 9.88165 1 12011.5 10.2159 0 0 0 
5000 100 23.65 0 10 133.97 0 9.90532 1 10814.7 9.16799 0 0 0 
6000 100 18.24 0 10 160.58 0 9.9211 1 11765.4 9.89939 0 0 0 
7000 100 18.94 0 10 187.72 0 9.93237 1 11019 8.91599 0 0 0 
8000 100 20.41 0 10 219.03 0 9.94082 1 9471.3 7.58106 0 0 0 
9000 100 12.24 0 10 255.7 0 9.94739 1 10652.5 8.3753 0 0 0 
10000 100 15.22 0 10 288.84 0 9.95265 1 9832.88 7.68636 0 0 0 
11000 100 17.66 0 10 322.38 0 9.95696 1 8086.95 6.26774 0 0 0 
12000 100 14.7 0 10 356.3 0 9.96054 1 8414.89 6.51242 0 0 0 
13000 100 14.06 0 10 391.42 0 9.96358 1 7380.54 5.72318 0 0 0 
14000 100 9.87 0 10 452.08 0 9.96618 1 5546.98 4.21632 0 0 0 
15000 100 11.35 0 10 509.31 0 9.96844 1 5408.06 4.12278 0 0 0 
16000 100 8.76 0 10 563.83 0 9.97041 1 5434.78 4.18252 0 0 0 
17000 100 10.69 0 10 622.83 0 9.97215 1 5518.84 4.22516 0 0 0 
18000 100 10.58 0 10 683.23 0 9.9737 1 5246.91 3.98281 0 0 0 
19000 100 9.15 0 10 739.95 0 9.97508 1 5939.16 4.47314 0 0 0 
20000 100 9.67 0 10 803.67 0 9.97633 1 5355.94 4.02271 0 0 0 
21000 100 8.39 0 10 863.67 0 9.97745 1 4796.41 3.63488 0 0 0 
22000 100 10.17 0 10 925.24 0 9.97848 1 5201.09 3.93314 0 0 0 
23000 100 9.43 0 10 985.37 0 9.97941 1 4957.05 3.70286 0 0 0 
24000 100 8.97 0 10 1044.43 0 9.98027 1 4804.31 3.55511 0 0 0 
25000 100 10.4 0 10 1107.27 0 9.98106 1 5034.3 3.66701 0 0 0 
26000 100 8.56 0 10 1169.05 0 9.98179 1 4954.5 3.56782 0 0 0 
27000 100 9.59 0 10 1235.21 0 9.98246 1 4960.11 3.44217 0 0 0 
28000 100 9.15 0 10 1298.31 0 9.98309 1 5325.07 3.64059 0 0 0 
29000 100 9.74 0 10 1360.4 0 9.98367 1 5385.64 3.62668 0 0 0 
30000 100 10.34 0 10 1419.32 0 9.98422 1 4878.18 3.26876 0 0 0 
31000 100 8.94 0 10 1476.83 0 9.98473 1 5106.53 3.4305 0 0 0 
32000 100 8.25 0 10 1532.5 0 9.9852 1 4715.64 3.143 0 0 0 
33000 100 8.43 0 10 1595.65 0 9.98565 1 4810.54 3.20211 0 0 0 
34000 100 11.24 0 10 1660.31 0 9.98607 1 5171.14 3.45116 0 0 0 
35000 100 12.07 0 10 1721.93 0 9.98647 1 4851.2 3.20273 0 0 0 
36000 100 7.22 0 10 1786.59 0 9.98685 1 4969.53 3.20876 0 0 0 
37000 100 9.25 0 10 1848.17 0 9.9872 1 5152.32 3.27988 0 0 0 
38000 100 6.32 0 10 1924.06 0 9.98754 1 2137.8 1.33793 0 0 0 
39000 100 3.35 0 10 2125.77 0 9.98786 1 1545.29 0.98346 0 0 0 
40000 100 3.2 0 10 2393.17 0 9.98816 1 1034.57 0.663243 0 0 0 
41000 100 2.98 0 10 2715.13 0 9.98845 1 932.75 0.611438 0 0 0 
42000 100 2.22 0 10 3030.3 0 9.98873 1 1010.74 0.647604 0 0 0 
43000 100 2.39 0 10 3367.6 0 9.98899 1 917.38 0.583669 0 0 0 
44000 100 1.9 0 10 3712.76 0 9.98924 1 773.86 0.483124 0 0 0 
45000 100 2.43 0 10 4036.18 0 9.98948 1 910.88 0.557984 0 0 0 
46000 100 2.87 0 10 4350.18 0 9.98971 1 858.37 0.512866 0 0 0 
47000 100 2.37 0 10 4678.97 0 9.98993 1 793.82 0.457204 0 0 0 
48000 100 2.29 0 10 4978.87 0 9.99014 1 886.01 0.515495 0 0 0 
49000 100 2 0 10 5335.47 0 9.99034 1 999.33 0.578573 0 0 0 
50000 100 2.1 0 10 5679.1 0 9.99053 1 799.59 0.463944 0 0 0 
51000 100 1.97 0 10 6032.92 0 9.99072 1 991.94 0.581614 0 0 0 
52000 100 1.69 0 10 6395.24 0 9.99089 1 828.32 0.474655 0 0 0 
53000 100 1.65 0 10 6757.13 0 9.99107 1 875.72 0.495521 0 0 0 
54000 100 1.82 0 10 7120.26 0 9.99123 1 793.52 0.44302 0 0 0 
55000 100 1.64 0 10 7497.87 0 9.99139 1 813.19 0.453452 0 0 0 
56000 100 2.2 0 10 7848.13 0 9.99154 1 910.53 0.508268 0 0 0 
57000 100 2.06 0 10 8185.1 0 9.99169 1 864.35 0.485332 0 0 0 
58000 100 1.83 0 10 8559.04 0 9.99184 1 866.85 0.486176 0 0 0 
59000 100 2.07 0 10 8936.77 0 9.99197 1 860.85 0.474934 0 0 0 
60000 100 1.77 0 10 9297.39 0 9.99211 1 853.42 0.47095 0 0 0 
61000 100 2.13 0 10 9670.08 0 9.99224 1 776.79 0.431636 0 0 0 
62000 100 1.59 0 10 10013.7 0 9.99236 1 868.77 0.490129 0 0 0 
63000 100 1.53 0 10 10395 0 9.99248 1 925.83 0.513894 0 0 0 
64000 100 1.67 0 10 10773.8 0 9.9926 1 829.46 0.45687 0 0 0 
65000 100 2.11 0 10 11165.4 0 9.99272 1 877.18 0.484627 0 0 0 
66000 100 2.05 0 10 11530.1 0 9.99283 1 901.66 0.490345 0 0 0 
67000 100 2.36 0 10 11891.2 0 9.99293 1 687.52 0.370794 0 0 0 
68000 100 1.52 0 10 12267.1 0 9.99304 1 819.55 0.438878 0 0 0 
69000 100 1.86 0 10 12634.3 0 9.99314 1 909.33 0.483069 0 0 0 
70000 100 1.95 0 10 13009.5 0 9.99324 1 771.51 0.404537 0 0 0 
71000 100 1.8 0 10 13404.3 0 9.99333 1 828.07 0.437036 0 0 0 
72000 100 1.79 0 10 13784.8 0 9.99342 1 832.4 0.433481 0 0 0 
73000 100 2.05 0 10 14154.8 0 9.99351 1 832.96 0.4307 0 0 0 
74000 100 2.17 0 10 14521.4 0 9.9936 1 799.23 0.408782 0 0 0 
75000 100 1.73 0 10 14890 0 9.99369 1 851.51 0.443968 0 0 0 
76000 100 2.12 0 10 15259.4 0 9.99377 1 983.85 0.504392 0 0 0 
77000 100 1.77 0 10 15629.8 0 9.99385 1 865.04 0.441169 0 0 0 
78000 100 1.76 0 10 16021.5 0 9.99393 1 769.09 0.392963 0 0 0 
79000 100 1.8 0 10 16369.9 0 9.99401 1 744.57 0.375313 0 0 0 
80000 100 1.93 0 10 16736.9 0 9.99408 1 868.86 0.419482 0 0 0 
81000 100 1.56 0 10 17108.2 0 9.99415 1 873 0.423071 0 0 0 
82000 100 1.79 0 10 17497.1 0 9.99423 1 935.38 0.441565 0 0 0 
83000 100 1.71 0 10 17864.4 0 9.9943 1 1006.33 0.469618 0 0 0 
84000 100 2.02 0 10 18268.5 0 9.99436 1 923.29 0.431411 0 0 0 
85000 100 1.61 0 10 18640.3 0 9.99443 1 786.85 0.367422 0 0 0 
86000 100 2.28 0 10 19014.8 0 9.99449 1 840.61 0.389533 0 0 0 
87000 100 1.97 0 10 19382.7 0 9.99456 1 846.53 0.392421 0 0 0 
88000 100 2.14 0 10 19738.8 0 9.99462 1 715.01 0.336176 0 0 0 
89000 100 1.99 0 10 20093.8 0 9.99468 1 948.65 0.453334 0 0 0 
90000 100 2.12 0 10 20503.2 0 9.99474 1 832.52 0.377519 0 0 0 
91000 100 1.6 0 10 20894.8 0 9.9948 1 759.83 0.337348 0 0 0 
92000 100 1.74 0 10 21268.9 0 9.99485 1 924.71 0.408873 0 0 0 
93000 100 1.92 0 10 21631.9 0 9.99491 1 841.3 0.370639 0 0 0 
94000 100 2.08 0 10 22003.3 0 9.99496 1 702.01 0.304473 0 0 0 
95000 100 1.55 0 10 22355.3 0 9.99502 1 742.91 0.319066 0 0 0 
96000 100 1.74 0 10 22722.2 0 9.99507 1 829.08 0.355448 0 0 0 
97000 100 1.89 0 10 23108.8 0 9.99512 1 732.09 0.3125 0 0 0 
98000 100 1.79 0 10 23465 0 9.99517 1 743.11 0.316523 0 0 0 
99000 100 2 0 10 23837.2 0 9.99522 1 837.31 0.348473 0 0 0 
100000 100 1.45 0 10 24206 0 9.99527 1 778.19 0.326039 0 0 0 
101000 100 1.71 0 10 24593.7 0 9.99531 1 892.95 0.364891 0 0 0 
102000 100 2 0 10 24966.4 0 9.99536 1 840.86 0.339689 0 0 0 
103000 100 1.59 0 10 25353.2 0 9.9954 1 843.83 0.337692 0 0 0 
104000 100 1.65 0 10 25740.3 0 9.99545 1 777.52 0.310332 0 0 0 
105000 100 1.46 0 10 26121.8 0 9.99549 1 765.86 0.303057 0 0 0 
106000 100 2.32 0 10 26522.5 0 9.99553 1 903.85 0.346006 0 0 0 
107000 100 1.91 0 10 26889.9 0 9.99557 1 794.19 0.305772 0 0 0 
108000 100 1.34 0 10 27272.9 0 9.99562 1 833.39 0.319515 0 0 0 
109000 100 2.29 0 10 27640.8 0 9.99566 1 916.73 0.360149 0 0 0 
110000 100 1.57 0 10 27997.4 0 9.9957 1 835.3 0.325319 0 0 0 
111000 100 2.31 0 10 28382.7 0 9.99573 1 699.92 0.270735 0 0 0 
112000 100 2 0 10 28740.1 0 9.99577 1 802.71 0.307977 0 0 0 
113000 100 1.39 0 10 29130.1 0 9.99581 1 860.3 0.328533 0 0 0 
114000 100 1.71 0 10 29515.5 0 9.99585 1 904.68 0.343607 0 0 0 
115000 100 2.01 0 10 29881.8 0 9.99588 1 829.12 0.314545 0 0 0 
116000 100 1.55 0 10 30229.1 0 9.99592 1 1034.92 0.387626 0 0 0 
117000 100 2.34 0 10 30611.3 0 9.99595 1 812.79 0.303717 0 0 0 
118000 100 1.25 0 10 30985.8 0 9.99599 1 887.75 0.330116 0 0 0 
119000 100 1.94 0 10 31337.7 0 9.99602 1 856.32 0.314116 0 0 0 
120000 100 1.94 0 10 31688.4 0 9.99605 1 866.32 0.310952 0 0 0 
121000 100 1.69 0 10 32069.4 0 9.99609 1 872.84 0.319271 0 0 0 
122000 100 2.44 0 10 32449.5 0 9.99612 1 912.25 0.330861 0 0 0 
123000 100 1.44 0 10 32799.5 0 9.99615 1 827.95 0.297138 0 0 0 
124000 100 1.23 0 10 33157.8 0 9.99618 1 703.13 0.254761 0 0 0 
125000 100 1.98 0 10 33519.9 0 9.99621 1 934.79 0.343343 0 0 0 
126000 100 1.96 0 10 33925.7 0 9.99624 1 761.49 0.28177 0 0 0 
127000 100 2.13 0 10 34301.3 0 9.99627 1 837.81 0.314052 0 0 0 
128000 100 1.45 0 10 34660.1 0 9.9963 1 808.42 0.298048 0 0 0 
129000 100 1.89 0 10 35022.9 0 9.99633 1 898.66 0.326155 0 0 0 
130000 100 1.7 0 10 35385.7 0 9.99636 1 926.96 0.336362 0 0 0 
131000 100 1.85 0 10 35745.9 0 9.99639 1 817.59 0.299552 0 0 0 
132000 100 1.88 0 10 36130.3 0 9.99641 1 813.48 0.294836 0 0 0 
133000 100 1.72 0 10 36476.8 0 9.99644 1 852.34 0.305186 0 0 0 
134000 100 1.66 0 10 36866.5 0 9.99647 1 820.74 0.293347 0 0 0 
135000 100 1.86 0 10 37251.9 0 9.99649 1 824.06 0.296552 0 0 0 
136000 100 1.88 0 10 37623.5 0 9.99652 1 810.74 0.281175 0 0 0 
137000 100 2.01 0 10 38008.8 0 9.99654 1 783.73 0.271131 0 0 0 
138000 100 1.73 0 10 38406.9 0 9.99657 1 915.92 0.31772 0 0 0 
139000 100 2.29 0 10 38789.9 0 9.99659 1 819.34 0.281674 0 0 0 
140000 100 1.94 0 10 39165.6 0 9.99662 1 787.15 0.270797 0 0 0 
141000 100 1.86 0 10 39531.6 0 9.99664 1 754.42 0.258979 0 0 0 
142000 100 2.77 0 10 39906.7 0 9.99667 1 945.14 0.321383 0 0 0 
143000 100 2.23 0 10 40269.1 0 9.99669 1 818.24 0.280835 0 0 0 
144000 100 1.44 0 10 40641.7 0 9.99671 1 790.75 0.269944 0 0 0 
145000 100 1.77 0 10 40998.3 0 9.99673 1 871.03 0.294708 0 0 0 
146000 100 2.08 0 10 41356.2 0 9.99676 1 764.92 0.254543 0 0 0 
147000 100 1.27 0 10 41743.1 0 9.99678 1 920.78 0.305339 0 0 0 
148000 100 2.38 0 10 42132 0 9.9968 1 814.74 0.269912 0 0 0 
149000 100 1.87 0 10 42510.5 0 9.99682 1 800.14 0.265739 0 0 0 
150000 100 2.73 0 10 42882.4 0 9.99684 1 851.19 0.283 0 0 0 
151000 100 1.76 0 10 43273.8 0 9.99686 1 869.17 0.290894 0 0 0 
152000 100 1.66 0 10 43657.5 0 9.99688 1 762.22 0.256063 0 0 0 
153000 100 1.86 0 10 44036.2 0 9.99691 1 999.65 0.333789 0 0 0 
154000 100 2.28 0 10 44397.2 0 9.99693 1 877.98 0.292462 0 0 0 
155000 100 1.48 0 10 44756.4 0 9.99695 1 890.25 0.298924 0 0 0 
156000 100 1.87 0 10 45138.5 0 9.99696 1 874.85 0.289765 0 0 0 
157000 100 1.47 0 10 45509.3 0 9.99698 1 860.46 0.280777 0 0 0 
158000 100 1.45 0 10 45870.7 0 9.997 1 879.92 0.28716 0 0 0 
159000 100 1.95 0 10 46277.8 0 9.99702 1 729.89 0.236221 0 0 0 
160000 100 2.18 0 10 46663.7 0 9.99704 1 944.14 0.302907 0 0 0 
161000 100 2.1 0 10 47039.6 0 9.99706 1 726.89 0.233102 0 0 0 
162000 100 2.67 0 10 47421.1 0 9.99708 1 833.77 0.266154 0 0 0 
163000 100 1.77 0 10 47810 0 9.9971 1 934.62 0.295374 0 0 0 
164000 100 1.79 0 10 48156 0 9.99711 1 676.48 0.214802 0 0 0 
165000 100 1.78 0 10 48536.3 0 9.99713 1 731.24 0.228781 0 0 0 
166000 100 2.42 0 10 48908.4 0 9.99715 1 829.38 0.257228 0 0 0 
167000 100 1.67 0 10 49295.5 0 9.99716 1 863.33 0.267372 0 0 0 
168000 100 2.26 0 10 49681.1 0 9.99718 1 804.46 0.25007 0 0 0 
169000 100 1.71 0 10 50042.3 0 9.9972 1 781.59 0.244183 0 0 0 
170000 100 1.52 0 10 50409.1 0 9.99721 1 793.41 0.247618 0 0 0 
171000 100 3 0 10 50775.2 0 9.99723 1 757.14 0.233351 0 0 0 
172000 100 2.19 0 10 51150.1 0 9.99725 1 866.08 0.268065 0 0 0 
173000 100 1.94 0 10 51518.3 0 9.99726 1 773.59 0.236762 0 0 0 
174000 100 1.76 0 10 51889.1 0 9.99728 1 753.71 0.230622 0 0 0 
175000 100 1.92 0 10 52255.3 0 9.99729 1 884.2 0.268885 0 0 0 
176000 100 2.86 0 10 52641 0 9.99731 1 913.69 0.277961 0 0 0 
177000 100 2.77 0 10 53002.2 0 9.99732 1 925.63 0.285108 0 0 0 
178000 100 1.83 0 10 53359.7 0 9.99734 1 957.37 0.292029 0 0 0 
179000 100 1.71 0 10 53731.1 0 9.99735 1 751.4 0.228957 0 0 0 
180000 100 1.98 0 10 54109 0 9.99737 1 878.43 0.269173 0 0 0 
181000 100 2.38 0 10 54469.8 0 9.99738 1 904.34 0.279356 0 0 0 
182000 100 1.73 0 10 54812.6 0 9.9974 1 842.62 0.262356 0 0 0 
183000 100 2.61 0 10 55176.8 0 9.99741 1 1121.02 0.349656 0 0 0 
184000 100 1.66 0 10 55549.3 0 9.99743 1 730.39 0.226065 0 0 0 
185000 100 2.79 0 10 55914.8 0 9.99744 1 954.28 0.292208 0 0 0 
186000 100 1.98 0 10 56296.5 0 9.99745 1 788.64 0.238973 0 0 0 
187000 100 2.48 0 10 56646.2 0 9.99747 1 837.79 0.253205 0 0 0 
188000 100 2.16 0 10 57023.9 0 9.99748 1 864.2 0.254452 0 0 0 
189000 100 1.84 0 10 57384.6 0 9.99749 1 974.57 0.283249 0 0 0 
190000 100 2.12 0 10 57732.8 0 9.99751 1 970.8 0.283113 0 0 0 
191000 100 2.17 0 10 58084.4 0 9.99752 1 895.55 0.260235 0 0 0 
192000 100 1.71 0 10 58464.1 0 9.99753 1 963.95 0.278501 0 0 0 
193000 100 2.32 0 10 58835.1 0 9.99755 1 941.9 0.276187 0 0 0 
194000 100 1.71 0 10 59216.4 0 9.99756 1 764.66 0.225762 0 0 0 
195000 100 2.22 0 10 59595.3 0 9.99757 1 868.39 0.257939 0 0 0 
196000 100 2.02 0 10 59961.9 0 9.99758 1 924.35 0.273853 0 0 0 
197000 100 2.41 0 10 60341.2 0 9.9976 1 945.73 0.281465 0 0 0 
198000 100 2.06 0 10 60709.8 0 9.99761 1 979.47 0.285037 0 0 0 
199000 100 1.81 0 10 61070.5 0 9.99762 1 916.39 0.268253 0 0 0 
200000 100 2.25 0 10 61430.4 0 9.99763 1 861.65 0.25306 0 0 0 
201000 100 2.45 0 10 61786.2 0 9.99764 1 869.11 0.253117 0 0 0 
202000 100 2.12 0 10 62149.7 0 9.99766 1 1029.16 0.297739 0 0 0 
203000 100 2 0 10 62501.4 0 9.99767 1 886 0.254524 0 0 0 
204000 100 2 0 10 62864.1 0 9.99768 1 788.18 0.226367 0 0 0 
205000 100 1.87 0 10 63240 0 9.99769 1 1039.86 0.299588 0 0 0 
206000 100 1.77 0 10 63612.5 0 9.9977 1 793.79 0.226794 0 0 0 
207000 100 2.61 0 10 63961.4 0 9.99771 1 832.63 0.239285 0 0 0 
208000 100 1.9 0 10 64336.7 0 9.99772 1 812.85 0.231398 0 0 0 
209000 100 1.99 0 10 64721.2 0 9.99773 1 994.87 0.280538 0 0 0 
210000 100 1.87 0 10 65076.9 0 9.99775 1 887.76 0.249134 0 0 0 
211000 100 1.86 0 10 65455.1 0 9.99776 1 799.87 0.223004 0 0 0 
212000 100 2.47 0 10 65832.4 0 9.99777 1 866.8 0.237661 0 0 0 
213000 100 1.9 0 10 66192.9 0 9.99778 1 892 0.244391 0 0 0 
214000 100 1.84 0 10 66568.8 0 9.99779 1 694.61 0.18918 0 0 0 
215000 100 2.1 0 10 66915.4 0 9.9978 1 819.51 0.222733 0 0 0 
216000 100 1.97 0 10 67276.3 0 9.99781 1 816.53 0.221935 0 0 0 
217000 100 1.67 0 10 67683.4 0 9.99782 1 858.35 0.231334 0 0 0 
218000 100 1.93 0 10 68065.1 0 9.99783 1 961.43 0.257147 0 0 0 
219000 100 1.58 0 10 68425.2 0 9.99784 1 879.25 0.2345 0 0 0 
220000 100 2.53 0 10 68838.1 0 9.99785 1 838.45 0.22441 0 0 0 
221000 100 1.68 0 10 69225.7 0 9.99786 1 850.15 0.225403 0 0 0 
222000 100 1.95 0 10 69561.1 0 9.99787 1 775.07 0.207737 0 0 0 
223000 100 1.74 0 10 69917.1 0 9.99788 1 891.25 0.238107 0 0 0 
224000 100 1.84 0 10 70293.8 0 9.99789 1 995.87 0.26681 0 0 0 
225000 100 2.18 0 10 70666.9 0 9.9979 1 814.67 0.21611 0 0 0 
226000 100 2.16 0 10 71055 0 9.9979 1 912.34 0.241311 0 0 0 
227000 100 2.06 0 10 71438.9 0 9.99791 1 788.18 0.206261 0 0 0 
228000 100 2.3 0 10 71805.1 0 9.99792 1 851.57 0.221539 0 0 0 
229000 100 2.91 0 10 72176.5 0 9.99793 1 856.17 0.22294 0 0 0 
230000 100 2.18 0 10 72534.5 0 9.99794 1 817.88 0.211847 0 0 0 
231000 100 1.86 0 10 72897.3 0 9.99795 1 915.77 0.234431 0 0 0 
232000 100 2.22 0 10 73257.1 0 9.99796 1 854.28 0.216526 0 0 0 
233000 100 2.07 0 10 73628.7 0 9.99797 1 772.37 0.19665 0 0 0 
234000 100 1.87 0 10 73990.4 0 9.99798 1 855.61 0.216741 0 0 0 
235000 100 1.9 0 10 74377.1 0 9.99799 1 762.54 0.189773 0 0 0 
236000 100 2.08 0 10 74740.7 0 9.99799 1 772.18 0.192289 0 0 0 
237000 100 1.99 0 10 75113.4 0 9.998 1 777.1 0.193401 0 0 0 
238000 100 1.88 0 10 75498.7 0 9.99801 1 916.02 0.225079 0 0 0 
239000 100 2.02 0 10 75886.9 0 9.99802 1 762.25 0.188218 0 0 0 
240000 100 2.29 0 10 76259.8 0 9.99803 1 869.49 0.214536 0 0 0 
241000 100 1.73 0 10 76612.9 0 9.99804 1 910.54 0.22378 0 0 0 
242000 100 1.75 0 10 76966 0 9.99804 1 746.31 0.178614 0 0 0 
243000 100 2.02 0 10 77319.9 0 9.99805 1 736.49 0.176633 0 0 0 
244000 100 1.46 0 10 77672.6 0 9.99806 1 879.74 0.211278 0 0 0 
245000 100 1.43 0 10 78055.1 0 9.99807 1 888.94 0.212768 0 0 0 
246000 100 1.99 0 10 78427.5 0 9.99808 1 802.48 0.193608 0 0 0 
247000 100 2.61 0 10 78793 0 9.99808 1 873.44 0.210307 0 0 0 
248000 100 1.86 0 10 79184.7 0 9.99809 1 824.38 0.197795 0 0 0 
249000 100 2.21 0 10 79569.1 0 9.9981 1 797.48 0.193614 0 0 0 
250000 100 1.78 0 10 79930.5 0 9.99811 1 768.47 0.184736 0 0 0 