# Avida Average Deme Data
# Sun Apr 20 20:16:42 2014
#  1: Update
#  2: Count
#  3: Age
#  4: Births
#  5: Organisms
#  6: Generation
#  7: Births (at last replication)
#  8: Organisms (at last replication)
#  9: Merit
# 10: Gestation Time
# 11: Time Used (normalized by org fitness)
# 12: Generations between current and last founders
# 13: Events killed
# 14: Attempts to kill event

0 100 0 0 1 0 0 0 1 0 0 0 0 0 
1000 100 22.37 0 10 21.87 0 9.54306 1 13912.7 11.9595 0 0 0 
2000 100 27.88 0 10 44.77 0 9.77141 1 13335.6 11.4407 0 0 0 
3000 100 18.91 0 10 75.38 0 9.84758 1 10056.5 8.76757 0 0 0 
4000 100 19.31 0 10 101.3 0 9.88568 1 11792.2 10.3045 0 0 0 
5000 100 20.53 0 10 132.92 0 9.90854 1 10901.5 9.41785 0 0 0 
6000 100 21.79 0 10 165.4 0 9.92378 1 10411.5 8.99519 0 0 0 
7000 100 16.81 0 10 198.02 0 9.93467 1 9488.36 8.21054 0 0 0 
8000 100 18.76 0 10 228.65 0 9.94283 1 10048 8.59295 0 0 0 
9000 100 14.95 0 10 264.82 0 9.94918 1 6687.84 5.72294 0 0 0 
10000 100 9.74 0 10 339.61 0 9.95426 1 5077.45 4.32485 0 0 0 
11000 100 5.74 0 10 486.67 0 9.95842 1 2102.91 1.73911 0 0 0 
12000 100 5.42 0 10 641.28 0 9.96189 1 2071.49 1.67079 0 0 0 
13000 100 3.88 0 10 806.46 0 9.96482 1 1884.71 1.48043 0 0 0 
14000 100 4.12 0 10 976.28 0 9.96733 1 1826.72 1.4415 0 0 0 
15000 100 3.1 0 10 1147.61 0 9.96951 1 1610.96 1.25468 0 0 0 
16000 100 3.2 0 10 1330.69 0 9.97141 1 1798.31 1.36657 0 0 0 
17000 100 2.83 0 10 1526.53 0 9.9731 1 1719.81 1.27325 0 0 0 
18000 100 3.46 0 10 1722.4 0 9.97459 1 1434.78 1.04183 0 0 0 
19000 100 3.19 0 10 1966.16 0 9.97593 1 1311.51 0.958731 0 0 0 
20000 100 3.34 0 10 2228.51 0 9.97713 1 1371.47 0.965099 0 0 0 
21000 100 3 0 10 2478.69 0 9.97822 1 1312.17 0.898902 0 0 0 
22000 100 2.87 0 10 2712.79 0 9.97921 1 1363.26 0.917814 0 0 0 
23000 100 3.3 0 10 2927.4 0 9.98011 1 1532.36 1.02704 0 0 0 
24000 100 3.36 0 10 3131.63 0 9.98094 1 1461.71 1.01708 0 0 0 
25000 100 2.75 0 10 3367.59 0 9.9817 1 1326.5 0.898893 0 0 0 
26000 100 3.32 0 10 3591.52 0 9.98241 1 1334.41 0.8773 0 0 0 
27000 100 3.67 0 10 3838.54 0 9.98306 1 1353.8 0.857929 0 0 0 
28000 100 3.64 0 10 4082.17 0 9.98366 1 1258.6 0.785777 0 0 0 
29000 100 2.5 0 10 4321.45 0 9.98423 1 1105.68 0.685115 0 0 0 
30000 100 3.57 0 10 4556.76 0 9.98475 1 1195.07 0.761504 0 0 0 
31000 100 3.14 0 10 4818.73 0 9.98525 1 1154.04 0.719556 0 0 0 
32000 100 2.22 0 10 5073.92 0 9.98571 1 1178.62 0.719372 0 0 0 
33000 100 3.59 0 10 5315.36 0 9.98614 1 1191.12 0.69844 0 0 0 
34000 100 2.48 0 10 5557.41 0 9.98655 1 1132.21 0.656424 0 0 0 
35000 100 2.54 0 10 5813.55 0 9.98693 1 1418.78 0.822668 0 0 0 
36000 100 2.5 0 10 6052.45 0 9.98729 1 1238.83 0.719317 0 0 0 
37000 100 2.54 0 10 6300.4 0 9.98764 1 1474.42 0.861171 0 0 0 
38000 100 2.61 0 10 6560.04 0 9.98796 1 1281.63 0.746751 0 0 0 
39000 100 2.16 0 10 6816.98 0 9.98827 1 1305.05 0.751626 0 0 0 
40000 100 2.68 0 10 7082.08 0 9.98857 1 1223.9 0.703788 0 0 0 
41000 100 3.68 0 10 7346.37 0 9.98884 1 1115.4 0.631192 0 0 0 
42000 100 2.42 0 10 7641.86 0 9.98911 1 1159.29 0.648532 0 0 0 
43000 100 2.54 0 10 7915.19 0 9.98936 1 1184.75 0.653104 0 0 0 
44000 100 2.22 0 10 8195.68 0 9.9896 1 1095.84 0.587859 0 0 0 
45000 100 2.53 0 10 8485.38 0 9.98984 1 1125.47 0.604621 0 0 0 
46000 100 2.86 0 10 8787.35 0 9.99006 1 1048.4 0.562329 0 0 0 
47000 100 2.52 0 10 9060.44 0 9.99027 1 1305.97 0.698592 0 0 0 
48000 100 2.42 0 10 9358.87 0 9.99047 1 1176.9 0.630603 0 0 0 
49000 100 3.1 0 10 9632.63 0 9.99067 1 1151.99 0.61613 0 0 0 
50000 100 2.67 0 10 9903.35 0 9.99085 1 1267.64 0.687683 0 0 0 
51000 100 2.37 0 10 10209.8 0 9.99103 1 1233.5 0.660601 0 0 0 
52000 100 1.81 0 10 10504 0 9.9912 1 1095.22 0.583182 0 0 0 
53000 100 2.52 0 10 10804.1 0 9.99137 1 1255.23 0.674378 0 0 0 
54000 100 2.01 0 10 11076.4 0 9.99153 1 1011.47 0.539601 0 0 0 
55000 100 2.45 0 10 11381.7 0 9.99168 1 967.7 0.518526 0 0 0 
56000 100 2.84 0 10 11681.3 0 9.99183 1 973.68 0.513361 0 0 0 
57000 100 3.3 0 10 11957.3 0 9.99198 1 1251.73 0.651212 0 0 0 
58000 100 2.12 0 10 12229.9 0 9.99211 1 1202.24 0.625368 0 0 0 
59000 100 2.74 0 10 12490 0 9.99225 1 1261.77 0.652108 0 0 0 
60000 100 2.85 0 10 12751.2 0 9.99238 1 1243.11 0.639058 0 0 0 
61000 100 3.11 0 10 13014 0 9.9925 1 1369.87 0.694856 0 0 0 
62000 100 2.92 0 10 13265.7 0 9.99262 1 1191.96 0.590196 0 0 0 
63000 100 2.37 0 10 13523.5 0 9.99274 1 1266.8 0.632077 0 0 0 
64000 100 2.59 0 10 13780.4 0 9.99285 1 1208.71 0.610403 0 0 0 
65000 100 2.23 0 10 14041.8 0 9.99296 1 1133.45 0.573134 0 0 0 
66000 100 3.01 0 10 14292.9 0 9.99307 1 1370.07 0.69935 0 0 0 
67000 100 2.57 0 10 14557.5 0 9.99317 1 1163.23 0.590974 0 0 0 
68000 100 2.73 0 10 14836.6 0 9.99327 1 1143.41 0.579566 0 0 0 
69000 100 2.18 0 10 15109.3 0 9.99337 1 1251.88 0.629187 0 0 0 
70000 100 2.87 0 10 15400.5 0 9.99347 1 1051.2 0.531472 0 0 0 
71000 100 2.46 0 10 15677.6 0 9.99356 1 1119.99 0.560982 0 0 0 
72000 100 2.24 0 10 15971.9 0 9.99365 1 1500.57 0.741884 0 0 0 
73000 100 3.11 0 10 16238.9 0 9.99373 1 1283.27 0.638203 0 0 0 
74000 100 2.58 0 10 16515.5 0 9.99382 1 1190.09 0.578895 0 0 0 
75000 100 2.28 0 10 16762.7 0 9.9939 1 1243.61 0.607038 0 0 0 
76000 100 3.25 0 10 17015.4 0 9.99398 1 1294.68 0.624291 0 0 0 
77000 100 2.27 0 10 17286.5 0 9.99406 1 1350.86 0.647821 0 0 0 
78000 100 2.49 0 10 17571.2 0 9.99414 1 1152.26 0.556192 0 0 0 
79000 100 2.3 0 10 17845.5 0 9.99421 1 1091.42 0.521448 0 0 0 
80000 100 2.03 0 10 18131.9 0 9.99428 1 1125.43 0.537559 0 0 0 
81000 100 3.05 0 10 18407.3 0 9.99435 1 1111.98 0.527463 0 0 0 
82000 100 3.74 0 10 18692.2 0 9.99442 1 1354.93 0.640048 0 0 0 
83000 100 2.5 0 10 18976.9 0 9.99449 1 1341.22 0.62739 0 0 0 
84000 100 2.09 0 10 19267.1 0 9.99455 1 1232.68 0.580621 0 0 0 
85000 100 2.65 0 10 19559.3 0 9.99462 1 1381.23 0.646525 0 0 0 
86000 100 3.77 0 10 19872.5 0 9.99468 1 1249.1 0.587876 0 0 0 
87000 100 2.67 0 10 20156.3 0 9.99474 1 1244.38 0.578205 0 0 0 
88000 100 2.62 0 10 20445 0 9.9948 1 1202.36 0.551078 0 0 0 
89000 100 2.21 0 10 20732.1 0 9.99486 1 1080.01 0.504348 0 0 0 
90000 100 2.63 0 10 20999.3 0 9.99492 1 1230.78 0.573693 0 0 0 
91000 100 2.35 0 10 21277 0 9.99497 1 1248.7 0.584312 0 0 0 
92000 100 2.04 0 10 21581.7 0 9.99503 1 1214.69 0.567667 0 0 0 
93000 100 2.75 0 10 21886.8 0 9.99508 1 1098.2 0.496891 0 0 0 
94000 100 2.68 0 10 22148.2 0 9.99513 1 1105.09 0.49521 0 0 0 
95000 100 2.59 0 10 22435.3 0 9.99519 1 1133.98 0.500197 0 0 0 
96000 100 2.24 0 10 22719 0 9.99524 1 1230.5 0.553748 0 0 0 
97000 100 2.49 0 10 22985.2 0 9.99528 1 991.07 0.448768 0 0 0 
98000 100 2.39 0 10 23279.3 0 9.99533 1 1106.5 0.494624 0 0 0 
99000 100 2.65 0 10 23567.1 0 9.99538 1 1264.67 0.55957 0 0 0 
100000 100 2.68 0 10 23847.5 0 9.99543 1 1240.9 0.550046 0 0 0 
101000 100 2.15 0 10 24124.6 0 9.99547 1 1205.76 0.520251 0 0 0 
102000 100 3.02 0 10 24413.7 0 9.99552 1 1098.33 0.472064 0 0 0 
103000 100 2.06 0 10 24666.3 0 9.99556 1 1065.94 0.453997 0 0 0 
104000 100 2.87 0 10 24951.7 0 9.9956 1 1245.99 0.529556 0 0 0 
105000 100 2.65 0 10 25232.2 0 9.99564 1 1355.41 0.579396 0 0 0 
106000 100 2.38 0 10 25507.9 0 9.99568 1 1121.8 0.47469 0 0 0 
107000 100 2.56 0 10 25777 0 9.99573 1 1207.66 0.513105 0 0 0 
108000 100 3.19 0 10 26024.7 0 9.99576 1 1267.14 0.541347 0 0 0 
109000 100 3.07 0 10 26274.5 0 9.9958 1 1328.93 0.560924 0 0 0 
110000 100 3.57 0 10 26515.3 0 9.99584 1 1284.41 0.532 0 0 0 
111000 100 3.14 0 10 26764.4 0 9.99588 1 1186.64 0.482981 0 0 0 
112000 100 2.94 0 10 27007.7 0 9.99592 1 1393.85 0.559264 0 0 0 
113000 100 3.33 0 10 27250.5 0 9.99595 1 1265.72 0.502097 0 0 0 
114000 100 2.18 0 10 27483.1 0 9.99599 1 1207.74 0.4847 0 0 0 
115000 100 2.53 0 10 27744.4 0 9.99602 1 1471.65 0.590968 0 0 0 
116000 100 3.16 0 10 27986.8 0 9.99606 1 1304.85 0.523145 0 0 0 
117000 100 2.8 0 10 28225.3 0 9.99609 1 1409.33 0.563534 0 0 0 
118000 100 3.59 0 10 28457.2 0 9.99612 1 1473.11 0.583439 0 0 0 
119000 100 3.86 0 10 28701.7 0 9.99616 1 1463.16 0.580074 0 0 0 
120000 100 3.26 0 10 28935.6 0 9.99619 1 1447.04 0.561343 0 0 0 
121000 100 2.5 0 10 29153.7 0 9.99622 1 1438.92 0.55565 0 0 0 
122000 100 2.83 0 10 29394.5 0 9.99625 1 1479.27 0.575243 0 0 0 
123000 100 2.72 0 10 29645 0 9.99628 1 1380.33 0.544076 0 0 0 
124000 100 3.05 0 10 29897 0 9.99631 1 1359.91 0.534801 0 0 0 
125000 100 2.52 0 10 30174 0 9.99634 1 1151.64 0.450227 0 0 0 
126000 100 2.23 0 10 30449.9 0 9.99637 1 1142.5 0.449598 0 0 0 
127000 100 1.95 0 10 30755.2 0 9.9964 1 1078.7 0.422598 0 0 0 
128000 100 2.52 0 10 31059.6 0 9.99643 1 1029.7 0.403403 0 0 0 
129000 100 2.71 0 10 31388.5 0 9.99645 1 1125.7 0.439294 0 0 0 
130000 100 2.94 0 10 31691.7 0 9.99648 1 1061.44 0.409321 0 0 0 
131000 100 2.33 0 10 32002.4 0 9.99651 1 946.29 0.354732 0 0 0 
132000 100 1.59 0 10 32320.6 0 9.99653 1 935.45 0.351115 0 0 0 
133000 100 1.87 0 10 32632.7 0 9.99656 1 912.56 0.340231 0 0 0 
134000 100 2.5 0 10 32943.2 0 9.99659 1 942.25 0.340444 0 0 0 
135000 100 2.34 0 10 33249.7 0 9.99661 1 1073.26 0.389489 0 0 0 
136000 100 2.19 0 10 33556.9 0 9.99664 1 946.25 0.344381 0 0 0 
137000 100 1.85 0 10 33876.4 0 9.99666 1 1048.73 0.379169 0 0 0 
138000 100 2.29 0 10 34194.9 0 9.99669 1 908.02 0.327918 0 0 0 
139000 100 2.59 0 10 34508.5 0 9.99671 1 943.81 0.340853 0 0 0 
140000 100 2.39 0 10 34825.9 0 9.99673 1 1003.75 0.358838 0 0 0 
141000 100 1.94 0 10 35131.9 0 9.99676 1 1021.71 0.35569 0 0 0 
142000 100 2.32 0 10 35439.6 0 9.99678 1 1021.5 0.35903 0 0 0 
143000 100 2.13 0 10 35778.9 0 9.9968 1 1010.51 0.356819 0 0 0 
144000 100 2.2 0 10 36133.5 0 9.99682 1 916.01 0.327705 0 0 0 
145000 100 2.09 0 10 36483.8 0 9.99685 1 794 0.285502 0 0 0 
146000 100 2.31 0 10 36819.1 0 9.99687 1 857.43 0.310117 0 0 0 
147000 100 2.08 0 10 37163.6 0 9.99689 1 1048.37 0.374274 0 0 0 
148000 100 1.86 0 10 37499.9 0 9.99691 1 962.06 0.342944 0 0 0 
149000 100 3.04 0 10 37841.3 0 9.99693 1 1017.64 0.361785 0 0 0 
150000 100 2.35 0 10 38193.6 0 9.99695 1 970.67 0.340213 0 0 0 
151000 100 2.22 0 10 38507.8 0 9.99697 1 935.36 0.328456 0 0 0 
152000 100 2.43 0 10 38844.4 0 9.99699 1 1062.97 0.360885 0 0 0 
153000 100 2.89 0 10 39196 0 9.99701 1 986.62 0.332094 0 0 0 
154000 100 2.91 0 10 39532.4 0 9.99703 1 898.44 0.299293 0 0 0 
155000 100 1.96 0 10 39894.5 0 9.99705 1 977.35 0.329265 0 0 0 
156000 100 2.73 0 10 40238.6 0 9.99707 1 1164.42 0.393394 0 0 0 
157000 100 2.49 0 10 40543.9 0 9.99709 1 1075.61 0.361772 0 0 0 
158000 100 2.34 0 10 40878.4 0 9.99711 1 981.05 0.32793 0 0 0 
159000 100 2.05 0 10 41201.6 0 9.99712 1 880.14 0.298126 0 0 0 
160000 100 2.06 0 10 41520 0 9.99714 1 862.51 0.293405 0 0 0 
161000 100 1.89 0 10 41829.1 0 9.99716 1 1072.48 0.368983 0 0 0 
162000 100 1.81 0 10 42147.2 0 9.99718 1 923.19 0.32014 0 0 0 
163000 100 2.19 0 10 42468.9 0 9.99719 1 1062.33 0.372597 0 0 0 
164000 100 2.5 0 10 42797.9 0 9.99721 1 1042.82 0.361682 0 0 0 
165000 100 2.09 0 10 43105.3 0 9.99723 1 934.14 0.321726 0 0 0 
166000 100 2.46 0 10 43422.3 0 9.99724 1 1081.45 0.37437 0 0 0 
167000 100 2.42 0 10 43750.5 0 9.99726 1 971.54 0.338335 0 0 0 
168000 100 2.26 0 10 44092.5 0 9.99728 1 995.48 0.354395 0 0 0 
169000 100 2.22 0 10 44435.2 0 9.99729 1 985.96 0.352658 0 0 0 
170000 100 1.83 0 10 44802.1 0 9.99731 1 1069.77 0.389542 0 0 0 
171000 100 2.16 0 10 45164.6 0 9.99733 1 1043.66 0.37479 0 0 0 
172000 100 3.02 0 10 45492.3 0 9.99734 1 1041.73 0.371274 0 0 0 
173000 100 1.69 0 10 45865.4 0 9.99736 1 1044.57 0.372368 0 0 0 
174000 100 1.81 0 10 46173.7 0 9.99737 1 923.47 0.323693 0 0 0 
175000 100 2.24 0 10 46527 0 9.99739 1 1028.01 0.366459 0 0 0 
176000 100 1.86 0 10 46870.6 0 9.9974 1 853.82 0.302098 0 0 0 
177000 100 2.41 0 10 47203.2 0 9.99742 1 928.29 0.328781 0 0 0 
178000 100 2.47 0 10 47538.8 0 9.99743 1 1042.35 0.362371 0 0 0 
179000 100 2.09 0 10 47878.5 0 9.99744 1 879.38 0.307264 0 0 0 
180000 100 2.26 0 10 48216.6 0 9.99746 1 908.2 0.318453 0 0 0 
181000 100 2.19 0 10 48571.1 0 9.99747 1 996.03 0.348746 0 0 0 
182000 100 1.77 0 10 48899.1 0 9.99749 1 1044.6 0.365593 0 0 0 
183000 100 2.56 0 10 49215 0 9.9975 1 908.51 0.324811 0 0 0 
184000 100 2.7 0 10 49557.7 0 9.99751 1 969.3 0.349077 0 0 0 
185000 100 2.51 0 10 49902.2 0 9.99753 1 1029.59 0.374597 0 0 0 
186000 100 2.13 0 10 50242.4 0 9.99754 1 1003.7 0.36138 0 0 0 
187000 100 2.05 0 10 50612.7 0 9.99755 1 870.8 0.314246 0 0 0 
188000 100 2.46 0 10 50945.8 0 9.99757 1 980.11 0.35312 0 0 0 
189000 100 2.1 0 10 51267.6 0 9.99758 1 898.09 0.31621 0 0 0 
190000 100 2.17 0 10 51618.1 0 9.99759 1 1010.62 0.350796 0 0 0 
191000 100 1.57 0 10 51955.8 0 9.99761 1 975.59 0.344798 0 0 0 
192000 100 2.43 0 10 52288.1 0 9.99762 1 1064.43 0.376288 0 0 0 
193000 100 1.7 0 10 52625.3 0 9.99763 1 850.58 0.300498 0 0 0 
194000 100 2.77 0 10 52956.3 0 9.99764 1 929.03 0.322678 0 0 0 
195000 100 2.45 0 10 53285.5 0 9.99765 1 862.32 0.300649 0 0 0 
196000 100 1.86 0 10 53626.3 0 9.99767 1 999.8 0.343039 0 0 0 
197000 100 2.16 0 10 53939.9 0 9.99768 1 1012.78 0.346989 0 0 0 
198000 100 2.55 0 10 54284.9 0 9.99769 1 957.72 0.328384 0 0 0 
199000 100 2.56 0 10 54616.9 0 9.9977 1 1018.14 0.349974 0 0 0 
200000 100 2.31 0 10 54958 0 9.99771 1 1205.42 0.413061 0 0 0 
201000 100 1.68 0 10 55295.6 0 9.99772 1 1048.91 0.364918 0 0 0 
202000 100 1.87 0 10 55625.3 0 9.99774 1 1143.38 0.393238 0 0 0 
203000 100 2.4 0 10 55943.1 0 9.99775 1 1074.91 0.369985 0 0 0 
204000 100 2.57 0 10 56235.1 0 9.99776 1 855.77 0.290613 0 0 0 
205000 100 2.7 0 10 56545.6 0 9.99777 1 863.38 0.283212 0 0 0 
206000 100 2.03 0 10 56877.7 0 9.99778 1 1025.7 0.333577 0 0 0 
207000 100 2.06 0 10 57211.5 0 9.99779 1 1070.61 0.348043 0 0 0 
208000 100 2.34 0 10 57527.1 0 9.9978 1 1033.37 0.33159 0 0 0 
209000 100 1.84 0 10 57836.1 0 9.99781 1 1078.58 0.342842 0 0 0 
210000 100 2.43 0 10 58127.2 0 9.99782 1 1000.83 0.31929 0 0 0 
211000 100 2.25 0 10 58422 0 9.99783 1 1068.18 0.338827 0 0 0 
212000 100 2.31 0 10 58733 0 9.99784 1 1093.36 0.34047 0 0 0 
213000 100 2.5 0 10 59067.9 0 9.99785 1 928.29 0.292492 0 0 0 
214000 100 3.13 0 10 59380.6 0 9.99786 1 1171.51 0.370881 0 0 0 
215000 100 1.9 0 10 59711.9 0 9.99787 1 1053.57 0.328873 0 0 0 
216000 100 1.88 0 10 60054.4 0 9.99788 1 948.72 0.295951 0 0 0 
217000 100 2.43 0 10 60369.1 0 9.99789 1 932.63 0.288167 0 0 0 
218000 100 2.75 0 10 60683.9 0 9.9979 1 992.02 0.309897 0 0 0 
219000 100 2.64 0 10 60991.4 0 9.99791 1 889.9 0.276865 0 0 0 
220000 100 2.18 0 10 61318.1 0 9.99792 1 938.57 0.288417 0 0 0 
221000 100 2.06 0 10 61635.4 0 9.99793 1 979.43 0.300681 0 0 0 
222000 100 2.38 0 10 61952.1 0 9.99794 1 1089.09 0.33073 0 0 0 
223000 100 2.29 0 10 62289.4 0 9.99795 1 945.96 0.286962 0 0 0 
224000 100 1.98 0 10 62632.5 0 9.99796 1 925.73 0.280523 0 0 0 
225000 100 2.24 0 10 62968 0 9.99797 1 913.09 0.277078 0 0 0 
226000 100 2.05 0 10 63304.4 0 9.99798 1 1025.26 0.314682 0 0 0 
227000 100 2.14 0 10 63644.7 0 9.99799 1 882.08 0.272682 0 0 0 
228000 100 2.79 0 10 63974.4 0 9.99799 1 986.49 0.303726 0 0 0 
229000 100 1.52 0 10 64298.9 0 9.998 1 1020.12 0.314869 0 0 0 
230000 100 2.14 0 10 64639.8 0 9.99801 1 885.53 0.273136 0 0 0 
231000 100 2.01 0 10 64966.3 0 9.99802 1 926.11 0.283927 0 0 0 
232000 100 3.05 0 10 65285.8 0 9.99803 1 1063.4 0.327646 0 0 0 
233000 100 2.85 0 10 65582.3 0 9.99804 1 1009.07 0.308102 0 0 0 
234000 100 2.31 0 10 65917.4 0 9.99805 1 892.07 0.272684 0 0 0 
235000 100 1.9 0 10 66259.9 0 9.99805 1 1025.86 0.316231 0 0 0 
236000 100 2.12 0 10 66595.9 0 9.99806 1 889.74 0.271305 0 0 0 
237000 100 2.67 0 10 66968.6 0 9.99807 1 998.04 0.305907 0 0 0 
238000 100 2.03 0 10 67318.9 0 9.99808 1 961.93 0.291141 0 0 0 
239000 100 2.31 0 10 67681.3 0 9.99809 1 976.32 0.290479 0 0 0 
240000 100 1.57 0 10 68032.8 0 9.99809 1 810.11 0.2409 0 0 0 
241000 100 2.2 0 10 68356 0 9.9981 1 860.21 0.253183 0 0 0 
242000 100 1.87 0 10 68700.3 0 9.99811 1 1014.44 0.297318 0 0 0 
243000 100 2.77 0 10 69075.4 0 9.99812 1 879.71 0.25662 0 0 0 
244000 100 2.16 0 10 69427.1 0 9.99813 1 933.16 0.273042 0 0 0 
245000 100 2.74 0 10 69735.7 0 9.99813 1 971.15 0.283274 0 0 0 
246000 100 3.04 0 10 70087.9 0 9.99814 1 936.92 0.271045 0 0 0 
247000 100 2.82 0 10 70473.1 0 9.99815 1 922.66 0.272141 0 0 0 
248000 100 2.22 0 10 70796.5 0 9.99816 1 879.71 0.258645 0 0 0 
249000 100 1.78 0 10 71122.4 0 9.99816 1 893.24 0.264736 0 0 0 
250000 100 2.48 0 10 71459.4 0 9.99817 1 915.65 0.271385 0 0 0 