# Avida Average Deme Data
# Sun Apr 20 17:46:57 2014
#  1: Update
#  2: Count
#  3: Age
#  4: Births
#  5: Organisms
#  6: Generation
#  7: Births (at last replication)
#  8: Organisms (at last replication)
#  9: Merit
# 10: Gestation Time
# 11: Time Used (normalized by org fitness)
# 12: Generations between current and last founders
# 13: Events killed
# 14: Attempts to kill event

0 100 0 0 1 0 0 0 1 0 0 0 0 0 
1000 100 22.44 0 10 22.37 0 9.55115 1 13279.7 11.4663 0 0 0 
2000 100 24.21 0 10 44.76 0 9.77546 1 13137.3 11.2973 0 0 0 
3000 100 25.27 0 10 71.19 0 9.85028 1 12426.6 10.7732 0 0 0 
4000 100 24.94 0 10 99.9 0 9.8877 1 12282.1 10.6627 0 0 0 
5000 100 21.13 0 10 131.06 0 9.91016 1 10067 8.78973 0 0 0 
6000 100 21.36 0 10 155.14 0 9.92513 1 12227.2 10.6514 0 0 0 
7000 100 16.79 0 10 192.69 0 9.93582 1 9904.9 8.56638 0 0 0 
8000 100 17.22 0 10 237.58 0 9.94384 1 9064.18 7.93132 0 0 0 
9000 100 12.18 0 10 279.1 0 9.95008 1 8726.39 7.62225 0 0 0 
10000 100 14.28 0 10 320.26 0 9.95507 1 7521.24 6.52524 0 0 0 
11000 100 12.91 0 10 357.28 0 9.95916 1 7218.98 6.27993 0 0 0 
12000 100 14.29 0 10 394.95 0 9.96256 1 7897.22 6.92001 0 0 0 
13000 100 14.61 0 10 434.25 0 9.96544 1 7325.69 6.38618 0 0 0 
14000 100 13.8 0 10 476.86 0 9.96791 1 7502.21 6.50339 0 0 0 
15000 100 16.16 0 10 514.69 0 9.97005 1 7809.09 6.73182 0 0 0 
16000 100 14.14 0 10 555.69 0 9.97192 1 8019.94 6.77878 0 0 0 
17000 100 14.04 0 10 595.54 0 9.97357 1 7995.34 6.76643 0 0 0 
18000 100 14.15 0 10 634.27 0 9.97504 1 7863.05 6.65742 0 0 0 
19000 100 15.04 0 10 672.39 0 9.97635 1 7147.76 6.00829 0 0 0 
20000 100 13.14 0 10 713.21 0 9.97754 1 8814.32 7.36058 0 0 0 
21000 100 12.23 0 10 753.68 0 9.97861 1 8106.07 6.70651 0 0 0 
22000 100 12.85 0 10 793.19 0 9.97958 1 7859.81 6.4945 0 0 0 
23000 100 15.29 0 10 838.28 0 9.98047 1 7881.81 6.46712 0 0 0 
24000 100 15.37 0 10 878.27 0 9.98128 1 7461.87 6.13335 0 0 0 
25000 100 12.39 0 10 918.63 0 9.98203 1 7413.97 6.12356 0 0 0 
26000 100 15.51 0 10 963.44 0 9.98272 1 6973.91 5.52637 0 0 0 
27000 100 12.97 0 10 1004.72 0 9.98336 1 7362.69 5.80657 0 0 0 
28000 100 13.63 0 10 1045.58 0 9.98395 1 8382.79 6.56056 0 0 0 
29000 100 17.85 0 10 1085.74 0 9.98451 1 7900.75 6.17041 0 0 0 
30000 100 14.15 0 10 1125.51 0 9.98502 1 7535.58 5.87266 0 0 0 
31000 100 16.48 0 10 1166.38 0 9.98551 1 8514.67 6.61427 0 0 0 
32000 100 14.69 0 10 1202.12 0 9.98596 1 7832.33 6.0499 0 0 0 
33000 100 10.87 0 10 1243.19 0 9.98639 1 7563.34 5.84754 0 0 0 
34000 100 12.69 0 10 1283.26 0 9.98679 1 8042.21 6.17647 0 0 0 
35000 100 14.74 0 10 1325.83 0 9.98716 1 8202.49 6.31418 0 0 0 
36000 100 15.8 0 10 1368.64 0 9.98752 1 7468.73 5.68984 0 0 0 
37000 100 17.13 0 10 1406.48 0 9.98786 1 7964.57 6.10505 0 0 0 
38000 100 13.95 0 10 1445.58 0 9.98818 1 7305.96 5.56941 0 0 0 
39000 100 13.66 0 10 1483.81 0 9.98848 1 7632.57 5.7897 0 0 0 
40000 100 13.83 0 10 1525.55 0 9.98877 1 7626.42 5.67546 0 0 0 
41000 100 19.22 0 10 1567.4 0 9.98904 1 7558.73 5.6018 0 0 0 
42000 100 14.88 0 10 1607.17 0 9.9893 1 7445.96 5.48442 0 0 0 
43000 100 13.24 0 10 1648.93 0 9.98955 1 7557.71 5.56862 0 0 0 
44000 100 12.29 0 10 1689.57 0 9.98979 1 7745.45 5.64808 0 0 0 
45000 100 15.09 0 10 1737.06 0 9.99002 1 7472.45 5.42976 0 0 0 
46000 100 13.74 0 10 1782.37 0 9.99023 1 7938.22 5.83373 0 0 0 
47000 100 11.9 0 10 1824.3 0 9.99044 1 7711.39 5.55305 0 0 0 
48000 100 15.28 0 10 1865.57 0 9.99064 1 7536.41 5.37143 0 0 0 
49000 100 12.07 0 10 1908.41 0 9.99083 1 7218.22 5.13522 0 0 0 
50000 100 15.58 0 10 1950.29 0 9.99101 1 7461.18 5.30119 0 0 0 
51000 100 12.66 0 10 1993.31 0 9.99119 1 7453.26 5.25614 0 0 0 
52000 100 13.51 0 10 2034.99 0 9.99136 1 7715.66 5.48835 0 0 0 
53000 100 15.19 0 10 2076.87 0 9.99152 1 7378.93 5.24872 0 0 0 
54000 100 14.19 0 10 2117.64 0 9.99168 1 7024.41 4.98441 0 0 0 
55000 100 13.6 0 10 2161.78 0 9.99183 1 7224.22 5.01567 0 0 0 
56000 100 13.74 0 10 2205.29 0 9.99198 1 7575.25 5.18852 0 0 0 
57000 100 14.32 0 10 2246.26 0 9.99212 1 7269.74 4.91419 0 0 0 
58000 100 14.09 0 10 2290.38 0 9.99225 1 7638.04 5.16905 0 0 0 
59000 100 13.05 0 10 2337.23 0 9.99238 1 7217.37 4.84148 0 0 0 
60000 100 12.52 0 10 2377.98 0 9.99251 1 7505.19 5.01461 0 0 0 
61000 100 12.53 0 10 2421.14 0 9.99263 1 7422.78 4.93823 0 0 0 
62000 100 15.33 0 10 2461.59 0 9.99275 1 8133.69 5.40539 0 0 0 
63000 100 16.84 0 10 2504.61 0 9.99287 1 7404.71 4.88868 0 0 0 
64000 100 11.94 0 10 2546.19 0 9.99298 1 6981.86 4.61952 0 0 0 
65000 100 15.15 0 10 2590.35 0 9.99309 1 7630.95 5.07349 0 0 0 
66000 100 13.57 0 10 2632.47 0 9.99319 1 7609.75 5.06997 0 0 0 
67000 100 11.77 0 10 2674.15 0 9.99329 1 7558.05 5.02036 0 0 0 
68000 100 14.66 0 10 2716.68 0 9.99339 1 7605.55 5.0152 0 0 0 
69000 100 17.36 0 10 2757.48 0 9.99349 1 8594.68 5.67432 0 0 0 
70000 100 14.4 0 10 2799.01 0 9.99358 1 7477.99 4.8636 0 0 0 
71000 100 12.33 0 10 2841.14 0 9.99367 1 7698.13 4.97872 0 0 0 
72000 100 14.92 0 10 2879.99 0 9.99376 1 7531.67 4.81957 0 0 0 
73000 100 15.03 0 10 2920.73 0 9.99385 1 7568.06 4.84689 0 0 0 
74000 100 14.55 0 10 2964.83 0 9.99393 1 7810.62 4.9622 0 0 0 
75000 100 13.5 0 10 3008.39 0 9.99401 1 8246.35 5.16681 0 0 0 
76000 100 10.68 0 10 3051.99 0 9.99409 1 7136.34 4.45389 0 0 0 
77000 100 12.98 0 10 3096.37 0 9.99417 1 7070.78 4.36559 0 0 0 
78000 100 13.6 0 10 3138.5 0 9.99424 1 7360.89 4.54815 0 0 0 
79000 100 14.91 0 10 3180.23 0 9.99431 1 7652.43 4.71397 0 0 0 
80000 100 15.96 0 10 3221.25 0 9.99438 1 7235.43 4.4624 0 0 0 
81000 100 14.03 0 10 3260.64 0 9.99445 1 6897.01 4.21816 0 0 0 
82000 100 15.53 0 10 3304.46 0 9.99452 1 7906.13 4.8146 0 0 0 
83000 100 11.57 0 10 3346.34 0 9.99459 1 6799.03 4.12031 0 0 0 
84000 100 11.59 0 10 3389.25 0 9.99465 1 7759.77 4.66601 0 0 0 
85000 100 15.8 0 10 3433.33 0 9.99471 1 7158.01 4.21065 0 0 0 
86000 100 10.41 0 10 3473.76 0 9.99478 1 7534.86 4.44842 0 0 0 
87000 100 14.21 0 10 3514.51 0 9.99484 1 6818.18 4.0227 0 0 0 
88000 100 14.18 0 10 3556.8 0 9.99489 1 7454.96 4.45745 0 0 0 
89000 100 13.01 0 10 3599 0 9.99495 1 7643.05 4.60751 0 0 0 
90000 100 15 0 10 3640.66 0 9.99501 1 7303.19 4.43887 0 0 0 
91000 100 13.29 0 10 3681.21 0 9.99506 1 7985.86 4.84854 0 0 0 
92000 100 11.55 0 10 3723.9 0 9.99512 1 7224.24 4.37436 0 0 0 
93000 100 14.95 0 10 3765.62 0 9.99517 1 7231.48 4.38219 0 0 0 
94000 100 11.87 0 10 3805.45 0 9.99522 1 7814.72 4.75502 0 0 0 
95000 100 13.97 0 10 3847.46 0 9.99527 1 8445.56 5.14519 0 0 0 
96000 100 14.49 0 10 3892.69 0 9.99532 1 7256.11 4.37425 0 0 0 
97000 100 15.57 0 10 3934.34 0 9.99537 1 6902.02 4.24507 0 0 0 
98000 100 13.55 0 10 3973.74 0 9.99542 1 6945.85 4.27638 0 0 0 
99000 100 15.15 0 10 4014.04 0 9.99546 1 7629.24 4.59948 0 0 0 
100000 100 14.74 0 10 4050.43 0 9.99551 1 7007.95 4.04537 0 0 0 
101000 100 16.3 0 10 4091.65 0 9.99555 1 7564.13 4.37386 0 0 0 
102000 100 12.36 0 10 4132.38 0 9.9956 1 7590.4 4.41269 0 0 0 
103000 100 12.99 0 10 4175.6 0 9.99564 1 7003.33 4.09297 0 0 0 
104000 100 11.9 0 10 4218.63 0 9.99568 1 7432.27 4.3332 0 0 0 
105000 100 15.44 0 10 4260.19 0 9.99572 1 8072.72 4.70458 0 0 0 
106000 100 11.79 0 10 4301.46 0 9.99576 1 6612.59 3.81001 0 0 0 
107000 100 13.58 0 10 4340.45 0 9.9958 1 7408.58 4.26165 0 0 0 
108000 100 13.74 0 10 4380.82 0 9.99584 1 8053.82 4.60095 0 0 0 
109000 100 14.12 0 10 4423.76 0 9.99588 1 7528.25 4.27439 0 0 0 
110000 100 17.73 0 10 4464.5 0 9.99592 1 7623.88 4.32486 0 0 0 
111000 100 11.52 0 10 4504.64 0 9.99595 1 7519.16 4.23139 0 0 0 
112000 100 11.83 0 10 4544.96 0 9.99599 1 7584.73 4.25935 0 0 0 
113000 100 12.3 0 10 4585.43 0 9.99602 1 7296.59 4.09644 0 0 0 
114000 100 12.66 0 10 4628.1 0 9.99606 1 7270.82 4.05526 0 0 0 
115000 100 15.36 0 10 4671.1 0 9.99609 1 7033.52 3.90556 0 0 0 
116000 100 13.53 0 10 4710.95 0 9.99613 1 7716.04 4.27946 0 0 0 
117000 100 13.52 0 10 4755.14 0 9.99616 1 7822.99 4.326 0 0 0 
118000 100 12.32 0 10 4797.53 0 9.99619 1 7093.38 3.90957 0 0 0 
119000 100 14.39 0 10 4841.48 0 9.99622 1 7313.11 4.00768 0 0 0 
120000 100 14.28 0 10 4881.13 0 9.99626 1 7208.88 3.95803 0 0 0 
121000 100 8 0 10 4937.41 0 9.99629 1 4531.21 2.48367 0 0 0 
122000 100 7.39 0 10 5038.4 0 9.99632 1 3062.25 1.68333 0 0 0 
123000 100 6.46 0 10 5176.82 0 9.99635 1 2457.96 1.37184 0 0 0 
124000 100 7.01 0 10 5343.56 0 9.99638 1 1872.95 1.04154 0 0 0 
125000 100 5.29 0 10 5513.86 0 9.99641 1 1897.97 1.06441 0 0 0 
126000 100 4.79 0 10 5684.44 0 9.99643 1 1952.97 1.09051 0 0 0 
127000 100 4.76 0 10 5841.57 0 9.99646 1 1801.92 0.990552 0 0 0 
128000 100 4.56 0 10 6009.82 0 9.99649 1 2484.22 1.3576 0 0 0 
129000 100 6.96 0 10 6165.07 0 9.99652 1 2150.75 1.1576 0 0 0 
130000 100 5.59 0 10 6322.77 0 9.99654 1 2130.01 1.13476 0 0 0 
131000 100 4.65 0 10 6514.29 0 9.99657 1 1661.61 0.88595 0 0 0 
132000 100 3.24 0 10 6717.29 0 9.9966 1 1281.9 0.68186 0 0 0 
133000 100 3.75 0 10 6916.91 0 9.99662 1 1398.8 0.758055 0 0 0 
134000 100 4.47 0 10 7151.06 0 9.99665 1 1388.18 0.754709 0 0 0 
135000 100 3.44 0 10 7375.94 0 9.99667 1 1650.68 0.894907 0 0 0 
136000 100 3.59 0 10 7597.5 0 9.9967 1 1313.91 0.715338 0 0 0 
137000 100 4.06 0 10 7813.76 0 9.99672 1 1305.57 0.705092 0 0 0 
138000 100 3.69 0 10 8055.57 0 9.99674 1 1278.23 0.687951 0 0 0 
139000 100 3.4 0 10 8291.42 0 9.99677 1 1329.48 0.707659 0 0 0 
140000 100 3.37 0 10 8529.28 0 9.99679 1 1367.8 0.727362 0 0 0 
141000 100 3.39 0 10 8786.54 0 9.99681 1 1179.8 0.62627 0 0 0 
142000 100 3.56 0 10 9025.42 0 9.99684 1 1321.37 0.7025 0 0 0 
143000 100 2.53 0 10 9298.91 0 9.99686 1 1149.5 0.610072 0 0 0 
144000 100 2.93 0 10 9562.93 0 9.99688 1 1152.82 0.612881 0 0 0 
145000 100 2.77 0 10 9822.71 0 9.9969 1 1226.31 0.654275 0 0 0 
146000 100 2.35 0 10 10095 0 9.99692 1 1175.4 0.630637 0 0 0 
147000 100 3.74 0 10 10357.5 0 9.99694 1 1309.93 0.694968 0 0 0 
148000 100 2.8 0 10 10616.8 0 9.99696 1 1109.38 0.583457 0 0 0 
149000 100 2.43 0 10 10887.9 0 9.99698 1 1139.9 0.598782 0 0 0 
150000 100 2.55 0 10 11166.8 0 9.997 1 1089.02 0.560638 0 0 0 
151000 100 2.52 0 10 11429.8 0 9.99702 1 1265.53 0.660534 0 0 0 
152000 100 2.14 0 10 11693.8 0 9.99704 1 1271.22 0.665828 0 0 0 
153000 100 2.56 0 10 11994.7 0 9.99706 1 1110.17 0.578667 0 0 0 
154000 100 2.67 0 10 12266.3 0 9.99708 1 1293.32 0.666541 0 0 0 
155000 100 3.02 0 10 12547.2 0 9.9971 1 1089.5 0.557142 0 0 0 
156000 100 3.09 0 10 12796.4 0 9.99712 1 1417.19 0.712071 0 0 0 
157000 100 2.41 0 10 13085.5 0 9.99714 1 1231.88 0.631057 0 0 0 
158000 100 2.44 0 10 13370.4 0 9.99716 1 1223.73 0.622099 0 0 0 
159000 100 2.4 0 10 13648.4 0 9.99717 1 1050.33 0.529926 0 0 0 
160000 100 2.72 0 10 13927 0 9.99719 1 1212.72 0.612188 0 0 0 
161000 100 3.34 0 10 14206.6 0 9.99721 1 1190.98 0.602467 0 0 0 
162000 100 2.16 0 10 14481 0 9.99723 1 1219.98 0.607993 0 0 0 
163000 100 2.43 0 10 14759 0 9.99724 1 1039.32 0.515394 0 0 0 
164000 100 2.28 0 10 15061 0 9.99726 1 1035.11 0.508967 0 0 0 
165000 100 2.24 0 10 15351.4 0 9.99728 1 1021.8 0.502676 0 0 0 
166000 100 2.7 0 10 15628.5 0 9.99729 1 1082.91 0.528172 0 0 0 
167000 100 2.05 0 10 15913.8 0 9.99731 1 1129.84 0.548936 0 0 0 
168000 100 1.97 0 10 16190.7 0 9.99733 1 1244.94 0.596295 0 0 0 
169000 100 2.38 0 10 16455.4 0 9.99734 1 1227.9 0.587154 0 0 0 
170000 100 2.81 0 10 16727.9 0 9.99736 1 1103.3 0.527151 0 0 0 
171000 100 2.86 0 10 16980.8 0 9.99737 1 1154 0.548537 0 0 0 
172000 100 2.49 0 10 17249.5 0 9.99739 1 1192.71 0.556643 0 0 0 
173000 100 2.44 0 10 17509.6 0 9.9974 1 1380.48 0.65187 0 0 0 
174000 100 2.84 0 10 17778.8 0 9.99742 1 1088.19 0.510469 0 0 0 
175000 100 2.33 0 10 18034.7 0 9.99743 1 1287.42 0.60227 0 0 0 
176000 100 2.85 0 10 18296.1 0 9.99745 1 1276.31 0.590895 0 0 0 
177000 100 2.88 0 10 18563.5 0 9.99746 1 1478.03 0.670914 0 0 0 
178000 100 2.66 0 10 18804.8 0 9.99748 1 1288.67 0.590289 0 0 0 
179000 100 2.6 0 10 19054.3 0 9.99749 1 1364.49 0.614214 0 0 0 
180000 100 2.04 0 10 19320 0 9.9975 1 1169.63 0.526815 0 0 0 
181000 100 1.92 0 10 19607.6 0 9.99752 1 1095.62 0.505276 0 0 0 
182000 100 2.22 0 10 19889.7 0 9.99753 1 1163.16 0.535868 0 0 0 
183000 100 2.8 0 10 20175.6 0 9.99754 1 1118.82 0.519234 0 0 0 
184000 100 2.38 0 10 20430.5 0 9.99756 1 1210.69 0.550398 0 0 0 
185000 100 1.9 0 10 20729 0 9.99757 1 1112.65 0.509269 0 0 0 
186000 100 2.19 0 10 21020.2 0 9.99758 1 1066 0.487588 0 0 0 
187000 100 1.76 0 10 21316.2 0 9.9976 1 1095.54 0.500032 0 0 0 
188000 100 2.25 0 10 21600.3 0 9.99761 1 1018.77 0.45993 0 0 0 
189000 100 2.35 0 10 21889.5 0 9.99762 1 1020.36 0.460298 0 0 0 
190000 100 2.24 0 10 22167.2 0 9.99764 1 1293.25 0.57385 0 0 0 
191000 100 2.25 0 10 22451.6 0 9.99765 1 1121.99 0.500853 0 0 0 
192000 100 1.94 0 10 22734.2 0 9.99766 1 1018.47 0.45578 0 0 0 
193000 100 2.36 0 10 23011.6 0 9.99767 1 1108.42 0.487491 0 0 0 
194000 100 2.15 0 10 23329.3 0 9.99768 1 1154.75 0.511055 0 0 0 
195000 100 2.89 0 10 23620.4 0 9.9977 1 1063.98 0.463645 0 0 0 
196000 100 1.77 0 10 23912.5 0 9.99771 1 1217.36 0.522376 0 0 0 
197000 100 1.6 0 10 24191.6 0 9.99772 1 1135.95 0.487479 0 0 0 
198000 100 1.92 0 10 24458.2 0 9.99773 1 1050.48 0.453143 0 0 0 
199000 100 2.06 0 10 24768.6 0 9.99774 1 1164.2 0.499979 0 0 0 
200000 100 2.2 0 10 25063.9 0 9.99775 1 1168.99 0.506943 0 0 0 
201000 100 2.29 0 10 25358.2 0 9.99776 1 1124.72 0.482163 0 0 0 
202000 100 1.99 0 10 25640.1 0 9.99778 1 1215.44 0.520297 0 0 0 
203000 100 2.1 0 10 25931.5 0 9.99779 1 1110.94 0.478823 0 0 0 
204000 100 2.22 0 10 26190.3 0 9.9978 1 1116.68 0.490243 0 0 0 
205000 100 2.44 0 10 26475.2 0 9.99781 1 949.06 0.413053 0 0 0 
206000 100 2.47 0 10 26756.2 0 9.99782 1 1080.19 0.46902 0 0 0 
207000 100 1.93 0 10 27032 0 9.99783 1 1030.2 0.437651 0 0 0 
208000 100 2.04 0 10 27340.8 0 9.99784 1 1070.36 0.452983 0 0 0 
209000 100 1.84 0 10 27629.5 0 9.99785 1 1051.81 0.445208 0 0 0 
210000 100 2.47 0 10 27920.6 0 9.99786 1 1066.14 0.456285 0 0 0 
211000 100 2.2 0 10 28216.3 0 9.99787 1 1147.57 0.488558 0 0 0 
212000 100 2.53 0 10 28516.2 0 9.99788 1 1169.99 0.499389 0 0 0 
213000 100 1.58 0 10 28813.2 0 9.99789 1 1082.22 0.456507 0 0 0 
214000 100 2.12 0 10 29110.2 0 9.9979 1 1144.33 0.486128 0 0 0 
215000 100 1.66 0 10 29401.9 0 9.99791 1 1272.78 0.540454 0 0 0 
216000 100 1.93 0 10 29672.4 0 9.99792 1 1052.52 0.441723 0 0 0 
217000 100 1.82 0 10 29958.8 0 9.99793 1 1162.01 0.487194 0 0 0 
218000 100 1.88 0 10 30246.8 0 9.99794 1 1076.11 0.45208 0 0 0 
219000 100 2.2 0 10 30528.8 0 9.99795 1 1031.05 0.432467 0 0 0 
220000 100 2.19 0 10 30818.6 0 9.99796 1 1124.98 0.473293 0 0 0 
221000 100 2.29 0 10 31115.1 0 9.99797 1 1041.16 0.436547 0 0 0 
222000 100 1.63 0 10 31395.2 0 9.99798 1 1120.29 0.466875 0 0 0 
223000 100 2.01 0 10 31678.1 0 9.99799 1 1236.57 0.51514 0 0 0 
224000 100 2.31 0 10 32003.1 0 9.99799 1 999.29 0.414514 0 0 0 
225000 100 2.46 0 10 32289.9 0 9.998 1 1013.03 0.420558 0 0 0 
226000 100 2.06 0 10 32588 0 9.99801 1 961.18 0.396842 0 0 0 
227000 100 1.49 0 10 32876.8 0 9.99802 1 969.61 0.402775 0 0 0 
228000 100 2.09 0 10 33200.4 0 9.99803 1 933.05 0.384628 0 0 0 
229000 100 2.53 0 10 33507.1 0 9.99804 1 1091.32 0.440674 0 0 0 
230000 100 2.51 0 10 33838.4 0 9.99805 1 961.83 0.383945 0 0 0 
231000 100 2.37 0 10 34137.3 0 9.99805 1 1021.9 0.410885 0 0 0 
232000 100 1.76 0 10 34470.2 0 9.99806 1 997.76 0.40548 0 0 0 
233000 100 1.51 0 10 34808.5 0 9.99807 1 1047.74 0.425298 0 0 0 
234000 100 1.65 0 10 35151.7 0 9.99808 1 873.42 0.353537 0 0 0 
235000 100 2.1 0 10 35492.7 0 9.99809 1 1094.13 0.447964 0 0 0 
236000 100 1.98 0 10 35821.6 0 9.9981 1 944.73 0.392106 0 0 0 
237000 100 1.72 0 10 36148.9 0 9.9981 1 951.54 0.393626 0 0 0 
238000 100 1.73 0 10 36493.2 0 9.99811 1 1023.08 0.42366 0 0 0 
239000 100 1.85 0 10 36812.7 0 9.99812 1 815.71 0.336704 0 0 0 
240000 100 2.32 0 10 37141.9 0 9.99813 1 965.46 0.394217 0 0 0 
241000 100 2.06 0 10 37493.8 0 9.99814 1 952.72 0.38732 0 0 0 
242000 100 1.74 0 10 37822.5 0 9.99814 1 904.43 0.368956 0 0 0 
243000 100 1.71 0 10 38153.7 0 9.99815 1 847.85 0.351001 0 0 0 
244000 100 2.2 0 10 38485.9 0 9.99816 1 939.56 0.385378 0 0 0 
245000 100 1.87 0 10 38818.4 0 9.99817 1 1125.11 0.461429 0 0 0 
246000 100 1.95 0 10 39136.1 0 9.99817 1 996.31 0.406549 0 0 0 
247000 100 1.51 0 10 39439.4 0 9.99818 1 1171.65 0.472967 0 0 0 
248000 100 1.51 0 10 39755 0 9.99819 1 941.27 0.379739 0 0 0 
249000 100 1.67 0 10 40090 0 9.9982 1 916.63 0.366493 0 0 0 
250000 100 1.18 0 10 40414.6 0 9.9982 1 955.53 0.381184 0 0 0 