# Avida Average Deme Data
# Thu Apr 17 20:34:39 2014
#  1: Update
#  2: Count
#  3: Age
#  4: Births
#  5: Organisms
#  6: Generation
#  7: Births (at last replication)
#  8: Organisms (at last replication)
#  9: Merit
# 10: Gestation Time
# 11: Time Used (normalized by org fitness)
# 12: Generations between current and last founders
# 13: Events killed
# 14: Attempts to kill event

0 100 0 0 1 0 0 0 1 0 0 0 0 0 
1000 100 21.89 0 10 22.63 0 9.52008 1 13054.8 11.2412 0 0 0 
2000 100 22.31 0 10 46.97 0 9.75992 1 13375.5 11.5133 0 0 0 
3000 100 24.46 0 10 75.28 0 9.83992 1 12671.4 10.9534 0 0 0 
4000 100 17.73 0 10 109.34 0 9.87993 1 9328.58 8.13987 0 0 0 
5000 100 15.55 0 10 147.22 0 9.90394 1 8938.31 7.7921 0 0 0 
6000 100 14.92 0 10 185.25 0 9.91995 1 7827.4 6.86668 0 0 0 
7000 100 12.41 0 10 230.92 0 9.93138 1 7793.87 6.89053 0 0 0 
8000 100 14.97 0 10 274.82 0 9.93996 1 7339.97 6.50727 0 0 0 
9000 100 12.64 0 10 315.86 0 9.94663 1 7106.87 6.3025 0 0 0 
10000 100 18.22 0 10 361.31 0 9.95196 1 7859.18 6.9752 0 0 0 
11000 100 13 0 10 412.1 0 9.95633 1 7299.28 6.42476 0 0 0 
12000 100 14.39 0 10 456.59 0 9.95997 1 6534.1 5.80661 0 0 0 
13000 100 13.83 0 10 502.84 0 9.96305 1 6995.13 6.12486 0 0 0 
14000 100 11.39 0 10 546.23 0 9.96569 1 7028.79 6.08982 0 0 0 
15000 100 13.64 0 10 590.28 0 9.96798 1 7158.65 6.10889 0 0 0 
16000 100 12.36 0 10 636.06 0 9.96998 1 6980.83 5.95059 0 0 0 
17000 100 15.47 0 10 677.35 0 9.97174 1 6618.26 5.64692 0 0 0 
18000 100 14.28 0 10 721.8 0 9.97331 1 7562.42 6.35312 0 0 0 
19000 100 13.98 0 10 763.97 0 9.97472 1 6910.42 5.71622 0 0 0 
20000 100 13.26 0 10 810.3 0 9.97598 1 6628.75 5.42343 0 0 0 
21000 100 11.3 0 10 857.37 0 9.97712 1 6861.38 5.63508 0 0 0 
22000 100 11.55 0 10 900.72 0 9.97816 1 7522.4 6.06773 0 0 0 
23000 100 11.83 0 10 942.58 0 9.97911 1 6939 5.59802 0 0 0 
24000 100 11.8 0 10 989.17 0 9.97998 1 7878.96 6.32702 0 0 0 
25000 100 17.02 0 10 1029.98 0 9.98078 1 6870.83 5.46074 0 0 0 
26000 100 12.28 0 10 1075.15 0 9.98152 1 6914.3 5.4666 0 0 0 
27000 100 12.23 0 10 1117.7 0 9.98221 1 7572.43 6.00593 0 0 0 
28000 100 15.03 0 10 1165.96 0 9.98284 1 7371.04 5.85667 0 0 0 
29000 100 13.03 0 10 1216.03 0 9.98344 1 6899.87 5.44864 0 0 0 
30000 100 13.15 0 10 1263.3 0 9.98399 1 6626.59 5.21737 0 0 0 
31000 100 14.28 0 10 1310.98 0 9.9845 1 7390.28 5.84406 0 0 0 
32000 100 15.6 0 10 1352.68 0 9.98499 1 7054.74 5.49068 0 0 0 
33000 100 12.5 0 10 1395.49 0 9.98544 1 6976.66 5.37598 0 0 0 
34000 100 12.11 0 10 1449.97 0 9.98587 1 7305.31 5.5825 0 0 0 
35000 100 15.06 0 10 1493.42 0 9.98627 1 7053.79 5.32114 0 0 0 
36000 100 12.48 0 10 1540.77 0 9.98666 1 6648.09 5.01945 0 0 0 
37000 100 12.16 0 10 1585.79 0 9.98702 1 7239.08 5.47147 0 0 0 
38000 100 11.94 0 10 1635.3 0 9.98736 1 6942.65 5.16145 0 0 0 
39000 100 7.41 0 10 1705.51 0 9.98768 1 3135.04 2.34075 0 0 0 
40000 100 5.48 0 10 1817.61 0 9.98799 1 2929.28 2.19207 0 0 0 
41000 100 5.04 0 10 1989.22 0 9.98828 1 2065.84 1.53798 0 0 0 
42000 100 3.9 0 10 2154.74 0 9.98856 1 1810.55 1.35505 0 0 0 
43000 100 3.38 0 10 2338.41 0 9.98883 1 1556.95 1.18713 0 0 0 
44000 100 3.05 0 10 2541.14 0 9.98908 1 1655.8 1.26141 0 0 0 
45000 100 3.24 0 10 2729.54 0 9.98932 1 1278.31 0.94917 0 0 0 
46000 100 2.89 0 10 2955.64 0 9.98956 1 1558.1 1.17573 0 0 0 
47000 100 3.59 0 10 3213.69 0 9.98978 1 1401.94 1.04558 0 0 0 
48000 100 3.2 0 10 3415.34 0 9.98999 1 1313.36 0.986306 0 0 0 
49000 100 2.42 0 10 3650.47 0 9.9902 1 1286.52 0.977976 0 0 0 
50000 100 3.38 0 10 3896.4 0 9.99039 1 1236.23 0.937151 0 0 0 
51000 100 2.27 0 10 4165.83 0 9.99058 1 1197.16 0.889661 0 0 0 
52000 100 3.02 0 10 4411.08 0 9.99076 1 1223.36 0.889502 0 0 0 
53000 100 2.67 0 10 4657.18 0 9.99094 1 1343.17 0.964102 0 0 0 
54000 100 2.43 0 10 4971.37 0 9.9911 1 1097.73 0.788419 0 0 0 
55000 100 2.25 0 10 5281.89 0 9.99127 1 1077.32 0.821897 0 0 0 
56000 100 2.05 0 10 5624.98 0 9.99142 1 1114.56 0.84065 0 0 0 
57000 100 2.28 0 10 5961.01 0 9.99157 1 995.81 0.707422 0 0 0 
58000 100 1.71 0 10 6308.19 0 9.99172 1 935.05 0.665324 0 0 0 
59000 100 1.53 0 10 6652.56 0 9.99186 1 944.25 0.649494 0 0 0 
60000 100 2.89 0 10 7005.27 0 9.99199 1 857.16 0.581562 0 0 0 
61000 100 2.47 0 10 7344.09 0 9.99212 1 980.46 0.62884 0 0 0 
62000 100 1.64 0 10 7688.6 0 9.99225 1 1016.97 0.638293 0 0 0 
63000 100 2.5 0 10 8029.66 0 9.99237 1 1041.39 0.633425 0 0 0 
64000 100 2.07 0 10 8358.83 0 9.99249 1 903.58 0.54188 0 0 0 
65000 100 2.12 0 10 8677.12 0 9.99261 1 1017.72 0.594784 0 0 0 
66000 100 1.98 0 10 8993.37 0 9.99272 1 842.86 0.492716 0 0 0 
67000 100 1.65 0 10 9333.73 0 9.99283 1 1028.7 0.59309 0 0 0 
68000 100 2.11 0 10 9647.07 0 9.99294 1 988.69 0.57879 0 0 0 
69000 100 2.31 0 10 9968.62 0 9.99304 1 972.44 0.572609 0 0 0 
70000 100 2 0 10 10295.2 0 9.99314 1 1174.62 0.684002 0 0 0 
71000 100 2.2 0 10 10613.5 0 9.99323 1 1027.99 0.585613 0 0 0 
72000 100 1.45 0 10 10938.8 0 9.99333 1 1065.55 0.588321 0 0 0 
73000 100 1.47 0 10 11256.4 0 9.99342 1 908.4 0.506409 0 0 0 
74000 100 1.47 0 10 11569.6 0 9.99351 1 918.06 0.495803 0 0 0 
75000 100 2.01 0 10 11871.1 0 9.99359 1 1046.21 0.556787 0 0 0 
76000 100 1.96 0 10 12180.6 0 9.99368 1 957.08 0.515239 0 0 0 
77000 100 2.39 0 10 12506.5 0 9.99376 1 1018.4 0.539585 0 0 0 
78000 100 1.77 0 10 12827.3 0 9.99384 1 888.37 0.455461 0 0 0 
79000 100 2.01 0 10 13144.3 0 9.99392 1 1016.25 0.525469 0 0 0 
80000 100 2.44 0 10 13455.8 0 9.994 1 1075.84 0.555998 0 0 0 
81000 100 1.82 0 10 13744.6 0 9.99407 1 1085.35 0.556786 0 0 0 
82000 100 3.03 0 10 14060.2 0 9.99414 1 1227.45 0.639364 0 0 0 
83000 100 1.44 0 10 14399 0 9.99421 1 980.69 0.506658 0 0 0 
84000 100 1.81 0 10 14746.5 0 9.99428 1 1010.49 0.534496 0 0 0 
85000 100 1.62 0 10 15076.7 0 9.99435 1 923.69 0.488961 0 0 0 
86000 100 1.78 0 10 15396.4 0 9.99441 1 1066.79 0.566145 0 0 0 
87000 100 1.61 0 10 15720.7 0 9.99448 1 1079.06 0.585833 0 0 0 
88000 100 2.79 0 10 16021.8 0 9.99454 1 912.86 0.486893 0 0 0 
89000 100 2.06 0 10 16340.9 0 9.9946 1 970.23 0.532384 0 0 0 
90000 100 2.33 0 10 16665.2 0 9.99466 1 1029.94 0.548389 0 0 0 
91000 100 2.37 0 10 17018 0 9.99472 1 1016.67 0.530795 0 0 0 
92000 100 1.83 0 10 17370.8 0 9.99478 1 909.12 0.467684 0 0 0 
93000 100 1.64 0 10 17714.3 0 9.99483 1 973.7 0.508455 0 0 0 
94000 100 1.9 0 10 18065.3 0 9.99489 1 1006.96 0.509288 0 0 0 
95000 100 1.56 0 10 18419.9 0 9.99494 1 915.31 0.450538 0 0 0 
96000 100 1.77 0 10 18744.8 0 9.995 1 1046.79 0.510323 0 0 0 
97000 100 2.01 0 10 19064.7 0 9.99505 1 1062.33 0.510867 0 0 0 
98000 100 1.79 0 10 19383 0 9.9951 1 1121.38 0.535992 0 0 0 
99000 100 2.7 0 10 19671.3 0 9.99515 1 1043.89 0.496123 0 0 0 
100000 100 1.78 0 10 19967.8 0 9.9952 1 1385.28 0.660334 0 0 0 
101000 100 2.43 0 10 20278.9 0 9.99524 1 1110.17 0.534408 0 0 0 
102000 100 2.08 0 10 20601.4 0 9.99529 1 1092.4 0.516809 0 0 0 
103000 100 2.33 0 10 20926.6 0 9.99534 1 1046.71 0.496894 0 0 0 
104000 100 2.51 0 10 21238 0 9.99538 1 1083.29 0.520383 0 0 0 
105000 100 1.79 0 10 21558.5 0 9.99542 1 1000.51 0.481891 0 0 0 
106000 100 2.32 0 10 21843.5 0 9.99547 1 1041.62 0.489833 0 0 0 
107000 100 2.29 0 10 22157.7 0 9.99551 1 988.15 0.46667 0 0 0 
108000 100 1.82 0 10 22454.3 0 9.99555 1 983.29 0.466413 0 0 0 
109000 100 1.91 0 10 22768.4 0 9.99559 1 1038.9 0.492177 0 0 0 
110000 100 1.86 0 10 23074.7 0 9.99563 1 1043.32 0.501303 0 0 0 
111000 100 1.41 0 10 23373.5 0 9.99567 1 886.37 0.422226 0 0 0 
112000 100 2.04 0 10 23704 0 9.99571 1 940.53 0.447276 0 0 0 
113000 100 1.7 0 10 24022.4 0 9.99575 1 890.57 0.428302 0 0 0 
114000 100 1.49 0 10 24323.9 0 9.99579 1 1065.95 0.505731 0 0 0 
115000 100 1.74 0 10 24649.8 0 9.99582 1 1040.84 0.491213 0 0 0 
116000 100 1.57 0 10 24988.1 0 9.99586 1 955.61 0.438237 0 0 0 
117000 100 1.64 0 10 25343.8 0 9.99589 1 1044.18 0.474412 0 0 0 
118000 100 1.64 0 10 25689.7 0 9.99593 1 1114.45 0.508751 0 0 0 
119000 100 1.2 0 10 26037.7 0 9.99596 1 951.15 0.42918 0 0 0 
120000 100 1.85 0 10 26364.3 0 9.996 1 1100 0.497626 0 0 0 
121000 100 1.94 0 10 26697.1 0 9.99603 1 973.79 0.444565 0 0 0 
122000 100 1.78 0 10 27008.2 0 9.99606 1 975.85 0.45012 0 0 0 
123000 100 1.95 0 10 27321.5 0 9.99609 1 968.25 0.446492 0 0 0 
124000 100 1.69 0 10 27650.2 0 9.99613 1 1052.86 0.480698 0 0 0 
125000 100 1.99 0 10 27988.6 0 9.99616 1 878.02 0.409712 0 0 0 
126000 100 2.2 0 10 28302.8 0 9.99619 1 957.71 0.438859 0 0 0 
127000 100 2.44 0 10 28601.1 0 9.99622 1 972.01 0.443485 0 0 0 
128000 100 1.96 0 10 28926.5 0 9.99625 1 960.03 0.425194 0 0 0 
129000 100 1.66 0 10 29239.2 0 9.99628 1 961.54 0.424934 0 0 0 
130000 100 1.97 0 10 29558.6 0 9.9963 1 1001.22 0.42913 0 0 0 
131000 100 2.05 0 10 29885.3 0 9.99633 1 953.18 0.416777 0 0 0 
132000 100 1.83 0 10 30230.3 0 9.99636 1 881.79 0.382077 0 0 0 
133000 100 1.64 0 10 30573.3 0 9.99639 1 898.58 0.399456 0 0 0 
134000 100 1.6 0 10 30900.2 0 9.99641 1 1014.54 0.449104 0 0 0 
135000 100 1.83 0 10 31245.9 0 9.99644 1 890.12 0.395322 0 0 0 
136000 100 1.67 0 10 31586.6 0 9.99647 1 950.61 0.41884 0 0 0 
137000 100 1.93 0 10 31929.2 0 9.99649 1 989.58 0.431136 0 0 0 
138000 100 1.68 0 10 32262.4 0 9.99652 1 884.34 0.380872 0 0 0 
139000 100 1.37 0 10 32603.2 0 9.99654 1 996.29 0.422876 0 0 0 
140000 100 1.56 0 10 32925.7 0 9.99657 1 883.2 0.371214 0 0 0 
141000 100 2.07 0 10 33253.1 0 9.99659 1 904.62 0.371948 0 0 0 
142000 100 1.4 0 10 33591.3 0 9.99662 1 898.2 0.366663 0 0 0 
143000 100 1.44 0 10 33930.5 0 9.99664 1 1013.53 0.409615 0 0 0 
144000 100 1.41 0 10 34280.4 0 9.99666 1 936.22 0.36856 0 0 0 
145000 100 1.59 0 10 34607.6 0 9.99669 1 1070.93 0.413519 0 0 0 
146000 100 2.24 0 10 34902.3 0 9.99671 1 947.86 0.358256 0 0 0 
147000 100 1.67 0 10 35243.5 0 9.99673 1 994.67 0.373896 0 0 0 
148000 100 1.91 0 10 35574 0 9.99675 1 876.01 0.330967 0 0 0 
149000 100 1.88 0 10 35916.6 0 9.99678 1 964.21 0.363387 0 0 0 
150000 100 2.23 0 10 36213.6 0 9.9968 1 939.3 0.349838 0 0 0 
151000 100 1.7 0 10 36545 0 9.99682 1 926.08 0.344002 0 0 0 
152000 100 1.87 0 10 36858.9 0 9.99684 1 993.23 0.369255 0 0 0 
153000 100 1.58 0 10 37177.8 0 9.99686 1 980.53 0.369574 0 0 0 
154000 100 1.7 0 10 37508.1 0 9.99688 1 1116.08 0.415118 0 0 0 
155000 100 2.28 0 10 37833.4 0 9.9969 1 963.95 0.363216 0 0 0 
156000 100 1.39 0 10 38160.1 0 9.99692 1 1015.9 0.381379 0 0 0 
157000 100 1.63 0 10 38489.7 0 9.99694 1 949.3 0.356428 0 0 0 
158000 100 1.81 0 10 38831.9 0 9.99696 1 875.11 0.327534 0 0 0 
159000 100 1.59 0 10 39162.3 0 9.99698 1 902.34 0.331768 0 0 0 
160000 100 1.64 0 10 39498.7 0 9.997 1 1005.82 0.369635 0 0 0 
161000 100 1.44 0 10 39832 0 9.99702 1 994.03 0.364172 0 0 0 
162000 100 1.45 0 10 40168.1 0 9.99703 1 1117.48 0.413865 0 0 0 
163000 100 1.35 0 10 40503.9 0 9.99705 1 953.94 0.351601 0 0 0 
164000 100 1.5 0 10 40845.9 0 9.99707 1 918.23 0.332345 0 0 0 
165000 100 1.82 0 10 41182.1 0 9.99709 1 967.54 0.346135 0 0 0 
166000 100 1.32 0 10 41516.2 0 9.99711 1 1013.45 0.363064 0 0 0 
167000 100 1.76 0 10 41849.4 0 9.99712 1 924.47 0.334182 0 0 0 
168000 100 1.36 0 10 42198.1 0 9.99714 1 906.75 0.320263 0 0 0 
169000 100 1.92 0 10 42553.3 0 9.99716 1 885.63 0.308249 0 0 0 
170000 100 1.75 0 10 42900.5 0 9.99717 1 965.17 0.339222 0 0 0 
171000 100 1.67 0 10 43263.9 0 9.99719 1 972.77 0.336663 0 0 0 
172000 100 1.57 0 10 43599.3 0 9.99721 1 880.09 0.303698 0 0 0 
173000 100 1.76 0 10 43957.6 0 9.99722 1 937.83 0.327101 0 0 0 
174000 100 1.81 0 10 44308.5 0 9.99724 1 957.21 0.336368 0 0 0 
175000 100 1.5 0 10 44657 0 9.99725 1 906.24 0.318441 0 0 0 
176000 100 1.22 0 10 44991.1 0 9.99727 1 866.17 0.297943 0 0 0 
177000 100 1.67 0 10 45352.5 0 9.99729 1 937.09 0.315901 0 0 0 
178000 100 1.34 0 10 45694.8 0 9.9973 1 912.59 0.305821 0 0 0 
179000 100 1.49 0 10 46029 0 9.99732 1 955.51 0.324836 0 0 0 
180000 100 1.57 0 10 46374.8 0 9.99733 1 904.28 0.310441 0 0 0 
181000 100 1.42 0 10 46719.8 0 9.99735 1 798.57 0.274197 0 0 0 
182000 100 1.75 0 10 47040.8 0 9.99736 1 946.62 0.317167 0 0 0 
183000 100 1.09 0 10 47380.3 0 9.99737 1 1056.1 0.356548 0 0 0 
184000 100 1.71 0 10 47742.2 0 9.99739 1 843.35 0.284765 0 0 0 
185000 100 1.47 0 10 48087.5 0 9.9974 1 840.93 0.276562 0 0 0 
186000 100 1.21 0 10 48451.3 0 9.99742 1 916.36 0.303216 0 0 0 
187000 100 1.8 0 10 48815.2 0 9.99743 1 913.91 0.298225 0 0 0 
188000 100 1.51 0 10 49166.6 0 9.99744 1 924.3 0.299454 0 0 0 
189000 100 1.63 0 10 49519.6 0 9.99746 1 843.42 0.267849 0 0 0 
190000 100 1.18 0 10 49867.5 0 9.99747 1 960.56 0.307255 0 0 0 
191000 100 2.07 0 10 50214.5 0 9.99748 1 940.21 0.295964 0 0 0 
192000 100 2.02 0 10 50552.5 0 9.9975 1 934.38 0.29302 0 0 0 
193000 100 1.71 0 10 50898 0 9.99751 1 915.31 0.290492 0 0 0 
194000 100 1.95 0 10 51229.2 0 9.99752 1 963.82 0.298079 0 0 0 
195000 100 1.79 0 10 51547.9 0 9.99754 1 988.46 0.302557 0 0 0 
196000 100 1.69 0 10 51889.6 0 9.99755 1 868.73 0.264634 0 0 0 
197000 100 1.46 0 10 52208.6 0 9.99756 1 1001.94 0.303584 0 0 0 
198000 100 1.39 0 10 52560.8 0 9.99757 1 847.94 0.254569 0 0 0 
199000 100 1.59 0 10 52897.1 0 9.99759 1 903.46 0.2674 0 0 0 
200000 100 1.81 0 10 53230.4 0 9.9976 1 937.91 0.274468 0 0 0 
201000 100 1.77 0 10 53554.1 0 9.99761 1 941.58 0.276135 0 0 0 
202000 100 1.75 0 10 53896.4 0 9.99762 1 1035.12 0.312156 0 0 0 
203000 100 1.73 0 10 54227.8 0 9.99763 1 953.81 0.286269 0 0 0 
204000 100 1.29 0 10 54569 0 9.99765 1 917.88 0.268628 0 0 0 
205000 100 1.68 0 10 54901.5 0 9.99766 1 870.13 0.253394 0 0 0 
206000 100 1.28 0 10 55245.4 0 9.99767 1 903.3 0.2595 0 0 0 
207000 100 1.48 0 10 55591.9 0 9.99768 1 930.46 0.265581 0 0 0 
208000 100 1.43 0 10 55945.9 0 9.99769 1 924.77 0.264074 0 0 0 
209000 100 1.89 0 10 56275.1 0 9.9977 1 870.58 0.247873 0 0 0 
210000 100 1.42 0 10 56608.2 0 9.99771 1 944.43 0.267848 0 0 0 
211000 100 1.7 0 10 56964.9 0 9.99772 1 971.51 0.272581 0 0 0 
212000 100 1.39 0 10 57309.7 0 9.99773 1 885.31 0.247792 0 0 0 
213000 100 1.26 0 10 57655.9 0 9.99774 1 893.72 0.251435 0 0 0 
214000 100 1.64 0 10 58013.6 0 9.99776 1 1045.07 0.2933 0 0 0 
215000 100 1.63 0 10 58338.7 0 9.99777 1 864.44 0.241016 0 0 0 
216000 100 1.48 0 10 58686.1 0 9.99778 1 948.39 0.261875 0 0 0 
217000 100 1.46 0 10 59024.4 0 9.99779 1 894.2 0.246296 0 0 0 
218000 100 1.53 0 10 59365.3 0 9.9978 1 1014.41 0.279919 0 0 0 
219000 100 1.66 0 10 59698.4 0 9.99781 1 1016.1 0.280489 0 0 0 
220000 100 1.59 0 10 60044.8 0 9.99782 1 953.52 0.261311 0 0 0 
221000 100 1.43 0 10 60381.1 0 9.99783 1 957.23 0.261118 0 0 0 
222000 100 1.13 0 10 60725.2 0 9.99784 1 926.58 0.250942 0 0 0 
223000 100 1.79 0 10 61055 0 9.99785 1 959.48 0.25905 0 0 0 
224000 100 2.03 0 10 61366.9 0 9.99786 1 877.14 0.240487 0 0 0 
225000 100 1.77 0 10 61687 0 9.99786 1 809.68 0.220862 0 0 0 
226000 100 1.65 0 10 62027.9 0 9.99787 1 915.44 0.252501 0 0 0 
227000 100 1.57 0 10 62365.7 0 9.99788 1 943.09 0.262156 0 0 0 
228000 100 1.21 0 10 62706.3 0 9.99789 1 985.91 0.276229 0 0 0 
229000 100 2.15 0 10 63053.7 0 9.9979 1 883.76 0.247373 0 0 0 
230000 100 1.58 0 10 63387.9 0 9.99791 1 826.83 0.235128 0 0 0 
231000 100 1.24 0 10 63711.4 0 9.99792 1 935.03 0.266166 0 0 0 
232000 100 1.43 0 10 64034.9 0 9.99793 1 905.26 0.252188 0 0 0 
233000 100 1.92 0 10 64362.1 0 9.99794 1 965.07 0.267948 0 0 0 
234000 100 1.85 0 10 64694.2 0 9.99795 1 861.6 0.240574 0 0 0 
235000 100 1.41 0 10 65033.1 0 9.99796 1 1028.34 0.283091 0 0 0 
236000 100 1.62 0 10 65363.9 0 9.99796 1 984.2 0.272619 0 0 0 
237000 100 1.33 0 10 65692.1 0 9.99797 1 924.99 0.251616 0 0 0 
238000 100 1.43 0 10 66024 0 9.99798 1 736.95 0.198351 0 0 0 
239000 100 1.52 0 10 66370.1 0 9.99799 1 941.51 0.25046 0 0 0 
240000 100 1.87 0 10 66706.9 0 9.998 1 991.98 0.261499 0 0 0 
241000 100 1.99 0 10 67033.7 0 9.99801 1 817.16 0.213774 0 0 0 
242000 100 2.06 0 10 67372.9 0 9.99801 1 886.52 0.231934 0 0 0 
243000 100 1.61 0 10 67686.2 0 9.99802 1 901.87 0.236509 0 0 0 
244000 100 1.46 0 10 68019.8 0 9.99803 1 961.89 0.250163 0 0 0 
245000 100 1.51 0 10 68366.4 0 9.99804 1 997.23 0.260797 0 0 0 
246000 100 1.89 0 10 68706.6 0 9.99805 1 929.83 0.245132 0 0 0 
247000 100 1.48 0 10 69061.4 0 9.99806 1 1019.65 0.266171 0 0 0 
248000 100 1.51 0 10 69396.3 0 9.99806 1 920.58 0.237879 0 0 0 
249000 100 1.51 0 10 69721.1 0 9.99807 1 855.11 0.220291 0 0 0 
250000 100 1.91 0 10 70027.4 0 9.99808 1 847.22 0.217752 0 0 0 