# Avida Average Deme Data
# Mon Apr 21 12:46:15 2014
#  1: Update
#  2: Count
#  3: Age
#  4: Births
#  5: Organisms
#  6: Generation
#  7: Births (at last replication)
#  8: Organisms (at last replication)
#  9: Merit
# 10: Gestation Time
# 11: Time Used (normalized by org fitness)
# 12: Generations between current and last founders
# 13: Events killed
# 14: Attempts to kill event

0 100 0 0 1 0 0 0 1 0 0 0 0 0 
1000 100 28.14 0 10 22.43 0 9.56374 1 14695.7 12.6732 0 0 0 
2000 100 25.02 0 10 45.62 0 9.78176 1 13417.1 11.5439 0 0 0 
3000 100 25.93 0 10 67.42 0 9.85448 1 12250.3 10.5657 0 0 0 
4000 100 19.48 0 10 89.29 0 9.89085 1 12947.8 11.0535 0 0 0 
5000 100 21.12 0 10 114.96 0 9.91268 1 11666.7 9.85091 0 0 0 
6000 100 18.66 0 10 147.52 0 9.92723 1 10790 9.01882 0 0 0 
7000 100 21.6 0 10 179.11 0 9.93762 1 10417.5 8.6529 0 0 0 
8000 100 17.51 0 10 209.81 0 9.94542 1 10066.6 8.35008 0 0 0 
9000 100 18.47 0 10 244.06 0 9.95148 1 9240.6 7.65266 0 0 0 
10000 100 15.95 0 10 280.26 0 9.95633 1 9715.32 7.96669 0 0 0 
11000 100 18.74 0 10 317.01 0 9.9603 1 9129.68 7.50528 0 0 0 
12000 100 21.96 0 10 351.34 0 9.96361 1 9721.66 7.96095 0 0 0 
13000 100 21.53 0 10 384.84 0 9.96641 1 9100.82 7.44771 0 0 0 
14000 100 17.12 0 10 418.74 0 9.96881 1 8758.06 7.14816 0 0 0 
15000 100 16.56 0 10 450.84 0 9.97089 1 9766.77 7.92275 0 0 0 
16000 100 16.41 0 10 477.12 0 9.97271 1 9341.5 7.5441 0 0 0 
17000 100 17.1 0 10 508.44 0 9.97431 1 9368.16 7.53747 0 0 0 
18000 100 17.43 0 10 544.64 0 9.97574 1 8310.42 6.70812 0 0 0 
19000 100 15.42 0 10 577.32 0 9.97702 1 8606.04 6.86986 0 0 0 
20000 100 15.8 0 10 611.41 0 9.97817 1 8823.79 7.01181 0 0 0 
21000 100 16.72 0 10 648.27 0 9.97921 1 8593.7 6.82982 0 0 0 
22000 100 14.62 0 10 684.49 0 9.98015 1 8237.54 6.52407 0 0 0 
23000 100 14.22 0 10 722.16 0 9.98101 1 7540.79 5.94363 0 0 0 
24000 100 16.89 0 10 763.06 0 9.9818 1 8097.91 6.18044 0 0 0 
25000 100 16.52 0 10 802.68 0 9.98253 1 8994.08 6.82782 0 0 0 
26000 100 14.25 0 10 841.13 0 9.9832 1 8958.22 6.75414 0 0 0 
27000 100 15.43 0 10 877.35 0 9.98383 1 7674.63 5.75039 0 0 0 
28000 100 16.51 0 10 913.01 0 9.9844 1 8582.53 6.36071 0 0 0 
29000 100 14.08 0 10 952.18 0 9.98494 1 7776.09 5.74309 0 0 0 
30000 100 13.33 0 10 992.64 0 9.98544 1 7256.8 5.26398 0 0 0 
31000 100 12.42 0 10 1035.15 0 9.98591 1 7282.26 5.1667 0 0 0 
32000 100 11.67 0 10 1081.13 0 9.98635 1 6939.4 4.9275 0 0 0 
33000 100 13.45 0 10 1125.52 0 9.98677 1 6909.68 4.92058 0 0 0 
34000 100 11.88 0 10 1170.95 0 9.98716 1 6577.44 4.73565 0 0 0 
35000 100 15.35 0 10 1212.21 0 9.98752 1 7288.06 5.24485 0 0 0 
36000 100 11.69 0 10 1263.88 0 9.98787 1 5932.02 4.20139 0 0 0 
37000 100 10.38 0 10 1323.61 0 9.9882 1 5769.88 4.05837 0 0 0 
38000 100 11.98 0 10 1377.15 0 9.98851 1 5803.12 4.07137 0 0 0 
39000 100 10.5 0 10 1435.16 0 9.9888 1 5893.05 4.12436 0 0 0 
40000 100 10.47 0 10 1488.96 0 9.98908 1 5318.43 3.75671 0 0 0 
41000 100 11.11 0 10 1547.88 0 9.98935 1 5511.53 3.8743 0 0 0 
42000 100 8.64 0 10 1607.64 0 9.9896 1 5071.34 3.6023 0 0 0 
43000 100 12.95 0 10 1666.04 0 9.98984 1 5423.89 3.77946 0 0 0 
44000 100 8.58 0 10 1729.82 0 9.99008 1 5269.95 3.58875 0 0 0 
45000 100 9.76 0 10 1790.77 0 9.9903 1 5408.58 3.67127 0 0 0 
46000 100 10.18 0 10 1852.07 0 9.99051 1 4951.39 3.2714 0 0 0 
47000 100 9.77 0 10 1911.37 0 9.99071 1 5627.74 3.73137 0 0 0 
48000 100 9.38 0 10 1977.19 0 9.9909 1 4417.55 2.87622 0 0 0 
49000 100 8.37 0 10 2035.77 0 9.99109 1 5413.67 3.59994 0 0 0 
50000 100 11.8 0 10 2095.35 0 9.99127 1 4585.36 3.09161 0 0 0 
51000 100 8.38 0 10 2159.84 0 9.99144 1 5209.46 3.45521 0 0 0 
52000 100 9.83 0 10 2222.58 0 9.9916 1 5431.16 3.60756 0 0 0 
53000 100 10.55 0 10 2284.52 0 9.99176 1 4975.01 3.33174 0 0 0 
54000 100 8.68 0 10 2346.46 0 9.99191 1 4975.38 3.29116 0 0 0 
55000 100 12.22 0 10 2405.69 0 9.99206 1 4602.5 3.06057 0 0 0 
56000 100 9.64 0 10 2464.36 0 9.9922 1 5606.79 3.67907 0 0 0 
57000 100 9.46 0 10 2527.84 0 9.99234 1 5129 3.33737 0 0 0 
58000 100 7.78 0 10 2592.04 0 9.99247 1 5232.66 3.37812 0 0 0 
59000 100 9.94 0 10 2651.66 0 9.9926 1 5098.58 3.23786 0 0 0 
60000 100 9.62 0 10 2708.56 0 9.99272 1 5239.36 3.35889 0 0 0 
61000 100 8.16 0 10 2768.66 0 9.99284 1 4816.55 3.05715 0 0 0 
62000 100 10.22 0 10 2834.84 0 9.99296 1 4958.96 3.11278 0 0 0 
63000 100 8.24 0 10 2898.05 0 9.99307 1 5237.98 3.22184 0 0 0 
64000 100 9.71 0 10 2960.32 0 9.99318 1 5158.39 3.10545 0 0 0 
65000 100 10.18 0 10 3023.32 0 9.99328 1 5320.14 3.18068 0 0 0 
66000 100 9.42 0 10 3077.46 0 9.99338 1 5126.51 3.07516 0 0 0 
67000 100 10.89 0 10 3141.99 0 9.99348 1 5096.03 3.03093 0 0 0 
68000 100 9.88 0 10 3209.25 0 9.99358 1 4925.19 2.87453 0 0 0 
69000 100 10.63 0 10 3274.09 0 9.99367 1 4809.59 2.82409 0 0 0 
70000 100 9.61 0 10 3334.33 0 9.99376 1 5328.16 3.08565 0 0 0 
71000 100 9.69 0 10 3396.67 0 9.99385 1 4998.06 2.85098 0 0 0 
72000 100 9.12 0 10 3456.76 0 9.99393 1 5243.87 3.00282 0 0 0 
73000 100 9.32 0 10 3514.15 0 9.99402 1 5094.34 2.90985 0 0 0 
74000 100 8.71 0 10 3575.4 0 9.9941 1 5496.79 3.09873 0 0 0 
75000 100 9.81 0 10 3633.58 0 9.99418 1 5149.52 2.85551 0 0 0 
76000 100 8.31 0 10 3693.96 0 9.99425 1 4736.06 2.62047 0 0 0 
77000 100 8.03 0 10 3752.06 0 9.99433 1 5267.2 2.86763 0 0 0 
78000 100 8.44 0 10 3813.34 0 9.9944 1 4792.45 2.60501 0 0 0 
79000 100 10.52 0 10 3875.1 0 9.99447 1 4781.78 2.55925 0 0 0 
80000 100 7.84 0 10 3936.76 0 9.99454 1 4816.57 2.55942 0 0 0 
81000 100 10.6 0 10 3998.18 0 9.99461 1 4849.98 2.56922 0 0 0 
82000 100 9.27 0 10 4088.29 0 9.99467 1 3742.62 1.96861 0 0 0 
83000 100 5.17 0 10 4199.5 0 9.99474 1 2414.36 1.28946 0 0 0 
84000 100 7.42 0 10 4329.88 0 9.9948 1 2504.42 1.33375 0 0 0 
85000 100 5.2 0 10 4471.32 0 9.99486 1 2658.97 1.39188 0 0 0 
86000 100 5.39 0 10 4613.81 0 9.99492 1 2229.53 1.17209 0 0 0 
87000 100 3.38 0 10 4818.21 0 9.99498 1 1497.5 0.787005 0 0 0 
88000 100 2.74 0 10 5104.44 0 9.99504 1 906.56 0.481974 0 0 0 
89000 100 2.12 0 10 5421.44 0 9.99509 1 1082.21 0.568267 0 0 0 
90000 100 2.8 0 10 5752.42 0 9.99515 1 927.97 0.477096 0 0 0 
91000 100 1.7 0 10 6084.63 0 9.9952 1 958.06 0.489415 0 0 0 
92000 100 2.19 0 10 6413.46 0 9.99525 1 883.72 0.455976 0 0 0 
93000 100 2 0 10 6741.45 0 9.9953 1 795.94 0.409935 0 0 0 
94000 100 2.05 0 10 7078.13 0 9.99535 1 847.24 0.429249 0 0 0 
95000 100 1.92 0 10 7425.67 0 9.9954 1 869.56 0.43284 0 0 0 
96000 100 1.74 0 10 7769.1 0 9.99545 1 866.68 0.419427 0 0 0 
97000 100 2.42 0 10 8111.55 0 9.9955 1 842.22 0.396078 0 0 0 
98000 100 1.84 0 10 8446.84 0 9.99554 1 862.76 0.396403 0 0 0 
99000 100 2.24 0 10 8792.54 0 9.99559 1 958.34 0.431585 0 0 0 
100000 100 1.88 0 10 9126.92 0 9.99563 1 995.7 0.439742 0 0 0 
101000 100 1.55 0 10 9471.94 0 9.99568 1 906.08 0.388794 0 0 0 
102000 100 2.31 0 10 9820.26 0 9.99572 1 1063.12 0.459088 0 0 0 
103000 100 2.61 0 10 10161.3 0 9.99576 1 1006.01 0.439394 0 0 0 
104000 100 2.25 0 10 10511.1 0 9.9958 1 903.53 0.385385 0 0 0 
105000 100 2.53 0 10 10852.2 0 9.99584 1 831.59 0.350331 0 0 0 
106000 100 2.07 0 10 11201.4 0 9.99588 1 976.8 0.417997 0 0 0 
107000 100 1.53 0 10 11553.2 0 9.99592 1 977.11 0.420806 0 0 0 
108000 100 2.24 0 10 11879.8 0 9.99596 1 1001.95 0.427631 0 0 0 
109000 100 2 0 10 12223.1 0 9.99599 1 857.48 0.366032 0 0 0 
110000 100 2.1 0 10 12549.9 0 9.99603 1 902.82 0.393648 0 0 0 
111000 100 1.33 0 10 12886.8 0 9.99607 1 879.79 0.38538 0 0 0 
112000 100 1.28 0 10 13255.5 0 9.9961 1 880.88 0.387124 0 0 0 
113000 100 2.02 0 10 13621.8 0 9.99614 1 922.35 0.401786 0 0 0 
114000 100 1.6 0 10 13961.1 0 9.99617 1 842.12 0.365006 0 0 0 
115000 100 1.49 0 10 14315.5 0 9.9962 1 825.08 0.360678 0 0 0 
116000 100 1.61 0 10 14650.4 0 9.99624 1 920.91 0.402252 0 0 0 
117000 100 2.05 0 10 14990.1 0 9.99627 1 769.6 0.331328 0 0 0 
118000 100 1.77 0 10 15337.6 0 9.9963 1 919.74 0.397036 0 0 0 
119000 100 1.77 0 10 15689.9 0 9.99633 1 923.01 0.390877 0 0 0 
120000 100 2.34 0 10 16051.5 0 9.99636 1 924.31 0.395502 0 0 0 
121000 100 2.12 0 10 16375.7 0 9.99639 1 929.5 0.402647 0 0 0 
122000 100 2.18 0 10 16716.3 0 9.99642 1 934.82 0.40986 0 0 0 
123000 100 1.49 0 10 17058.3 0 9.99645 1 822.8 0.350633 0 0 0 
124000 100 2.37 0 10 17397.4 0 9.99648 1 776.96 0.32726 0 0 0 
125000 100 2.19 0 10 17738.2 0 9.99651 1 888.02 0.3751 0 0 0 
126000 100 1.43 0 10 18090.2 0 9.99653 1 897.68 0.381413 0 0 0 
127000 100 2.21 0 10 18437.6 0 9.99656 1 759.66 0.317848 0 0 0 
128000 100 1.62 0 10 18794.6 0 9.99659 1 949.47 0.400909 0 0 0 
129000 100 1.66 0 10 19140.5 0 9.99661 1 861.87 0.35941 0 0 0 
130000 100 1.89 0 10 19473.1 0 9.99664 1 775.3 0.318396 0 0 0 
131000 100 1.52 0 10 19828.8 0 9.99667 1 952.44 0.390328 0 0 0 
132000 100 2.35 0 10 20163.6 0 9.99669 1 978.75 0.401609 0 0 0 
133000 100 1.89 0 10 20519.1 0 9.99672 1 1045.05 0.423268 0 0 0 
134000 100 1.66 0 10 20851.7 0 9.99674 1 930.02 0.377221 0 0 0 
135000 100 1.59 0 10 21187.5 0 9.99677 1 859.04 0.349215 0 0 0 
136000 100 1.94 0 10 21527.9 0 9.99679 1 930.91 0.376305 0 0 0 
137000 100 2.57 0 10 21865.5 0 9.99681 1 896.92 0.3677 0 0 0 
138000 100 2.42 0 10 22209.6 0 9.99684 1 893.73 0.365629 0 0 0 
139000 100 2.08 0 10 22544.5 0 9.99686 1 839.39 0.343683 0 0 0 
140000 100 1.82 0 10 22900 0 9.99688 1 839.35 0.346166 0 0 0 
141000 100 2.32 0 10 23229.3 0 9.9969 1 866.16 0.357958 0 0 0 
142000 100 2.28 0 10 23588.5 0 9.99692 1 886.41 0.364987 0 0 0 
143000 100 2.41 0 10 23917.4 0 9.99695 1 1017 0.403046 0 0 0 
144000 100 2.59 0 10 24265.1 0 9.99697 1 996.4 0.394086 0 0 0 
145000 100 1.91 0 10 24608.7 0 9.99699 1 845.38 0.335694 0 0 0 
146000 100 2.25 0 10 24937.7 0 9.99701 1 957.92 0.380828 0 0 0 
147000 100 1.87 0 10 25282.5 0 9.99703 1 802.41 0.312826 0 0 0 
148000 100 1.9 0 10 25622.2 0 9.99705 1 963.65 0.3692 0 0 0 
149000 100 2.25 0 10 25977.4 0 9.99707 1 975.78 0.36625 0 0 0 
150000 100 1.96 0 10 26316.2 0 9.99709 1 927.2 0.343669 0 0 0 
151000 100 2.01 0 10 26654.3 0 9.99711 1 844.27 0.309668 0 0 0 
152000 100 2.28 0 10 27024.3 0 9.99713 1 914.13 0.332646 0 0 0 
153000 100 1.78 0 10 27354.1 0 9.99715 1 1041.45 0.387965 0 0 0 
154000 100 2.02 0 10 27687.1 0 9.99716 1 838.3 0.30793 0 0 0 
155000 100 2.22 0 10 28036.6 0 9.99718 1 859.61 0.315462 0 0 0 
156000 100 1.63 0 10 28381.2 0 9.9972 1 906.09 0.323985 0 0 0 
157000 100 1.76 0 10 28726.4 0 9.99722 1 841.49 0.297742 0 0 0 
158000 100 2.17 0 10 29097 0 9.99724 1 930.53 0.325996 0 0 0 
159000 100 1.86 0 10 29442.5 0 9.99725 1 809.33 0.281355 0 0 0 
160000 100 1.61 0 10 29788.8 0 9.99727 1 872.97 0.297608 0 0 0 
161000 100 2.24 0 10 30122.2 0 9.99729 1 841.43 0.285425 0 0 0 
162000 100 1.85 0 10 30467.8 0 9.9973 1 996.14 0.337922 0 0 0 
163000 100 2.63 0 10 30816.9 0 9.99732 1 1027.61 0.344502 0 0 0 
164000 100 1.84 0 10 31159.5 0 9.99734 1 1059.11 0.356795 0 0 0 
165000 100 2.15 0 10 31523.9 0 9.99735 1 866.39 0.2921 0 0 0 
166000 100 2.05 0 10 31846.2 0 9.99737 1 989.76 0.33463 0 0 0 
167000 100 2.61 0 10 32195.5 0 9.99739 1 976.1 0.33261 0 0 0 
168000 100 1.97 0 10 32540.1 0 9.9974 1 944.58 0.317372 0 0 0 
169000 100 3.03 0 10 32887 0 9.99742 1 1132.65 0.382358 0 0 0 
170000 100 2.2 0 10 33229 0 9.99743 1 834.35 0.279518 0 0 0 
171000 100 2.06 0 10 33590.9 0 9.99745 1 825.31 0.275867 0 0 0 
172000 100 2.1 0 10 33936.2 0 9.99746 1 917.94 0.303462 0 0 0 
173000 100 1.65 0 10 34286.9 0 9.99748 1 769.43 0.253436 0 0 0 
174000 100 1.81 0 10 34629.1 0 9.99749 1 903.07 0.29176 0 0 0 
175000 100 1.57 0 10 34978.3 0 9.9975 1 850.17 0.275586 0 0 0 
176000 100 1.93 0 10 35325.5 0 9.99752 1 888.34 0.287208 0 0 0 
177000 100 2.01 0 10 35672.7 0 9.99753 1 878.75 0.282559 0 0 0 
178000 100 1.94 0 10 36010.5 0 9.99755 1 785.73 0.255657 0 0 0 
179000 100 1.97 0 10 36348.7 0 9.99756 1 841.38 0.272409 0 0 0 
180000 100 2.2 0 10 36681.1 0 9.99757 1 1037.37 0.34252 0 0 0 
181000 100 1.98 0 10 37029.7 0 9.99759 1 1043.81 0.340293 0 0 0 
182000 100 1.83 0 10 37377.7 0 9.9976 1 961.51 0.315796 0 0 0 
183000 100 2.08 0 10 37718.7 0 9.99761 1 888.79 0.29023 0 0 0 
184000 100 2.01 0 10 38063.1 0 9.99763 1 962.85 0.313364 0 0 0 
185000 100 2.38 0 10 38407.3 0 9.99764 1 960.62 0.310387 0 0 0 
186000 100 2.06 0 10 38756.6 0 9.99765 1 958.33 0.306311 0 0 0 
187000 100 1.67 0 10 39099 0 9.99766 1 980.51 0.310974 0 0 0 
188000 100 1.99 0 10 39441 0 9.99768 1 962.16 0.30562 0 0 0 
189000 100 2.02 0 10 39786.8 0 9.99769 1 963.96 0.297186 0 0 0 
190000 100 1.96 0 10 40144.9 0 9.9977 1 905.58 0.276317 0 0 0 
191000 100 2.14 0 10 40471.2 0 9.99771 1 835.92 0.256588 0 0 0 
192000 100 2.04 0 10 40822.3 0 9.99773 1 861.66 0.264737 0 0 0 
193000 100 1.73 0 10 41173.9 0 9.99774 1 1020.87 0.313455 0 0 0 
194000 100 2.23 0 10 41511.5 0 9.99775 1 814.12 0.250374 0 0 0 
195000 100 2.09 0 10 41852.6 0 9.99776 1 862.2 0.267312 0 0 0 
196000 100 2.05 0 10 42190.8 0 9.99777 1 967.18 0.301933 0 0 0 
197000 100 1.44 0 10 42529.9 0 9.99778 1 891.27 0.271857 0 0 0 
198000 100 1.93 0 10 42875.7 0 9.99779 1 967.6 0.294165 0 0 0 
199000 100 2.3 0 10 43212.6 0 9.99781 1 837 0.255055 0 0 0 
200000 100 1.91 0 10 43530 0 9.99782 1 822.49 0.249264 0 0 0 
201000 100 2.19 0 10 43881.5 0 9.99783 1 893.85 0.270471 0 0 0 
202000 100 1.51 0 10 44230.6 0 9.99784 1 1063.56 0.320696 0 0 0 
203000 100 1.89 0 10 44568.8 0 9.99785 1 893.79 0.269819 0 0 0 
204000 100 1.95 0 10 44917.3 0 9.99786 1 854.26 0.256594 0 0 0 
205000 100 2.1 0 10 45263.4 0 9.99787 1 917.62 0.275081 0 0 0 
206000 100 1.76 0 10 45620 0 9.99788 1 916.02 0.274863 0 0 0 
207000 100 1.64 0 10 45957 0 9.99789 1 892.34 0.265968 0 0 0 
208000 100 2.16 0 10 46302.3 0 9.9979 1 897.09 0.268206 0 0 0 
209000 100 2.16 0 10 46664 0 9.99791 1 829.26 0.247351 0 0 0 
210000 100 1.86 0 10 46993.3 0 9.99792 1 1001.94 0.296886 0 0 0 
211000 100 1.88 0 10 47327.8 0 9.99793 1 853.61 0.2547 0 0 0 
212000 100 1.93 0 10 47659.9 0 9.99794 1 904.4 0.268355 0 0 0 
213000 100 1.94 0 10 48009.3 0 9.99795 1 1004.82 0.291289 0 0 0 
214000 100 1.81 0 10 48361.1 0 9.99796 1 841.24 0.243678 0 0 0 
215000 100 1.98 0 10 48692 0 9.99797 1 984.75 0.288059 0 0 0 
216000 100 2.15 0 10 49055.9 0 9.99798 1 912.02 0.265781 0 0 0 
217000 100 1.99 0 10 49401.3 0 9.99799 1 892.23 0.258898 0 0 0 
218000 100 2.01 0 10 49738.8 0 9.998 1 825.61 0.23883 0 0 0 
219000 100 1.92 0 10 50094.4 0 9.99801 1 914.89 0.261579 0 0 0 
220000 100 2.15 0 10 50431.1 0 9.99802 1 977.36 0.278429 0 0 0 
221000 100 2.13 0 10 50795.6 0 9.99802 1 934.8 0.262843 0 0 0 
222000 100 2.07 0 10 51143.6 0 9.99803 1 854.28 0.240269 0 0 0 
223000 100 1.9 0 10 51477.6 0 9.99804 1 921.48 0.261633 0 0 0 
224000 100 1.96 0 10 51803.4 0 9.99805 1 875.61 0.249499 0 0 0 
225000 100 1.92 0 10 52153.6 0 9.99806 1 821.45 0.237993 0 0 0 
226000 100 1.97 0 10 52476.1 0 9.99807 1 830.93 0.236431 0 0 0 
227000 100 2.43 0 10 52813.2 0 9.99808 1 811.54 0.229576 0 0 0 
228000 100 2 0 10 53179 0 9.99808 1 962.22 0.272229 0 0 0 
229000 100 1.7 0 10 53534.9 0 9.99809 1 787.47 0.222639 0 0 0 
230000 100 1.89 0 10 53877.7 0 9.9981 1 921.37 0.25942 0 0 0 
231000 100 1.64 0 10 54210.5 0 9.99811 1 852.89 0.234759 0 0 0 
232000 100 2.24 0 10 54555 0 9.99812 1 870.73 0.241737 0 0 0 
233000 100 2.03 0 10 54891.1 0 9.99813 1 963.66 0.262349 0 0 0 
234000 100 1.88 0 10 55250.6 0 9.99813 1 910.74 0.245444 0 0 0 
235000 100 2.14 0 10 55588.2 0 9.99814 1 920.99 0.243589 0 0 0 
236000 100 1.99 0 10 55940.1 0 9.99815 1 774.73 0.203951 0 0 0 
237000 100 2.03 0 10 56281 0 9.99816 1 935.1 0.241093 0 0 0 
238000 100 2.19 0 10 56629.3 0 9.99817 1 990.12 0.254069 0 0 0 
239000 100 1.92 0 10 56985.6 0 9.99817 1 896.01 0.228226 0 0 0 
240000 100 2.2 0 10 57335.7 0 9.99818 1 821.86 0.209974 0 0 0 
241000 100 2.04 0 10 57673 0 9.99819 1 1027.64 0.261798 0 0 0 
242000 100 1.9 0 10 58016.8 0 9.9982 1 892.46 0.226386 0 0 0 
243000 100 2.06 0 10 58383.6 0 9.9982 1 887.81 0.227052 0 0 0 
244000 100 2.14 0 10 58738.1 0 9.99821 1 868.66 0.219314 0 0 0 
245000 100 2.16 0 10 59072.2 0 9.99822 1 829.3 0.208315 0 0 0 
246000 100 1.92 0 10 59410.3 0 9.99822 1 806.58 0.201638 0 0 0 
247000 100 1.55 0 10 59762.7 0 9.99823 1 881.49 0.219485 0 0 0 
248000 100 1.98 0 10 60104.1 0 9.99824 1 880.92 0.220588 0 0 0 
249000 100 1.59 0 10 60439.9 0 9.99825 1 890.63 0.22434 0 0 0 
250000 100 1.95 0 10 60788.2 0 9.99825 1 995.53 0.249172 0 0 0 