# Avida Average Deme Data
# Sat Apr 19 11:12:16 2014
#  1: Update
#  2: Count
#  3: Age
#  4: Births
#  5: Organisms
#  6: Generation
#  7: Births (at last replication)
#  8: Organisms (at last replication)
#  9: Merit
# 10: Gestation Time
# 11: Time Used (normalized by org fitness)
# 12: Generations between current and last founders
# 13: Events killed
# 14: Attempts to kill event

0 100 0 0 1 0 0 0 1 0 0 0 0 0 
1000 100 23.72 0 10 22.16 0 9.56184 1 13383.7 11.5084 0 0 0 
2000 100 21.4 0 10 47.42 0 9.78081 1 11148.1 9.53517 0 0 0 
3000 100 22.09 0 10 72.69 0 9.85385 1 12492.8 10.6461 0 0 0 
4000 100 17 0 10 109.35 0 9.89038 1 11404.3 9.66282 0 0 0 
5000 100 18.75 0 10 146.62 0 9.9123 1 9357.93 7.96401 0 0 0 
6000 100 19.06 0 10 181.7 0 9.92691 1 9114.77 7.70056 0 0 0 
7000 100 21.11 0 10 214.08 0 9.93735 1 10548.4 8.76295 0 0 0 
8000 100 16.84 0 10 245.46 0 9.94518 1 10380.7 8.6062 0 0 0 
9000 100 22.87 0 10 274.66 0 9.95127 1 9333.26 7.82031 0 0 0 
10000 100 15.78 0 10 310.11 0 9.95614 1 8698.58 7.21497 0 0 0 
11000 100 14.5 0 10 353.03 0 9.96013 1 7712.28 6.45368 0 0 0 
12000 100 16.2 0 10 392.23 0 9.96345 1 7680.78 6.41313 0 0 0 
13000 100 18.79 0 10 432.28 0 9.96626 1 7244.61 6.10271 0 0 0 
14000 100 12.95 0 10 474.93 0 9.96867 1 8100.99 6.74591 0 0 0 
15000 100 11.89 0 10 517.87 0 9.97076 1 7341.99 6.03435 0 0 0 
16000 100 17.71 0 10 557.75 0 9.97259 1 7502.52 6.0404 0 0 0 
17000 100 14.2 0 10 596.55 0 9.9742 1 6993.73 5.60887 0 0 0 
18000 100 14.41 0 10 639.61 0 9.97563 1 7863.72 6.34895 0 0 0 
19000 100 12.8 0 10 678.57 0 9.97692 1 7757.88 6.2435 0 0 0 
20000 100 17.43 0 10 721.27 0 9.97807 1 8218.68 6.55712 0 0 0 
21000 100 13.59 0 10 757.21 0 9.97912 1 7673.13 6.17951 0 0 0 
22000 100 14.02 0 10 795.54 0 9.98006 1 8055.54 6.45593 0 0 0 
23000 100 12.88 0 10 839.29 0 9.98093 1 7587.97 6.07938 0 0 0 
24000 100 13.28 0 10 877.27 0 9.98173 1 7663.66 6.16482 0 0 0 
25000 100 15.45 0 10 918.27 0 9.98246 1 8906.66 7.17294 0 0 0 
26000 100 14.12 0 10 962.17 0 9.98313 1 7797.07 6.23576 0 0 0 
27000 100 15.07 0 10 1000.43 0 9.98376 1 7377.87 5.94916 0 0 0 
28000 100 15.01 0 10 1039.49 0 9.98434 1 8050.14 6.54308 0 0 0 
29000 100 17.78 0 10 1075.82 0 9.98488 1 7290.41 5.97065 0 0 0 
30000 100 13.28 0 10 1108.41 0 9.98538 1 7178.98 5.72369 0 0 0 
31000 100 14.81 0 10 1147.89 0 9.98585 1 8260.2 6.49008 0 0 0 
32000 100 13.44 0 10 1186.1 0 9.98629 1 7961.64 6.24237 0 0 0 
33000 100 13.84 0 10 1225.1 0 9.98671 1 7780.14 6.0022 0 0 0 
34000 100 16.93 0 10 1264.67 0 9.9871 1 8523.24 6.63059 0 0 0 
35000 100 18.16 0 10 1305.84 0 9.98747 1 7747.49 5.91455 0 0 0 
36000 100 16.37 0 10 1346.76 0 9.98782 1 8130.76 6.15432 0 0 0 
37000 100 15.95 0 10 1386.05 0 9.98815 1 7912.7 5.93265 0 0 0 
38000 100 17.27 0 10 1424.26 0 9.98846 1 6975 5.12486 0 0 0 
39000 100 17.09 0 10 1467.46 0 9.98875 1 7463.25 5.36616 0 0 0 
40000 100 13.7 0 10 1513.5 0 9.98904 1 6682.36 4.79149 0 0 0 
41000 100 15.99 0 10 1565.28 0 9.9893 1 6752.8 4.78565 0 0 0 
42000 100 14.4 0 10 1612.33 0 9.98956 1 7088.61 4.96187 0 0 0 
43000 100 12.91 0 10 1655.41 0 9.9898 1 7069.5 4.89696 0 0 0 
44000 100 16.85 0 10 1700.26 0 9.99003 1 6676.8 4.61063 0 0 0 
45000 100 11.82 0 10 1740.31 0 9.99025 1 7529.93 5.1906 0 0 0 
46000 100 12.32 0 10 1784.39 0 9.99047 1 7111.28 4.84896 0 0 0 
47000 100 11.63 0 10 1826.85 0 9.99067 1 6846.1 4.64903 0 0 0 
48000 100 11.49 0 10 1868.57 0 9.99086 1 6627.61 4.53241 0 0 0 
49000 100 3.47 0 10 2065.54 0 9.99105 1 1607.63 1.11852 0 0 0 
50000 100 3.78 0 10 2290.57 0 9.99123 1 1773.48 1.25955 0 0 0 
51000 100 2.97 0 10 2539.82 0 9.9914 1 1257.25 0.912661 0 0 0 
52000 100 2.61 0 10 2822 0 9.99157 1 1088.23 0.786272 0 0 0 
53000 100 2.86 0 10 3126.19 0 9.99172 1 1105.08 0.79939 0 0 0 
54000 100 2.13 0 10 3435.65 0 9.99188 1 933.86 0.664786 0 0 0 
55000 100 2.17 0 10 3747.12 0 9.99203 1 1115.62 0.798609 0 0 0 
56000 100 2.34 0 10 4038.31 0 9.99217 1 917.25 0.640508 0 0 0 
57000 100 2.27 0 10 4348.35 0 9.99231 1 953.3 0.657877 0 0 0 
58000 100 1.78 0 10 4656.67 0 9.99244 1 887.95 0.611457 0 0 0 
59000 100 2.02 0 10 4963.32 0 9.99257 1 1186.2 0.807879 0 0 0 
60000 100 2.47 0 10 5298.17 0 9.99269 1 900.03 0.595859 0 0 0 
61000 100 2.24 0 10 5611.38 0 9.99281 1 975.7 0.648227 0 0 0 
62000 100 1.8 0 10 5913.18 0 9.99293 1 874.3 0.554628 0 0 0 
63000 100 2.08 0 10 6253.91 0 9.99304 1 1038.93 0.640943 0 0 0 
64000 100 1.78 0 10 6594.73 0 9.99315 1 894.55 0.55056 0 0 0 
65000 100 2.13 0 10 6937.4 0 9.99325 1 970.65 0.576714 0 0 0 
66000 100 2.02 0 10 7251.17 0 9.99335 1 981.12 0.574536 0 0 0 
67000 100 2.11 0 10 7596.09 0 9.99345 1 915.61 0.532233 0 0 0 
68000 100 2.45 0 10 7947.2 0 9.99355 1 933.75 0.536454 0 0 0 
69000 100 2.42 0 10 8271.65 0 9.99364 1 865.56 0.485878 0 0 0 
70000 100 1.65 0 10 8621.94 0 9.99373 1 1007.18 0.549755 0 0 0 
71000 100 2.6 0 10 8978.26 0 9.99382 1 1054.5 0.576008 0 0 0 
72000 100 2.11 0 10 9317.07 0 9.99391 1 903.83 0.499547 0 0 0 
73000 100 2.11 0 10 9659.66 0 9.99399 1 1137.58 0.621016 0 0 0 
74000 100 2.15 0 10 9997 0 9.99407 1 887.63 0.473624 0 0 0 
75000 100 2.48 0 10 10308.9 0 9.99415 1 918.73 0.494684 0 0 0 
76000 100 2.21 0 10 10625 0 9.99423 1 885.02 0.48417 0 0 0 
77000 100 2.33 0 10 10938.4 0 9.9943 1 970.41 0.526341 0 0 0 
78000 100 2.32 0 10 11242.4 0 9.99438 1 1069.19 0.57877 0 0 0 
79000 100 2.24 0 10 11570.6 0 9.99445 1 980.15 0.521049 0 0 0 
80000 100 2.27 0 10 11870.8 0 9.99452 1 985.6 0.511862 0 0 0 
81000 100 2.53 0 10 12170.1 0 9.99459 1 986.02 0.498878 0 0 0 
82000 100 2.14 0 10 12470.5 0 9.99465 1 935.52 0.475175 0 0 0 
83000 100 1.97 0 10 12783.8 0 9.99472 1 1114.58 0.567716 0 0 0 
84000 100 2.17 0 10 13099.6 0 9.99478 1 1192.98 0.586683 0 0 0 
85000 100 1.92 0 10 13397.6 0 9.99484 1 1009.12 0.490313 0 0 0 
86000 100 2.27 0 10 13699 0 9.9949 1 974.81 0.471091 0 0 0 
87000 100 1.89 0 10 14038.5 0 9.99496 1 860.23 0.410779 0 0 0 
88000 100 2.28 0 10 14380.7 0 9.99502 1 975.99 0.451941 0 0 0 
89000 100 2.16 0 10 14690.3 0 9.99507 1 981.94 0.458715 0 0 0 
90000 100 2.23 0 10 15029.4 0 9.99513 1 1001.41 0.463102 0 0 0 
91000 100 1.54 0 10 15377 0 9.99518 1 861.87 0.389655 0 0 0 
92000 100 1.74 0 10 15721 0 9.99523 1 949.23 0.423266 0 0 0 
93000 100 2.38 0 10 16086 0 9.99528 1 788.01 0.354407 0 0 0 
94000 100 2.55 0 10 16422 0 9.99533 1 948.05 0.424993 0 0 0 
95000 100 1.87 0 10 16761.5 0 9.99538 1 1068.89 0.477082 0 0 0 
96000 100 1.92 0 10 17090.5 0 9.99543 1 921.44 0.419232 0 0 0 
97000 100 2.18 0 10 17423.7 0 9.99548 1 981.14 0.438675 0 0 0 
98000 100 1.92 0 10 17781.4 0 9.99552 1 879.74 0.376262 0 0 0 
99000 100 1.74 0 10 18127.3 0 9.99557 1 897.95 0.382449 0 0 0 
100000 100 1.78 0 10 18474 0 9.99561 1 864.99 0.366441 0 0 0 
101000 100 1.88 0 10 18807 0 9.99566 1 820.09 0.345445 0 0 0 
102000 100 2.99 0 10 19146.7 0 9.9957 1 971.96 0.413022 0 0 0 
103000 100 2.43 0 10 19479.1 0 9.99574 1 945.88 0.399307 0 0 0 
104000 100 1.76 0 10 19825.2 0 9.99578 1 862.76 0.354376 0 0 0 
105000 100 1.87 0 10 20184.1 0 9.99582 1 790.24 0.319775 0 0 0 
106000 100 1.72 0 10 20518.4 0 9.99586 1 760.11 0.306508 0 0 0 
107000 100 2.52 0 10 20867.3 0 9.9959 1 929.34 0.375292 0 0 0 
108000 100 1.87 0 10 21209.7 0 9.99594 1 870.52 0.351027 0 0 0 
109000 100 2.16 0 10 21560.7 0 9.99598 1 990.16 0.403132 0 0 0 
110000 100 1.86 0 10 21906.5 0 9.99601 1 1069.42 0.434323 0 0 0 
111000 100 1.64 0 10 22261.2 0 9.99605 1 1050.69 0.422684 0 0 0 
112000 100 2.38 0 10 22610.9 0 9.99608 1 937.9 0.380749 0 0 0 
113000 100 2.09 0 10 22972.2 0 9.99612 1 973.72 0.389035 0 0 0 
114000 100 2.2 0 10 23345.1 0 9.99615 1 863.87 0.347593 0 0 0 
115000 100 2.32 0 10 23699.6 0 9.99619 1 871.71 0.346232 0 0 0 
116000 100 2.03 0 10 24058.5 0 9.99622 1 892.93 0.352453 0 0 0 
117000 100 2.4 0 10 24426.5 0 9.99625 1 894.25 0.346225 0 0 0 
118000 100 2.1 0 10 24780.9 0 9.99628 1 885.95 0.337785 0 0 0 
119000 100 1.62 0 10 25136.7 0 9.99631 1 927.56 0.352806 0 0 0 
120000 100 2.08 0 10 25492.4 0 9.99635 1 882.31 0.334818 0 0 0 
121000 100 1.91 0 10 25849 0 9.99638 1 990.65 0.37515 0 0 0 
122000 100 1.72 0 10 26219.6 0 9.9964 1 994.01 0.379381 0 0 0 
123000 100 2.33 0 10 26562.2 0 9.99643 1 967.19 0.375964 0 0 0 
124000 100 1.86 0 10 26929.3 0 9.99646 1 1046.58 0.398809 0 0 0 
125000 100 1.81 0 10 27253.8 0 9.99649 1 1140.74 0.430837 0 0 0 
126000 100 1.81 0 10 27637.3 0 9.99652 1 762.05 0.287444 0 0 0 
127000 100 2.29 0 10 27997.2 0 9.99655 1 900 0.331712 0 0 0 
128000 100 2.22 0 10 28368.5 0 9.99657 1 786.03 0.286167 0 0 0 
129000 100 2.49 0 10 28691 0 9.9966 1 908.99 0.334293 0 0 0 
130000 100 2.35 0 10 29073.6 0 9.99663 1 1000.55 0.359542 0 0 0 
131000 100 2.08 0 10 29448 0 9.99665 1 883.76 0.318038 0 0 0 
132000 100 1.98 0 10 29819.3 0 9.99668 1 861.46 0.309724 0 0 0 
133000 100 2.03 0 10 30208.7 0 9.9967 1 997.92 0.359477 0 0 0 
134000 100 2.15 0 10 30593.1 0 9.99673 1 910.58 0.331141 0 0 0 
135000 100 1.79 0 10 30944 0 9.99675 1 974.71 0.353418 0 0 0 
136000 100 2.45 0 10 31296.5 0 9.99678 1 1047.52 0.384481 0 0 0 
137000 100 2.03 0 10 31651.3 0 9.9968 1 868.22 0.313795 0 0 0 
138000 100 2.2 0 10 32013 0 9.99682 1 860.88 0.308745 0 0 0 
139000 100 2.15 0 10 32375.2 0 9.99684 1 985.58 0.346422 0 0 0 
140000 100 2.35 0 10 32760 0 9.99687 1 858.51 0.301525 0 0 0 
141000 100 1.8 0 10 33129.5 0 9.99689 1 855.97 0.297895 0 0 0 
142000 100 1.65 0 10 33506.3 0 9.99691 1 918.36 0.313459 0 0 0 
143000 100 1.78 0 10 33862.9 0 9.99693 1 909.31 0.305205 0 0 0 
144000 100 2.03 0 10 34237.2 0 9.99695 1 1016.27 0.338728 0 0 0 
145000 100 2.22 0 10 34604 0 9.99698 1 926.87 0.308909 0 0 0 
146000 100 1.73 0 10 34964 0 9.997 1 794.21 0.264707 0 0 0 
147000 100 2.15 0 10 35329 0 9.99702 1 924.26 0.303883 0 0 0 
148000 100 2.05 0 10 35669.4 0 9.99704 1 833.64 0.276348 0 0 0 
149000 100 1.82 0 10 36023.3 0 9.99706 1 925.01 0.308078 0 0 0 
150000 100 1.85 0 10 36400.2 0 9.99708 1 982.85 0.319335 0 0 0 
151000 100 2.01 0 10 36752.1 0 9.9971 1 1005.74 0.323578 0 0 0 
152000 100 1.49 0 10 37123.5 0 9.99711 1 920.08 0.291407 0 0 0 
153000 100 2.28 0 10 37483.6 0 9.99713 1 997.6 0.31523 0 0 0 
154000 100 1.85 0 10 37801.7 0 9.99715 1 768.49 0.238498 0 0 0 
155000 100 2.39 0 10 38161.9 0 9.99717 1 857.94 0.266204 0 0 0 
156000 100 2.56 0 10 38514.1 0 9.99719 1 1000.17 0.308988 0 0 0 
157000 100 2.06 0 10 38871.1 0 9.99721 1 892.64 0.278765 0 0 0 
158000 100 1.71 0 10 39226.6 0 9.99722 1 990.2 0.307274 0 0 0 
159000 100 2.31 0 10 39592.1 0 9.99724 1 898.72 0.274464 0 0 0 
160000 100 2.58 0 10 39927.6 0 9.99726 1 864.7 0.262176 0 0 0 
161000 100 2.52 0 10 40296.3 0 9.99728 1 915.63 0.273183 0 0 0 
162000 100 2.16 0 10 40660.5 0 9.99729 1 825.94 0.24341 0 0 0 
163000 100 1.85 0 10 41014.3 0 9.99731 1 884.3 0.257039 0 0 0 
164000 100 2.16 0 10 41358.8 0 9.99733 1 770.47 0.22065 0 0 0 
165000 100 1.48 0 10 41716 0 9.99734 1 868.24 0.249029 0 0 0 
166000 100 2.43 0 10 42050.7 0 9.99736 1 932.29 0.265742 0 0 0 
167000 100 2.92 0 10 42391.8 0 9.99737 1 944.66 0.273693 0 0 0 
168000 100 2.2 0 10 42718.6 0 9.99739 1 836.43 0.244485 0 0 0 
169000 100 1.91 0 10 43047.8 0 9.9974 1 954.79 0.275982 0 0 0 
170000 100 1.98 0 10 43387.3 0 9.99742 1 870.63 0.254651 0 0 0 
171000 100 2.24 0 10 43739.5 0 9.99744 1 824.95 0.238422 0 0 0 
172000 100 2.12 0 10 44075.2 0 9.99745 1 1166.56 0.33032 0 0 0 
173000 100 2.03 0 10 44417.5 0 9.99746 1 839.55 0.233762 0 0 0 
174000 100 1.71 0 10 44784.7 0 9.99748 1 825.4 0.224894 0 0 0 
175000 100 2.49 0 10 45135.1 0 9.99749 1 927.29 0.254043 0 0 0 
176000 100 1.75 0 10 45466.9 0 9.99751 1 981.23 0.268934 0 0 0 
177000 100 2.23 0 10 45815.1 0 9.99752 1 921.2 0.254091 0 0 0 
178000 100 1.84 0 10 46159.4 0 9.99754 1 885.99 0.241142 0 0 0 
179000 100 2.05 0 10 46513 0 9.99755 1 842.54 0.226276 0 0 0 
180000 100 1.94 0 10 46838.5 0 9.99756 1 1055.41 0.281513 0 0 0 
181000 100 2.29 0 10 47207.8 0 9.99758 1 866.5 0.231934 0 0 0 
182000 100 2.12 0 10 47547.7 0 9.99759 1 876.04 0.233019 0 0 0 
183000 100 2.09 0 10 47905.9 0 9.9976 1 840.59 0.224545 0 0 0 
184000 100 1.26 0 10 48239.4 0 9.99762 1 922.49 0.248301 0 0 0 
185000 100 1.63 0 10 48590.6 0 9.99763 1 877.25 0.236982 0 0 0 
186000 100 2.02 0 10 48949.4 0 9.99764 1 863.37 0.230154 0 0 0 
187000 100 1.83 0 10 49311.6 0 9.99765 1 826.96 0.217631 0 0 0 
188000 100 1.72 0 10 49646.1 0 9.99767 1 999.83 0.262646 0 0 0 
189000 100 2.04 0 10 49968.9 0 9.99768 1 978.11 0.258637 0 0 0 
190000 100 2.04 0 10 50314.6 0 9.99769 1 1009.33 0.266232 0 0 0 
191000 100 2.03 0 10 50633.7 0 9.9977 1 844.86 0.220811 0 0 0 
192000 100 1.89 0 10 50976.3 0 9.99772 1 807.52 0.210426 0 0 0 
193000 100 1.88 0 10 51337.2 0 9.99773 1 776.08 0.202048 0 0 0 
194000 100 1.96 0 10 51677.9 0 9.99774 1 901.57 0.235503 0 0 0 
195000 100 1.66 0 10 52012.4 0 9.99775 1 753.96 0.197377 0 0 0 
196000 100 2.1 0 10 52380 0 9.99776 1 840.32 0.218035 0 0 0 
197000 100 2.04 0 10 52743.4 0 9.99777 1 990.73 0.25629 0 0 0 
198000 100 1.86 0 10 53087.1 0 9.99778 1 903.19 0.231303 0 0 0 
199000 100 2.03 0 10 53450.1 0 9.9978 1 878.61 0.22342 0 0 0 
200000 100 1.71 0 10 53783.4 0 9.99781 1 875.59 0.222113 0 0 0 
201000 100 1.41 0 10 54131.8 0 9.99782 1 877.14 0.224849 0 0 0 
202000 100 1.76 0 10 54472.4 0 9.99783 1 1014.42 0.261481 0 0 0 
203000 100 2.56 0 10 54831.9 0 9.99784 1 1000 0.258582 0 0 0 
204000 100 2.08 0 10 55172.9 0 9.99785 1 800.14 0.206536 0 0 0 
205000 100 1.94 0 10 55503.4 0 9.99786 1 892.2 0.226028 0 0 0 
206000 100 2.55 0 10 55821.2 0 9.99787 1 895.46 0.227572 0 0 0 
207000 100 1.96 0 10 56188.5 0 9.99788 1 973.02 0.245153 0 0 0 
208000 100 2.59 0 10 56539.5 0 9.99789 1 890.38 0.221881 0 0 0 
209000 100 1.88 0 10 56877.9 0 9.9979 1 783.02 0.197554 0 0 0 
210000 100 2.13 0 10 57245.2 0 9.99791 1 1041.55 0.26451 0 0 0 
211000 100 2.08 0 10 57596.8 0 9.99792 1 939.23 0.237503 0 0 0 
212000 100 1.7 0 10 57944.3 0 9.99793 1 892.21 0.226294 0 0 0 
213000 100 2.06 0 10 58268.9 0 9.99794 1 878.36 0.220821 0 0 0 
214000 100 1.83 0 10 58618.9 0 9.99795 1 903.57 0.226444 0 0 0 
215000 100 2.04 0 10 58957.5 0 9.99796 1 944.49 0.2361 0 0 0 
216000 100 1.78 0 10 59312.1 0 9.99797 1 759.02 0.1897 0 0 0 
217000 100 2.51 0 10 59675.5 0 9.99798 1 856.52 0.212133 0 0 0 
218000 100 1.84 0 10 60031.9 0 9.99799 1 873.37 0.215501 0 0 0 
219000 100 1.95 0 10 60375.1 0 9.998 1 772.94 0.191815 0 0 0 
220000 100 2.14 0 10 60700.4 0 9.99801 1 772.6 0.192407 0 0 0 
221000 100 1.96 0 10 61064.1 0 9.99802 1 922.72 0.229062 0 0 0 
222000 100 2.31 0 10 61408.1 0 9.99802 1 873.32 0.215425 0 0 0 
223000 100 1.98 0 10 61777.3 0 9.99803 1 835.83 0.205071 0 0 0 
224000 100 2.65 0 10 62095 0 9.99804 1 831.06 0.205144 0 0 0 
225000 100 2.11 0 10 62449.1 0 9.99805 1 997.83 0.245562 0 0 0 
226000 100 1.47 0 10 62808.8 0 9.99806 1 915.58 0.224703 0 0 0 
227000 100 1.93 0 10 63160.3 0 9.99807 1 959.27 0.236846 0 0 0 
228000 100 2.29 0 10 63533.1 0 9.99808 1 876.96 0.215354 0 0 0 
229000 100 2.05 0 10 63883.5 0 9.99808 1 925.86 0.228188 0 0 0 
230000 100 2.08 0 10 64213.9 0 9.99809 1 859.27 0.207207 0 0 0 
231000 100 1.85 0 10 64558.1 0 9.9981 1 899.79 0.218242 0 0 0 
232000 100 2.28 0 10 64903.1 0 9.99811 1 815.08 0.196848 0 0 0 
233000 100 2.01 0 10 65254.9 0 9.99812 1 826.15 0.19846 0 0 0 
234000 100 2.01 0 10 65607.7 0 9.99813 1 839.96 0.203019 0 0 0 
235000 100 2.47 0 10 65964.3 0 9.99813 1 978.45 0.238115 0 0 0 
236000 100 2.41 0 10 66285.4 0 9.99814 1 783.85 0.19011 0 0 0 
237000 100 2.39 0 10 66641.4 0 9.99815 1 842.54 0.206242 0 0 0 
238000 100 1.85 0 10 66999.8 0 9.99816 1 784.01 0.191797 0 0 0 
239000 100 1.94 0 10 67342.7 0 9.99816 1 834.69 0.204122 0 0 0 
240000 100 2.82 0 10 67680.6 0 9.99817 1 876.56 0.216003 0 0 0 
241000 100 2.11 0 10 68046.3 0 9.99818 1 834.19 0.205706 0 0 0 
242000 100 2.68 0 10 68393.3 0 9.99819 1 937.62 0.23073 0 0 0 
243000 100 1.96 0 10 68765.2 0 9.9982 1 872.41 0.213298 0 0 0 
244000 100 2.47 0 10 69124.8 0 9.9982 1 964.38 0.236704 0 0 0 
245000 100 2.09 0 10 69487.5 0 9.99821 1 716.53 0.176065 0 0 0 
246000 100 1.29 0 10 69836.2 0 9.99822 1 901.32 0.22196 0 0 0 
247000 100 2.2 0 10 70170.1 0 9.99822 1 899.63 0.225201 0 0 0 
248000 100 2.16 0 10 70502.7 0 9.99823 1 903 0.222954 0 0 0 
249000 100 1.76 0 10 70850.7 0 9.99824 1 842.64 0.208998 0 0 0 
250000 100 2.12 0 10 71199.6 0 9.99825 1 919.56 0.228278 0 0 0 