# Avida Average Deme Data
# Mon Apr 21 12:47:59 2014
#  1: Update
#  2: Count
#  3: Age
#  4: Births
#  5: Organisms
#  6: Generation
#  7: Births (at last replication)
#  8: Organisms (at last replication)
#  9: Merit
# 10: Gestation Time
# 11: Time Used (normalized by org fitness)
# 12: Generations between current and last founders
# 13: Events killed
# 14: Attempts to kill event

0 100 0 0 1 0 0 0 1 0 0 0 0 0 
1000 100 26.13 0 10 21.65 0 9.51059 1 13812.3 11.9163 0 0 0 
2000 100 23.74 0 10 45.6 0 9.75517 1 12601.4 10.8314 0 0 0 
3000 100 16.73 0 10 69.18 0 9.83675 1 13587.6 11.6655 0 0 0 
4000 100 26.64 0 10 92.33 0 9.87756 1 13148.3 11.2009 0 0 0 
5000 100 23.77 0 10 116.27 0 9.90204 1 12910.4 10.9684 0 0 0 
6000 100 16.48 0 10 151.11 0 9.91836 1 9798.26 8.27568 0 0 0 
7000 100 13.99 0 10 198.58 0 9.93002 1 7418.87 6.31605 0 0 0 
8000 100 12.81 0 10 242.06 0 9.93877 1 7380.85 6.22958 0 0 0 
9000 100 18.42 0 10 283.94 0 9.94557 1 7713.75 6.48757 0 0 0 
10000 100 14.05 0 10 325.4 0 9.95101 1 7522.9 6.31494 0 0 0 
11000 100 12.55 0 10 367.48 0 9.95547 1 7668.13 6.35004 0 0 0 
12000 100 16.27 0 10 408.75 0 9.95918 1 8045.28 6.58005 0 0 0 
13000 100 13.5 0 10 459.51 0 9.96232 1 7517.66 5.90765 0 0 0 
14000 100 12.12 0 10 503.43 0 9.96501 1 7271.26 5.64427 0 0 0 
15000 100 12.99 0 10 544.3 0 9.96734 1 7273.5 5.63676 0 0 0 
16000 100 17.48 0 10 585.75 0 9.96938 1 7952.65 6.11262 0 0 0 
17000 100 13.33 0 10 623.97 0 9.97118 1 8104.41 6.37531 0 0 0 
18000 100 13.62 0 10 665.41 0 9.97278 1 7463.76 5.8727 0 0 0 
19000 100 12.5 0 10 704.5 0 9.97422 1 8023.34 6.2725 0 0 0 
20000 100 15.05 0 10 743.98 0 9.97551 1 7617.8 5.88406 0 0 0 
21000 100 12.33 0 10 785.43 0 9.97667 1 7832.6 6.00654 0 0 0 
22000 100 15.15 0 10 824.94 0 9.97773 1 7341.12 5.65628 0 0 0 
23000 100 16.02 0 10 867.89 0 9.9787 1 8178.98 6.22197 0 0 0 
24000 100 13.58 0 10 914.72 0 9.97959 1 7528.06 5.59321 0 0 0 
25000 100 14.86 0 10 957.99 0 9.9804 1 7180.74 5.29285 0 0 0 
26000 100 12.94 0 10 1003.18 0 9.98116 1 7068.7 5.14339 0 0 0 
27000 100 16.18 0 10 1042.5 0 9.98186 1 8453.83 6.11295 0 0 0 
28000 100 13.22 0 10 1086.43 0 9.9825 1 7758.61 5.58892 0 0 0 
29000 100 14.84 0 10 1127.2 0 9.98311 1 7706.7 5.55842 0 0 0 
30000 100 13.1 0 10 1170.34 0 9.98367 1 7746.62 5.51481 0 0 0 
31000 100 16.24 0 10 1212.62 0 9.9842 1 7752.61 5.35515 0 0 0 
32000 100 15.42 0 10 1253.21 0 9.98469 1 7697.75 5.24823 0 0 0 
33000 100 13.89 0 10 1293.11 0 9.98515 1 8331.64 5.65831 0 0 0 
34000 100 10.74 0 10 1334.61 0 9.98559 1 8977.4 6.08942 0 0 0 
35000 100 12.32 0 10 1377.87 0 9.986 1 7870.01 5.25593 0 0 0 
36000 100 12.48 0 10 1420.19 0 9.98639 1 7483.32 4.95386 0 0 0 
37000 100 15.37 0 10 1457.64 0 9.98676 1 7689.51 5.09577 0 0 0 
38000 100 15.53 0 10 1496.41 0 9.98711 1 7503.66 4.9979 0 0 0 
39000 100 12.42 0 10 1537.72 0 9.98744 1 8339.95 5.47944 0 0 0 
40000 100 13.52 0 10 1577.71 0 9.98775 1 8571.69 5.57937 0 0 0 
41000 100 13.76 0 10 1618.26 0 9.98805 1 8459.09 5.47299 0 0 0 
42000 100 13.01 0 10 1660.24 0 9.98834 1 7366.2 4.73822 0 0 0 
43000 100 16.82 0 10 1705.42 0 9.98861 1 8406.93 5.4106 0 0 0 
44000 100 17.55 0 10 1746.44 0 9.98887 1 7639.72 4.93949 0 0 0 
45000 100 13.71 0 10 1790.52 0 9.98911 1 7554.31 4.84654 0 0 0 
46000 100 13.17 0 10 1825.28 0 9.98935 1 8002.04 5.13898 0 0 0 
47000 100 13.31 0 10 1861.24 0 9.98958 1 7443.37 4.80109 0 0 0 
48000 100 14.54 0 10 1900.23 0 9.98979 1 7709.16 4.95211 0 0 0 
49000 100 13.77 0 10 1940.73 0 9.99 1 7515.28 4.80125 0 0 0 
50000 100 17.48 0 10 1982.12 0 9.9902 1 7923.3 5.01078 0 0 0 
51000 100 12.59 0 10 2022.64 0 9.99039 1 8178.62 5.16347 0 0 0 
52000 100 12.28 0 10 2063.82 0 9.99058 1 8188.84 5.14851 0 0 0 
53000 100 13.56 0 10 2107.06 0 9.99076 1 8341.05 5.28256 0 0 0 
54000 100 15.65 0 10 2149.39 0 9.99093 1 8441.38 5.30105 0 0 0 
55000 100 14.89 0 10 2186.31 0 9.99109 1 7280.21 4.58337 0 0 0 
56000 100 15.52 0 10 2232 0 9.99125 1 7987.42 5.02193 0 0 0 
57000 100 15.3 0 10 2264.69 0 9.99141 1 7591.55 4.78611 0 0 0 
58000 100 12.6 0 10 2303.65 0 9.99155 1 7224.18 4.54681 0 0 0 
59000 100 12.55 0 10 2345.03 0 9.9917 1 7127.94 4.47804 0 0 0 
60000 100 12.11 0 10 2386.19 0 9.99184 1 7462.24 4.68727 0 0 0 
61000 100 17.49 0 10 2425.28 0 9.99197 1 7785.38 4.91002 0 0 0 
62000 100 13.53 0 10 2465.24 0 9.9921 1 8452.87 5.3175 0 0 0 
63000 100 12.51 0 10 2505.58 0 9.99222 1 7522.37 4.74827 0 0 0 
64000 100 15.23 0 10 2549.1 0 9.99235 1 7754.43 4.82898 0 0 0 
65000 100 17.56 0 10 2585.89 0 9.99246 1 7209.6 4.51266 0 0 0 
66000 100 16.05 0 10 2621.74 0 9.99258 1 7465.11 4.72977 0 0 0 
67000 100 15.43 0 10 2663.33 0 9.99269 1 7581.07 4.79153 0 0 0 
68000 100 12.89 0 10 2704.45 0 9.9928 1 8934.52 5.56193 0 0 0 
69000 100 14 0 10 2744.86 0 9.9929 1 7697.05 4.79948 0 0 0 
70000 100 15.92 0 10 2784.63 0 9.993 1 8341.16 5.21836 0 0 0 
71000 100 12.46 0 10 2826.95 0 9.9931 1 7561.05 4.70616 0 0 0 
72000 100 10.9 0 10 2866.92 0 9.9932 1 7385.44 4.59077 0 0 0 
73000 100 12.87 0 10 2908.4 0 9.99329 1 7147.75 4.42853 0 0 0 
74000 100 13.88 0 10 2948.5 0 9.99338 1 7544.28 4.6987 0 0 0 
75000 100 16.26 0 10 2988.11 0 9.99347 1 7687.25 4.79742 0 0 0 
76000 100 16.49 0 10 3027.08 0 9.99355 1 8630.52 5.38315 0 0 0 
77000 100 18.08 0 10 3070.07 0 9.99364 1 8303.22 5.16944 0 0 0 
78000 100 12.64 0 10 3118.43 0 9.99372 1 7117.66 4.4726 0 0 0 
79000 100 14.34 0 10 3161.24 0 9.9938 1 7684.78 4.78873 0 0 0 
80000 100 17.41 0 10 3200.3 0 9.99388 1 7648.66 4.74701 0 0 0 
81000 100 13.45 0 10 3240.62 0 9.99395 1 7802.96 4.86196 0 0 0 
82000 100 17.89 0 10 3279.87 0 9.99403 1 7581.73 4.76051 0 0 0 
83000 100 15.13 0 10 3319.76 0 9.9941 1 7830.72 4.9497 0 0 0 
84000 100 12.71 0 10 3361.42 0 9.99417 1 7781.34 4.89909 0 0 0 
85000 100 7.58 0 10 3455.29 0 9.99424 1 3501.17 2.20208 0 0 0 
86000 100 6.11 0 10 3563.29 0 9.9943 1 2590.37 1.62246 0 0 0 
87000 100 5.16 0 10 3707.59 0 9.99437 1 2321.59 1.45102 0 0 0 
88000 100 3.89 0 10 3871.9 0 9.99443 1 1866.98 1.18662 0 0 0 
89000 100 3.92 0 10 4039.32 0 9.9945 1 1963.07 1.22602 0 0 0 
90000 100 3.41 0 10 4213.2 0 9.99456 1 1929.45 1.18676 0 0 0 
91000 100 3.41 0 10 4395.89 0 9.99462 1 2119.75 1.28248 0 0 0 
92000 100 3.64 0 10 4564.21 0 9.99468 1 1933.19 1.16742 0 0 0 
93000 100 4.24 0 10 4741.59 0 9.99473 1 1873.34 1.15351 0 0 0 
94000 100 2.6 0 10 4941.48 0 9.99479 1 1393.85 0.849585 0 0 0 
95000 100 3.75 0 10 5128.33 0 9.99484 1 1596.13 0.984105 0 0 0 
96000 100 4.07 0 10 5325.86 0 9.9949 1 1553.01 0.965623 0 0 0 
97000 100 3.28 0 10 5522.01 0 9.99495 1 1515.77 0.936941 0 0 0 
98000 100 3.69 0 10 5734.47 0 9.995 1 1590.39 0.986259 0 0 0 
99000 100 3.31 0 10 5950.64 0 9.99505 1 1458.57 0.904718 0 0 0 
100000 100 3.2 0 10 6153.47 0 9.9951 1 1531.17 0.947185 0 0 0 
101000 100 3.74 0 10 6348.62 0 9.99515 1 1635.07 1.02562 0 0 0 
102000 100 3.95 0 10 6552.61 0 9.9952 1 1568.75 0.98385 0 0 0 
103000 100 3.16 0 10 6764.18 0 9.99524 1 1828.03 1.16809 0 0 0 
104000 100 3.47 0 10 6975.91 0 9.99529 1 1452.62 0.932811 0 0 0 
105000 100 3.11 0 10 7184.71 0 9.99533 1 1639.13 1.03135 0 0 0 
106000 100 3.83 0 10 7388.94 0 9.99538 1 1665.61 1.04391 0 0 0 
107000 100 2.12 0 10 7593.6 0 9.99542 1 1460.69 0.91319 0 0 0 
108000 100 3.71 0 10 7821.68 0 9.99546 1 1349.01 0.851036 0 0 0 
109000 100 3.47 0 10 8025.8 0 9.99551 1 1872.23 1.14946 0 0 0 
110000 100 2.42 0 10 8233.9 0 9.99555 1 1567.45 0.990061 0 0 0 
111000 100 3.3 0 10 8435.97 0 9.99559 1 1486.78 0.926066 0 0 0 
112000 100 2.78 0 10 8634.94 0 9.99563 1 1517.95 0.92849 0 0 0 
113000 100 3.8 0 10 8826.08 0 9.99566 1 1701.7 1.00863 0 0 0 
114000 100 3.92 0 10 9030.69 0 9.9957 1 1457.09 0.854327 0 0 0 
115000 100 3.18 0 10 9234.07 0 9.99574 1 1471.12 0.864117 0 0 0 
116000 100 3.13 0 10 9447.75 0 9.99578 1 1491.34 0.864455 0 0 0 
117000 100 3.02 0 10 9670.48 0 9.99581 1 1524 0.887029 0 0 0 
118000 100 2.45 0 10 9886.5 0 9.99585 1 1513.4 0.879408 0 0 0 
119000 100 3.93 0 10 10113.1 0 9.99588 1 1668.62 0.956172 0 0 0 
120000 100 3.44 0 10 10323.7 0 9.99592 1 1725.15 0.983517 0 0 0 
121000 100 3.43 0 10 10518.9 0 9.99595 1 1491.48 0.853224 0 0 0 
122000 100 3.31 0 10 10726.3 0 9.99598 1 1858.78 1.04632 0 0 0 
123000 100 3.3 0 10 10948.2 0 9.99602 1 1601.14 0.903239 0 0 0 
124000 100 3.76 0 10 11165.5 0 9.99605 1 1528.35 0.857757 0 0 0 
125000 100 2.89 0 10 11383.6 0 9.99608 1 1792.98 1.0059 0 0 0 
126000 100 3.18 0 10 11623.4 0 9.99611 1 1212.72 0.686413 0 0 0 
127000 100 3.02 0 10 11887 0 9.99614 1 1557.3 0.883343 0 0 0 
128000 100 2.39 0 10 12130.5 0 9.99617 1 1271.28 0.711757 0 0 0 
129000 100 3.78 0 10 12342.9 0 9.9962 1 1428.18 0.803165 0 0 0 
130000 100 3.53 0 10 12553.9 0 9.99623 1 1537.42 0.867519 0 0 0 
131000 100 3.12 0 10 12780.3 0 9.99626 1 1518.14 0.866053 0 0 0 
132000 100 4.29 0 10 13001.3 0 9.99629 1 1421.22 0.81116 0 0 0 
133000 100 3.69 0 10 13215.7 0 9.99632 1 1259.66 0.709799 0 0 0 
134000 100 3.28 0 10 13441 0 9.99634 1 1440.45 0.811264 0 0 0 
135000 100 3.79 0 10 13663.1 0 9.99637 1 1338.92 0.757014 0 0 0 
136000 100 4.45 0 10 13883.3 0 9.9964 1 1615.86 0.898787 0 0 0 
137000 100 3.45 0 10 14108.8 0 9.99642 1 1605.92 0.889143 0 0 0 
138000 100 2.88 0 10 14335.2 0 9.99645 1 1483.72 0.822688 0 0 0 
139000 100 3.6 0 10 14562.9 0 9.99648 1 1332.53 0.737727 0 0 0 
140000 100 3.76 0 10 14783.8 0 9.9965 1 1454.12 0.788835 0 0 0 
141000 100 3.34 0 10 15018.5 0 9.99653 1 1342.98 0.721805 0 0 0 
142000 100 3.13 0 10 15241.6 0 9.99655 1 1327.05 0.708475 0 0 0 
143000 100 3.67 0 10 15471.5 0 9.99657 1 1313.42 0.698263 0 0 0 
144000 100 2.86 0 10 15732.7 0 9.9966 1 1345.62 0.718611 0 0 0 
145000 100 2.86 0 10 16009.3 0 9.99662 1 1381.86 0.747063 0 0 0 
146000 100 3.03 0 10 16245.3 0 9.99664 1 1144.6 0.610235 0 0 0 
147000 100 2.32 0 10 16502.5 0 9.99667 1 1097.54 0.594648 0 0 0 
148000 100 2.01 0 10 16761.2 0 9.99669 1 1104.72 0.596398 0 0 0 
149000 100 2.35 0 10 17013.9 0 9.99671 1 1390 0.765745 0 0 0 
150000 100 3.49 0 10 17259.6 0 9.99673 1 1372.37 0.770837 0 0 0 
151000 100 2.52 0 10 17515.5 0 9.99676 1 1236.51 0.696215 0 0 0 
152000 100 3.12 0 10 17771.9 0 9.99678 1 1318.6 0.760984 0 0 0 
153000 100 2.05 0 10 18033.6 0 9.9968 1 1270.74 0.731312 0 0 0 
154000 100 2.97 0 10 18301.7 0 9.99682 1 1297.36 0.741896 0 0 0 
155000 100 2.34 0 10 18572.5 0 9.99684 1 1038.15 0.58372 0 0 0 
156000 100 3.3 0 10 18838.4 0 9.99686 1 1260.31 0.707859 0 0 0 
157000 100 2.84 0 10 19107.1 0 9.99688 1 1282.28 0.714686 0 0 0 
158000 100 3.11 0 10 19364 0 9.9969 1 1375.96 0.763721 0 0 0 
159000 100 3.24 0 10 19614.5 0 9.99692 1 1197.58 0.667875 0 0 0 
160000 100 2.32 0 10 19856 0 9.99694 1 1377.44 0.765973 0 0 0 
161000 100 2.93 0 10 20108 0 9.99696 1 1335.42 0.738643 0 0 0 
162000 100 2.29 0 10 20376.7 0 9.99698 1 1226.24 0.683547 0 0 0 
163000 100 2.67 0 10 20634.6 0 9.99699 1 1178.16 0.647702 0 0 0 
164000 100 2.42 0 10 20890.2 0 9.99701 1 1284.6 0.714392 0 0 0 
165000 100 2.8 0 10 21148.9 0 9.99703 1 1145.94 0.630275 0 0 0 
166000 100 3.01 0 10 21413.9 0 9.99705 1 1245.86 0.684994 0 0 0 
167000 100 2.15 0 10 21683.6 0 9.99707 1 1450.92 0.793795 0 0 0 
168000 100 2.56 0 10 21925.5 0 9.99708 1 1397.04 0.762207 0 0 0 
169000 100 2.5 0 10 22147.2 0 9.9971 1 1376.15 0.745131 0 0 0 
170000 100 3.37 0 10 22369 0 9.99712 1 1499.27 0.808517 0 0 0 
171000 100 3.66 0 10 22615.2 0 9.99714 1 1217.52 0.665512 0 0 0 
172000 100 2.79 0 10 22890.4 0 9.99715 1 1260.21 0.685553 0 0 0 
173000 100 2.9 0 10 23129.8 0 9.99717 1 1385.47 0.753438 0 0 0 
174000 100 2.77 0 10 23411.2 0 9.99718 1 1298.34 0.694605 0 0 0 
175000 100 2.22 0 10 23665.5 0 9.9972 1 1236.28 0.648971 0 0 0 
176000 100 2.34 0 10 23932.4 0 9.99722 1 1153.03 0.600076 0 0 0 
177000 100 1.79 0 10 24191.3 0 9.99723 1 1376.02 0.716867 0 0 0 
178000 100 3.06 0 10 24456.1 0 9.99725 1 1088.98 0.56997 0 0 0 
179000 100 1.96 0 10 24736 0 9.99726 1 1146.61 0.608885 0 0 0 
180000 100 2.08 0 10 25006.7 0 9.99728 1 1233.88 0.66169 0 0 0 
181000 100 2.04 0 10 25278.1 0 9.99729 1 1093.35 0.583078 0 0 0 
182000 100 1.83 0 10 25565.9 0 9.99731 1 1096.72 0.578224 0 0 0 
183000 100 2.1 0 10 25851 0 9.99732 1 1080.14 0.572355 0 0 0 
184000 100 2.26 0 10 26127.5 0 9.99734 1 1084.99 0.581701 0 0 0 
185000 100 2.24 0 10 26410.5 0 9.99735 1 1179.98 0.624795 0 0 0 
186000 100 1.99 0 10 26700.2 0 9.99737 1 1184.08 0.610414 0 0 0 
187000 100 2.32 0 10 26985.5 0 9.99738 1 1036.08 0.528199 0 0 0 
188000 100 2.83 0 10 27283.7 0 9.99739 1 1045.96 0.544296 0 0 0 
189000 100 1.95 0 10 27583.6 0 9.99741 1 943.81 0.490848 0 0 0 
190000 100 2.07 0 10 27879.8 0 9.99742 1 1050.31 0.55242 0 0 0 
191000 100 2 0 10 28194.1 0 9.99744 1 1080.97 0.571255 0 0 0 
192000 100 2.07 0 10 28507.2 0 9.99745 1 1057.25 0.569755 0 0 0 
193000 100 1.46 0 10 28845.3 0 9.99746 1 924.58 0.495024 0 0 0 
194000 100 1.98 0 10 29141.5 0 9.99747 1 1041.39 0.552582 0 0 0 
195000 100 1.7 0 10 29436 0 9.99749 1 1197.6 0.641031 0 0 0 
196000 100 2.1 0 10 29770.8 0 9.9975 1 1054.28 0.575649 0 0 0 
197000 100 2.48 0 10 30077.8 0 9.99751 1 1033.84 0.557773 0 0 0 
198000 100 1.95 0 10 30377.6 0 9.99753 1 1005.23 0.527042 0 0 0 
199000 100 2.32 0 10 30671 0 9.99754 1 1123.49 0.589637 0 0 0 
200000 100 2.19 0 10 30952.5 0 9.99755 1 1156.12 0.588011 0 0 0 
201000 100 1.87 0 10 31258.4 0 9.99756 1 982.47 0.484054 0 0 0 
202000 100 2.28 0 10 31576.2 0 9.99757 1 1057.32 0.503271 0 0 0 
203000 100 1.91 0 10 31870.8 0 9.99759 1 971.44 0.45258 0 0 0 
204000 100 2.63 0 10 32172.3 0 9.9976 1 906.26 0.424131 0 0 0 
205000 100 2.59 0 10 32491.2 0 9.99761 1 1027.54 0.478051 0 0 0 
206000 100 2.61 0 10 32818.3 0 9.99762 1 883.41 0.410482 0 0 0 
207000 100 2.39 0 10 33113.8 0 9.99763 1 1150.64 0.513751 0 0 0 
208000 100 1.8 0 10 33421.9 0 9.99764 1 981.75 0.427917 0 0 0 
209000 100 2.82 0 10 33724.1 0 9.99766 1 1060.49 0.465093 0 0 0 
210000 100 2.22 0 10 34022.1 0 9.99767 1 1069.32 0.468908 0 0 0 
211000 100 2.67 0 10 34326 0 9.99768 1 953.92 0.419692 0 0 0 
212000 100 2.11 0 10 34625.5 0 9.99769 1 1137.71 0.497906 0 0 0 
213000 100 2.15 0 10 34928.8 0 9.9977 1 1104.6 0.479614 0 0 0 
214000 100 2.01 0 10 35205.2 0 9.99771 1 1033.78 0.446447 0 0 0 
215000 100 2.12 0 10 35498.6 0 9.99772 1 973.53 0.415855 0 0 0 
216000 100 1.84 0 10 35796.3 0 9.99773 1 1064.87 0.467495 0 0 0 
217000 100 2.38 0 10 36087.1 0 9.99774 1 1045.49 0.460191 0 0 0 
218000 100 1.81 0 10 36400.3 0 9.99775 1 1011.08 0.44196 0 0 0 
219000 100 2.12 0 10 36726.2 0 9.99776 1 1085.14 0.479169 0 0 0 
220000 100 1.77 0 10 37018.9 0 9.99777 1 962.71 0.424132 0 0 0 
221000 100 1.9 0 10 37323.9 0 9.99778 1 975.12 0.427847 0 0 0 
222000 100 1.76 0 10 37631.1 0 9.99779 1 1015.76 0.441085 0 0 0 
223000 100 2.91 0 10 37938.5 0 9.9978 1 1089.09 0.473437 0 0 0 
224000 100 2.4 0 10 38250.4 0 9.99781 1 1189.71 0.514951 0 0 0 
225000 100 1.99 0 10 38535.3 0 9.99782 1 1115.34 0.47894 0 0 0 
226000 100 2.14 0 10 38820.1 0 9.99783 1 1082.73 0.464117 0 0 0 
227000 100 2.09 0 10 39089.4 0 9.99784 1 1260.12 0.540083 0 0 0 
228000 100 1.84 0 10 39357.9 0 9.99785 1 1013.5 0.429354 0 0 0 
229000 100 2.55 0 10 39630.1 0 9.99786 1 1320.89 0.552331 0 0 0 
230000 100 2.48 0 10 39912.8 0 9.99787 1 980.97 0.413558 0 0 0 
231000 100 1.76 0 10 40190 0 9.99788 1 1207.17 0.510065 0 0 0 
232000 100 2.1 0 10 40482.1 0 9.99789 1 1074.82 0.456189 0 0 0 
233000 100 2.49 0 10 40782.2 0 9.9979 1 972.41 0.406239 0 0 0 
234000 100 1.98 0 10 41078.9 0 9.99791 1 1011.34 0.415502 0 0 0 
235000 100 2.51 0 10 41378.1 0 9.99792 1 885.39 0.368344 0 0 0 
236000 100 2.29 0 10 41679.5 0 9.99792 1 1074.78 0.446931 0 0 0 
237000 100 2.22 0 10 41966.5 0 9.99793 1 998.86 0.408063 0 0 0 
238000 100 2.51 0 10 42265.3 0 9.99794 1 1012.78 0.417007 0 0 0 
239000 100 2 0 10 42571 0 9.99795 1 933.84 0.383789 0 0 0 
240000 100 1.79 0 10 42883 0 9.99796 1 1041.16 0.4207 0 0 0 
241000 100 1.79 0 10 43183.4 0 9.99797 1 1037.12 0.415325 0 0 0 
242000 100 2.15 0 10 43466.1 0 9.99798 1 1024.89 0.415742 0 0 0 
243000 100 2.17 0 10 43797.9 0 9.99798 1 1056.38 0.418226 0 0 0 
244000 100 1.98 0 10 44121 0 9.99799 1 1088.63 0.43001 0 0 0 
245000 100 2.28 0 10 44434.2 0 9.998 1 1026.64 0.40327 0 0 0 
246000 100 2.23 0 10 44736.4 0 9.99801 1 1138.34 0.447112 0 0 0 
247000 100 1.93 0 10 45018.1 0 9.99802 1 1002.74 0.383864 0 0 0 
248000 100 1.73 0 10 45300.5 0 9.99802 1 1063.86 0.404587 0 0 0 
249000 100 1.26 0 10 45599.8 0 9.99803 1 969.12 0.366439 0 0 0 
250000 100 2.21 0 10 45925.2 0 9.99804 1 1022.89 0.385294 0 0 0 