# Avida Average Deme Data
# Wed Apr 16 11:15:45 2014
#  1: Update
#  2: Count
#  3: Age
#  4: Births
#  5: Organisms
#  6: Generation
#  7: Births (at last replication)
#  8: Organisms (at last replication)
#  9: Merit
# 10: Gestation Time
# 11: Time Used (normalized by org fitness)
# 12: Generations between current and last founders
# 13: Events killed
# 14: Attempts to kill event

0 100 0 0 1 0 0 0 1 0 0 0 0 0 
1000 100 25.32 0 10 5.62 0 8.18941 1 54638.7 47.0712 0 0 0 
2000 100 59.83 0 10 12.15 0 9.09425 1 56103.7 48.3409 0 0 0 
3000 100 60.59 0 10 18.47 0 9.39607 1 55222.6 47.5675 0 0 0 
4000 100 76.94 0 10 27.17 0 9.54701 1 54141.3 46.567 0 0 0 
5000 100 77.82 0 10 32.78 0 9.63759 1 54447.6 46.8108 0 0 0 
6000 100 89.89 0 10 39.29 0 9.69798 1 57855.1 49.7071 0 0 0 
7000 100 90.65 0 10 46.98 0 9.74112 1 56226.8 48.3418 0 0 0 
8000 100 75.31 0 10 53.43 0 9.77348 1 54772.2 47.0651 0 0 0 
9000 100 90.21 0 10 60.44 0 9.79864 1 56648.7 48.7022 0 0 0 
10000 100 77.18 0 10 64.35 0 9.81878 1 58550.5 50.4256 0 0 0 
11000 100 77.84 0 10 69.41 0 9.83525 1 59276.1 51.042 0 0 0 
12000 100 78.7 0 10 75.7 0 9.84898 1 57814 49.8096 0 0 0 
13000 100 79.72 0 10 84.45 0 9.8606 1 56967.3 49.1695 0 0 0 
14000 100 75.7 0 10 90.94 0 9.87055 1 57409.4 49.4429 0 0 0 
15000 100 86.65 0 10 99.67 0 9.87918 1 58914.4 50.6074 0 0 0 
16000 100 97.23 0 10 106.98 0 9.88673 1 57011.6 49.0478 0 0 0 
17000 100 108.29 0 10 113.13 0 9.89339 1 58340.7 50.1327 0 0 0 
18000 100 98.3 0 10 123.67 0 9.89932 1 58258.8 50.131 0 0 0 
19000 100 85.87 0 10 133.51 0 9.90462 1 58269.4 50.1728 0 0 0 
20000 100 102.35 0 10 137.79 0 9.90938 1 58049.2 49.7273 0 0 0 
21000 100 84.5 0 10 142.09 0 9.9137 1 59230.1 50.7526 0 0 0 
22000 100 82.27 0 10 149.33 0 9.91762 1 58274.3 50.089 0 0 0 
23000 100 93.73 0 10 151.48 0 9.9212 1 56299.2 48.1158 0 0 0 
24000 100 99.72 0 10 156.83 0 9.92449 1 60042.2 51.3268 0 0 0 
25000 100 94.82 0 10 163.51 0 9.92751 1 58759.6 50.4455 0 0 0 
26000 100 77.47 0 10 171.37 0 9.93029 1 57111 49.3226 0 0 0 
27000 100 88.84 0 10 177.91 0 9.93288 1 58818.1 50.7732 0 0 0 
28000 100 80.24 0 10 182.95 0 9.93527 1 57644.6 49.6624 0 0 0 
29000 100 82.81 0 10 190.27 0 9.93751 1 57953 49.8695 0 0 0 
30000 100 85.55 0 10 194.82 0 9.93959 1 58837.5 50.6899 0 0 0 
31000 100 85.12 0 10 199.98 0 9.94154 1 55966.3 48.2658 0 0 0 
32000 100 77.43 0 10 210.05 0 9.94336 1 56137.2 48.4959 0 0 0 
33000 100 78.36 0 10 218.76 0 9.94508 1 57364.6 49.7217 0 0 0 
34000 100 98.02 0 10 226.16 0 9.9467 1 55976.4 48.4275 0 0 0 
35000 100 83.32 0 10 233.51 0 9.94822 1 57002.3 49.4184 0 0 0 
36000 100 91.36 0 10 239 0 9.94966 1 55087.1 47.8516 0 0 0 
37000 100 93.89 0 10 246.88 0 9.95102 1 55236.9 48.0737 0 0 0 
38000 100 95.66 0 10 252.48 0 9.95231 1 58848.6 51.0372 0 0 0 
39000 100 83.26 0 10 259.56 0 9.95353 1 56088.6 48.9121 0 0 0 
40000 100 79.43 0 10 262.56 0 9.95469 1 56135.5 48.6963 0 0 0 
41000 100 86.72 0 10 267.05 0 9.9558 1 56564.5 49.0783 0 0 0 
42000 100 95.43 0 10 275.11 0 9.95685 1 58278.2 50.8461 0 0 0 
43000 100 83.72 0 10 282.7 0 9.95785 1 56827.8 49.7227 0 0 0 
44000 100 100.89 0 10 289.34 0 9.95881 1 59528.3 51.9324 0 0 0 
45000 100 92.48 0 10 298.76 0 9.95973 1 54357.2 47.4296 0 0 0 
46000 100 87.48 0 10 305.36 0 9.9606 1 60045.7 52.2868 0 0 0 
47000 100 90.96 0 10 315.01 0 9.96144 1 57962.7 50.5715 0 0 0 
48000 100 98.34 0 10 321 0 9.96224 1 58847.2 51.4258 0 0 0 
49000 100 98.46 0 10 324.99 0 9.96301 1 57157.8 49.874 0 0 0 
50000 100 98.74 0 10 330.27 0 9.96375 1 56786 49.8239 0 0 0 
51000 100 110.57 0 10 329.17 0 9.96446 1 59890.1 52.725 0 0 0 
52000 100 99.98 0 10 335.46 0 9.96515 1 56432.4 49.6084 0 0 0 
53000 100 105.18 0 10 348.09 0 9.9658 1 57606.7 50.6813 0 0 0 
54000 100 114.45 0 10 351.83 0 9.96644 1 58764.6 51.5348 0 0 0 
55000 100 101.63 0 10 370.17 0 9.96705 1 57448.2 50.3163 0 0 0 
56000 100 116.67 0 10 375.86 0 9.96764 1 57271.5 50.2471 0 0 0 
57000 100 103.77 0 10 384.98 0 9.9682 1 55638.1 48.8351 0 0 0 
58000 100 107.15 0 10 390.28 0 9.96875 1 57008.8 49.865 0 0 0 
59000 100 121.35 0 10 397.24 0 9.96928 1 58560 51.4907 0 0 0 
60000 100 97.09 0 10 404.21 0 9.96979 1 57571.8 50.4182 0 0 0 
61000 100 94.76 0 10 411.09 0 9.97029 1 55836.1 48.8621 0 0 0 
62000 100 85.08 0 10 417.97 0 9.97077 1 55554.3 48.6411 0 0 0 
63000 100 73.97 0 10 423.64 0 9.97123 1 57626.2 50.4504 0 0 0 
64000 100 86.19 0 10 431.62 0 9.97168 1 58379 51.228 0 0 0 
65000 100 102.63 0 10 436.91 0 9.97212 1 55452.8 48.7616 0 0 0 
66000 100 107.89 0 10 442.16 0 9.97254 1 56959.2 50.0247 0 0 0 
67000 100 138.4 0 10 448.27 0 9.97295 1 54006.5 47.2593 0 0 0 
68000 100 147.79 0 10 453.01 0 9.97335 1 59998.6 52.4195 0 0 0 
69000 100 126.93 0 10 464.26 0 9.97373 1 58381.3 51.2086 0 0 0 
70000 100 104.55 0 10 477.23 0 9.97411 1 56161.1 49.3706 0 0 0 
71000 100 95.82 0 10 489.66 0 9.97447 1 55127.1 48.5587 0 0 0 
72000 100 87.68 0 10 496.42 0 9.97483 1 57334.5 50.553 0 0 0 
73000 100 74.23 0 10 505.3 0 9.97517 1 55711.1 49.0483 0 0 0 
74000 100 68.65 0 10 511.96 0 9.97551 1 58542.2 51.4666 0 0 0 
75000 100 67.63 0 10 519.44 0 9.97583 1 57063.7 50.2213 0 0 0 
76000 100 70.52 0 10 526.34 0 9.97615 1 56291.3 49.4075 0 0 0 
77000 100 61.74 0 10 533.25 0 9.97646 1 59158.7 51.9084 0 0 0 
78000 100 62.71 0 10 537.17 0 9.97676 1 59251.5 51.9442 0 0 0 
79000 100 80.85 0 10 539.17 0 9.97706 1 59098.6 51.6025 0 0 0 
80000 100 81.86 0 10 543.16 0 9.97735 1 57680.8 50.3757 0 0 0 
81000 100 68.27 0 10 550.33 0 9.97762 1 57075.5 49.7868 0 0 0 
82000 100 60.52 0 10 560.34 0 9.9779 1 59866.2 52.2254 0 0 0 
83000 100 41.59 0 10 563.13 0 9.97816 1 59053.5 51.5794 0 0 0 
84000 100 33.06 0 10 568.38 0 9.97842 1 59478.1 52.0978 0 0 0 
85000 100 39.02 0 10 571.8 0 9.97868 1 59488.9 52.0305 0 0 0 
86000 100 40.92 0 10 578.01 0 9.97893 1 58217.6 50.8651 0 0 0 
87000 100 43.29 0 10 586.21 0 9.97917 1 58290 51.0522 0 0 0 
88000 100 45.23 0 10 593.68 0 9.9794 1 58746.7 51.5728 0 0 0 
89000 100 57.54 0 10 601.86 0 9.97964 1 57777.7 50.4681 0 0 0 
90000 100 50.25 0 10 605.56 0 9.97986 1 57126.2 50.2221 0 0 0 
91000 100 58.93 0 10 614.51 0 9.98008 1 58826.1 51.6511 0 0 0 
92000 100 69.92 0 10 618.76 0 9.9803 1 59425.8 52.3036 0 0 0 
93000 100 70.07 0 10 624.29 0 9.98051 1 59877.3 52.7033 0 0 0 
94000 100 60.72 0 10 630.33 0 9.98072 1 58792.9 51.8388 0 0 0 
95000 100 64.91 0 10 636.78 0 9.98092 1 59301.1 52.2526 0 0 0 
96000 100 75.44 0 10 640.95 0 9.98112 1 58973.6 52.0115 0 0 0 
97000 100 82.74 0 10 646.28 0 9.98132 1 57968.9 51.1467 0 0 0 
98000 100 100.33 0 10 652.67 0 9.98151 1 59523.6 52.4387 0 0 0 
99000 100 90.11 0 10 654.66 0 9.98169 1 59733.1 52.8504 0 0 0 
100000 100 92.08 0 10 659.07 0 9.98188 1 59256.1 52.5849 0 0 0 
101000 100 93.74 0 10 663.32 0 9.98206 1 58272.8 51.8284 0 0 0 
102000 100 107.51 0 10 669.83 0 9.98223 1 59580 53.0033 0 0 0 
103000 100 118.63 0 10 679.46 0 9.9824 1 59220 52.412 0 0 0 
104000 100 97.15 0 10 683.47 0 9.98257 1 57721.1 51.1976 0 0 0 
105000 100 106.08 0 10 686.18 0 9.98274 1 57951.9 51.3528 0 0 0 
106000 100 111.04 0 10 691.59 0 9.9829 1 58863.8 52.0785 0 0 0 
107000 100 110.2 0 10 696.39 0 9.98306 1 58809.2 52.0214 0 0 0 
108000 100 116.11 0 10 702.09 0 9.98322 1 55529.9 49.1152 0 0 0 
109000 100 107.61 0 10 706.66 0 9.98337 1 56133.4 49.7962 0 0 0 
110000 100 114.91 0 10 710.2 0 9.98352 1 59147 52.4871 0 0 0 
111000 100 107.67 0 10 714.69 0 9.98367 1 58370.7 51.9656 0 0 0 
112000 100 102.58 0 10 718 0 9.98382 1 58915.9 52.7259 0 0 0 
113000 100 99.95 0 10 722.89 0 9.98396 1 59110.9 52.7876 0 0 0 
114000 100 104.3 0 10 727.13 0 9.9841 1 59993.9 53.7193 0 0 0 
115000 100 106.29 0 10 733.44 0 9.98424 1 59278 53.2057 0 0 0 
116000 100 95.6 0 10 737.39 0 9.98438 1 58666.4 52.6022 0 0 0 
117000 100 89.66 0 10 743.76 0 9.98451 1 59554.2 53.273 0 0 0 
118000 100 97.91 0 10 747.88 0 9.98464 1 58502.5 52.3379 0 0 0 
119000 100 100.08 0 10 750.23 0 9.98477 1 59920.7 53.7788 0 0 0 
120000 100 93.01 0 10 755.07 0 9.9849 1 60055.7 53.8949 0 0 0 
121000 100 110.68 0 10 762.63 0 9.98502 1 60021.5 53.9035 0 0 0 
122000 100 120.08 0 10 765.53 0 9.98514 1 60044.5 54.0499 0 0 0 
123000 100 122.02 0 10 768.55 0 9.98527 1 59975.3 54.1584 0 0 0 
124000 100 130.06 0 10 774.96 0 9.98538 1 59898.8 54.1997 0 0 0 
125000 100 126.93 0 10 779.88 0 9.9855 1 60106.9 54.3915 0 0 0 
126000 100 131.46 0 10 785.64 0 9.98562 1 59604.8 54.1715 0 0 0 
127000 100 139.48 0 10 791.27 0 9.98573 1 60326.9 54.7487 0 0 0 
128000 100 144.98 0 10 795.04 0 9.98584 1 59936.7 54.3692 0 0 0 
129000 100 143.32 0 10 800.97 0 9.98595 1 60099.8 54.379 0 0 0 
130000 100 144.6 0 10 804.62 0 9.98606 1 60111.4 54.3603 0 0 0 
131000 100 142.52 0 10 811.87 0 9.98616 1 60100.3 54.3747 0 0 0 
132000 100 145.4 0 10 814.41 0 9.98627 1 59647.3 54.6568 0 0 0 
133000 100 145.08 0 10 819.71 0 9.98637 1 60023.7 54.912 0 0 0 
134000 100 144.76 0 10 824.95 0 9.98647 1 60032.2 54.7437 0 0 0 
135000 100 145.08 0 10 829.62 0 9.98657 1 60044.6 54.82 0 0 0 
136000 100 145.08 0 10 834.59 0 9.98667 1 60153 54.7901 0 0 0 
137000 100 143.16 0 10 841.36 0 9.98677 1 60160.5 54.9213 0 0 0 
138000 100 144.76 0 10 844.83 0 9.98687 1 60350.7 55.3838 0 0 0 
139000 100 144.28 0 10 850.49 0 9.98696 1 59785.3 55.0522 0 0 0 
140000 100 143.48 0 10 856.3 0 9.98705 1 60022.4 55.4014 0 0 0 
141000 100 143 0 10 861.75 0 9.98715 1 59986.6 55.2024 0 0 0 
142000 100 142.36 0 10 867.35 0 9.98724 1 60111.9 55.29 0 0 0 
143000 100 144.6 0 10 870.25 0 9.98733 1 59723.8 55.3625 0 0 0 
144000 100 141.46 0 10 874.84 0 9.98741 1 59320.7 55.2324 0 0 0 
145000 100 141.86 0 10 881.32 0 9.9875 1 60031.8 55.3701 0 0 0 
146000 100 138.14 0 10 886.81 0 9.98759 1 59962.3 55.1826 0 0 0 
147000 100 135.06 0 10 891.7 0 9.98767 1 59978.2 55.3705 0 0 0 
148000 100 136.19 0 10 896.39 0 9.98775 1 60160.4 55.6993 0 0 0 
149000 100 143.96 0 10 900.85 0 9.98784 1 59826.6 55.5318 0 0 0 
150000 100 144.44 0 10 905.4 0 9.98792 1 60202.8 55.9767 0 0 0 
151000 100 143.64 0 10 911.15 0 9.988 1 60053 55.7606 0 0 0 
152000 100 144.44 0 10 915.4 0 9.98808 1 60090.9 56.0815 0 0 0 
153000 100 141.31 0 10 920.94 0 9.98815 1 58034.4 54.0707 0 0 0 
154000 100 144.76 0 10 925.1 0 9.98823 1 60321.4 56.0808 0 0 0 
155000 100 146.04 0 10 928.9 0 9.98831 1 59695.6 55.9207 0 0 0 
156000 100 143.2 0 10 933.04 0 9.98838 1 60074 55.8502 0 0 0 
157000 100 138.34 0 10 938.14 0 9.98846 1 59415 55.6494 0 0 0 
158000 100 136.3 0 10 943.37 0 9.98853 1 59316.5 55.9433 0 0 0 
159000 100 135.41 0 10 948.36 0 9.9886 1 60099.7 56.5422 0 0 0 
160000 100 142.27 0 10 953.33 0 9.98867 1 59951.2 56.4359 0 0 0 
161000 100 142 0 10 958.3 0 9.98874 1 59926.3 56.7113 0 0 0 
162000 100 141.89 0 10 963.41 0 9.98881 1 60158 56.8385 0 0 0 
163000 100 137.45 0 10 968.65 0 9.98888 1 60033.8 56.6579 0 0 0 
164000 100 136.89 0 10 973.45 0 9.98895 1 60038.6 56.5127 0 0 0 
165000 100 136.9 0 10 978.65 0 9.98902 1 60139.2 56.4752 0 0 0 
166000 100 134.96 0 10 983.74 0 9.98908 1 59865 56.4119 0 0 0 
167000 100 129.24 0 10 988.96 0 9.98915 1 60158.8 56.7696 0 0 0 
168000 100 130.72 0 10 993.88 0 9.98921 1 59849.1 56.6259 0 0 0 
169000 100 129.24 0 10 998.96 0 9.98928 1 60137.6 57.0005 0 0 0 
170000 100 127.04 0 10 1004.1 0 9.98934 1 60038.9 56.7312 0 0 0 
171000 100 127.02 0 10 1009.08 0 9.9894 1 60210.4 57.0061 0 0 0 
172000 100 128.13 0 10 1014.02 0 9.98946 1 60018.2 56.8783 0 0 0 
173000 100 130.35 0 10 1018.9 0 9.98952 1 60046.4 57.1385 0 0 0 
174000 100 127.02 0 10 1024.08 0 9.98958 1 60260.4 56.7308 0 0 0 
175000 100 122.95 0 10 1029.3 0 9.98964 1 60091.5 56.3228 0 0 0 
176000 100 123.69 0 10 1034.26 0 9.9897 1 60056.3 56.0654 0 0 0 
177000 100 131.83 0 10 1038.82 0 9.98976 1 60087.6 56.3562 0 0 0 
178000 100 135.16 0 10 1043.64 0 9.98982 1 60045.8 56.3859 0 0 0 
179000 100 132.57 0 10 1048.78 0 9.98987 1 59900.6 56.2755 0 0 0 
180000 100 127.39 0 10 1054.06 0 9.98993 1 59942.4 56.3956 0 0 0 
181000 100 132.2 0 10 1058.8 0 9.98999 1 59971.1 56.4437 0 0 0 
182000 100 134.79 0 10 1063.66 0 9.99004 1 59734.8 56.6313 0 0 0 
183000 100 128.5 0 10 1069 0 9.9901 1 60183.3 57.0995 0 0 0 
184000 100 131.46 0 10 1073.84 0 9.99015 1 59995.3 57.0619 0 0 0 
185000 100 134.42 0 10 1078.68 0 9.9902 1 59906.8 56.909 0 0 0 
186000 100 130.72 0 10 1083.88 0 9.99026 1 60242.3 56.8047 0 0 0 
187000 100 131.46 0 10 1088.84 0 9.99031 1 59996.7 56.2237 0 0 0 
188000 100 130.35 0 10 1093.9 0 9.99036 1 59933.3 56.1698 0 0 0 
189000 100 122.95 0 10 1099.3 0 9.99041 1 59979.9 55.8309 0 0 0 
190000 100 123.32 0 10 1104.28 0 9.99046 1 60092.3 56.2138 0 0 0 
191000 100 127.02 0 10 1109.08 0 9.99051 1 60064.1 56.558 0 0 0 
192000 100 127.02 0 10 1114.08 0 9.99056 1 60353.2 56.8355 0 0 0 
193000 100 123.69 0 10 1119.26 0 9.99061 1 60265.8 56.2761 0 0 0 
194000 100 116.4 0 10 1124.28 0 9.99066 1 60113.8 55.9146 0 0 0 
195000 100 109.97 0 10 1129.16 0 9.99071 1 60052.6 55.9245 0 0 0 
196000 100 118.55 0 10 1133.93 0 9.99075 1 60103.3 56.2644 0 0 0 
197000 100 120.46 0 10 1138.78 0 9.9908 1 60116.1 56.3855 0 0 0 
198000 100 118.73 0 10 1143.78 0 9.99085 1 60234.5 56.2851 0 0 0 
199000 100 125.16 0 10 1148.9 0 9.99089 1 59972.8 55.9766 0 0 0 
200000 100 118.61 0 10 1153.88 0 9.99094 1 60116.5 56.4574 0 0 0 
201000 100 120.65 0 10 1158.91 0 9.99098 1 60351.3 56.4084 0 0 0 
202000 100 118.06 0 10 1164.05 0 9.99103 1 60062.3 55.9089 0 0 0 
203000 100 126.1 0 10 1169.1 0 9.99107 1 60159.3 56.2818 0 0 0 
204000 100 128.13 0 10 1174.02 0 9.99112 1 59858.9 56.2043 0 0 0 
205000 100 127.39 0 10 1179.06 0 9.99116 1 60110 57.018 0 0 0 
206000 100 123.69 0 10 1184.26 0 9.9912 1 60451.8 57.184 0 0 0 
207000 100 129.61 0 10 1188.94 0 9.99124 1 59936.3 57.7776 0 0 0 
208000 100 130.35 0 10 1193.9 0 9.99129 1 60294.8 58.3636 0 0 0 
209000 100 129.98 0 10 1198.92 0 9.99133 1 60387.4 58.3349 0 0 0 
210000 100 127.39 0 10 1204.06 0 9.99137 1 60242.4 57.6039 0 0 0 
211000 100 125.54 0 10 1209.16 0 9.99141 1 60438.1 57.8845 0 0 0 
212000 100 129.24 0 10 1213.96 0 9.99145 1 59789.1 57.8656 0 0 0 
213000 100 131.46 0 10 1218.84 0 9.99149 1 60511.9 58.7039 0 0 0 
214000 100 129.37 0 10 1223.84 0 9.99153 1 59515.4 57.4697 0 0 0 
215000 100 122.05 0 10 1229.02 0 9.99157 1 60107.7 57.6558 0 0 0 
216000 100 116.59 0 10 1233.93 0 9.99161 1 59656.6 57.642 0 0 0 
217000 100 113.62 0 10 1238.88 0 9.99165 1 60278 58.3998 0 0 0 
218000 100 116.34 0 10 1243.81 0 9.99169 1 60327.4 58.6056 0 0 0 
219000 100 128.89 0 10 1248.64 0 9.99172 1 59943.1 58.784 0 0 0 
220000 100 132.13 0 10 1253.66 0 9.99176 1 60445.8 59.3028 0 0 0 
221000 100 129.14 0 10 1258.57 0 9.9918 1 60370.5 59.9427 0 0 0 
222000 100 135.09 0 10 1263.5 0 9.99184 1 59862.9 59.533 0 0 0 
223000 100 139.6 0 10 1268.4 0 9.99187 1 60175.5 60.3098 0 0 0 
224000 100 142.19 0 10 1273.26 0 9.99191 1 60173.6 61.1683 0 0 0 
225000 100 146.26 0 10 1278.04 0 9.99194 1 59767.6 61.7434 0 0 0 
226000 100 147 0 10 1283 0 9.99198 1 60160.5 61.7973 0 0 0 
227000 100 147 0 10 1288 0 9.99202 1 60093.3 62.0088 0 0 0 
228000 100 147 0 10 1293 0 9.99205 1 60037.2 61.9825 0 0 0 
229000 100 147 0 10 1298 0 9.99209 1 60237.4 61.7556 0 0 0 
230000 100 147 0 10 1303 0 9.99212 1 60050.4 61.5087 0 0 0 
231000 100 147 0 10 1308 0 9.99215 1 59926.4 61.249 0 0 0 
232000 100 147 0 10 1313 0 9.99219 1 60120.4 61.3787 0 0 0 
233000 100 147 0 10 1318 0 9.99222 1 60093.7 61.552 0 0 0 
234000 100 147 0 10 1323 0 9.99225 1 60026.4 61.4656 0 0 0 
235000 100 147 0 10 1328 0 9.99229 1 60060.8 61.3239 0 0 0 
236000 100 145.92 0 10 1333.04 0 9.99232 1 60105.8 61.2762 0 0 0 
237000 100 145.56 0 10 1338.13 0 9.99235 1 59311.7 60.3159 0 0 0 
238000 100 140.9 0 10 1343.2 0 9.99238 1 58547.2 59.5462 0 0 0 
239000 100 124.98 0 10 1348.4 0 9.99242 1 59891.4 60.9115 0 0 0 
240000 100 126.27 0 10 1353.44 0 9.99245 1 59907.1 61.0387 0 0 0 
241000 100 122.64 0 10 1358.38 0 9.99248 1 59467.3 60.6156 0 0 0 
242000 100 127.27 0 10 1363.35 0 9.99251 1 59126.2 60.0035 0 0 0 
243000 100 136.01 0 10 1368.36 0 9.99254 1 59795 60.2298 0 0 0 
244000 100 118.35 0 10 1373.54 0 9.99257 1 59677.7 60.2218 0 0 0 
245000 100 111.48 0 10 1378.64 0 9.9926 1 59466.6 59.9373 0 0 0 
246000 100 124 0 10 1383.53 0 9.99263 1 58856 59.5573 0 0 0 
247000 100 130.43 0 10 1388.99 0 9.99266 1 57914.9 58.4856 0 0 0 
248000 100 137.02 0 10 1393.83 0 9.99269 1 59948.8 60.5248 0 0 0 
249000 100 130.44 0 10 1398.95 0 9.99272 1 59936.3 60.7083 0 0 0 
250000 100 139.17 0 10 1404.1 0 9.99275 1 60191.6 60.3708 0 0 0 