# Avida Average Deme Data
# Tue Apr 15 16:40:13 2014
#  1: Update
#  2: Count
#  3: Age
#  4: Births
#  5: Organisms
#  6: Generation
#  7: Births (at last replication)
#  8: Organisms (at last replication)
#  9: Merit
# 10: Gestation Time
# 11: Time Used (normalized by org fitness)
# 12: Generations between current and last founders
# 13: Events killed
# 14: Attempts to kill event

0 100 0 0 1 0 0 0 1 0 0 0 0 0 
1000 100 33.84 0 10 6.61 0 8.16533 1 55072.9 47.4611 0 0 0 
2000 100 71.35 0 10 13.02 0 9.08221 1 56531.6 48.611 0 0 0 
3000 100 59.6 0 10 19.76 0 9.38804 1 57287.9 49.0673 0 0 0 
4000 100 79.74 0 10 24.79 0 9.54099 1 57246.8 49.1495 0 0 0 
5000 100 59.89 0 10 33.13 0 9.63277 1 57142.6 49.0051 0 0 0 
6000 100 85.95 0 10 42.01 0 9.69397 1 55693.6 47.7323 0 0 0 
7000 100 78.86 0 10 45.33 0 9.73768 1 54728.2 47.1202 0 0 0 
8000 100 88.52 0 10 50.43 0 9.77047 1 53310.3 45.891 0 0 0 
9000 100 95.48 0 10 58.55 0 9.79597 1 55492.1 47.8815 0 0 0 
10000 100 98.09 0 10 65.92 0 9.81637 1 54038 46.559 0 0 0 
11000 100 107.61 0 10 73.33 0 9.83306 1 57928.1 49.9408 0 0 0 
12000 100 116.66 0 10 79.2 0 9.84697 1 55107.9 47.5869 0 0 0 
13000 100 110.73 0 10 85.26 0 9.85874 1 57369.6 49.7408 0 0 0 
14000 100 104.28 0 10 92.08 0 9.86883 1 55859.4 48.4816 0 0 0 
15000 100 94.13 0 10 99.37 0 9.87757 1 57532.6 49.8389 0 0 0 
16000 100 106.56 0 10 103.12 0 9.88523 1 58109.4 50.2638 0 0 0 
17000 100 87.95 0 10 105.75 0 9.89198 1 59934.2 52.1889 0 0 0 
18000 100 96.75 0 10 112.2 0 9.89798 1 57113.3 49.7823 0 0 0 
19000 100 85.77 0 10 124.36 0 9.90335 1 60118.3 51.9739 0 0 0 
20000 100 72.73 0 10 130.89 0 9.90818 1 58105.7 50.225 0 0 0 
21000 100 73.09 0 10 137.07 0 9.91255 1 56573 48.5923 0 0 0 
22000 100 66.8 0 10 143.44 0 9.91653 1 59998 51.5753 0 0 0 
23000 100 70.51 0 10 149.25 0 9.92016 1 59393.5 51.1167 0 0 0 
24000 100 57.21 0 10 154.83 0 9.92348 1 57397 49.3772 0 0 0 
25000 100 58.08 0 10 159.59 0 9.92654 1 57509 49.4377 0 0 0 
26000 100 53.64 0 10 161.57 0 9.92937 1 59798.4 51.4967 0 0 0 
27000 100 54.12 0 10 165.17 0 9.93198 1 58306.4 50.4535 0 0 0 
28000 100 57.82 0 10 170.83 0 9.93441 1 58477.2 50.6153 0 0 0 
29000 100 51.9 0 10 175.8 0 9.93667 1 58259.5 50.5309 0 0 0 
30000 100 67.7 0 10 179.37 0 9.93879 1 57835.4 50.2196 0 0 0 
31000 100 67.44 0 10 185.34 0 9.94076 1 57168.5 49.5985 0 0 0 
32000 100 79.91 0 10 191.33 0 9.94261 1 59998.1 51.9555 0 0 0 
33000 100 115.92 0 10 193.67 0 9.94435 1 59042.4 51.1985 0 0 0 
34000 100 94.52 0 10 199.71 0 9.94599 1 56722.6 48.9949 0 0 0 
35000 100 81.98 0 10 205.44 0 9.94753 1 55006.7 47.7324 0 0 0 
36000 100 88.55 0 10 211.74 0 9.94899 1 57006.1 49.0661 0 0 0 
37000 100 109.93 0 10 217.01 0 9.95037 1 57015.1 48.9936 0 0 0 
38000 100 111.9 0 10 222.31 0 9.95167 1 59469 51.3564 0 0 0 
39000 100 105.06 0 10 228.31 0 9.95291 1 56766.7 49.0443 0 0 0 
40000 100 86.78 0 10 235.72 0 9.95409 1 58340.4 50.3236 0 0 0 
41000 100 86.18 0 10 241.82 0 9.95521 1 59577.4 51.4276 0 0 0 
42000 100 82.38 0 10 247.12 0 9.95627 1 56439.9 48.8121 0 0 0 
43000 100 75.93 0 10 253.06 0 9.95729 1 58463.4 50.9446 0 0 0 
44000 100 85.75 0 10 259.89 0 9.95826 1 56633.6 49.4967 0 0 0 
45000 100 80.19 0 10 265.96 0 9.95919 1 56799.7 49.8174 0 0 0 
46000 100 59.18 0 10 270.79 0 9.96008 1 57756.2 50.9364 0 0 0 
47000 100 59.49 0 10 275.63 0 9.96093 1 56590.9 49.9478 0 0 0 
48000 100 80.2 0 10 280.9 0 9.96174 1 54602.8 48.4117 0 0 0 
49000 100 68.11 0 10 284.63 0 9.96252 1 54497.9 48.4032 0 0 0 
50000 100 75.51 0 10 290.11 0 9.96327 1 57585.5 51.1786 0 0 0 
51000 100 67.54 0 10 294.17 0 9.96399 1 60093.9 53.1475 0 0 0 
52000 100 73.45 0 10 298.76 0 9.96468 1 57772.8 50.8619 0 0 0 
53000 100 62.79 0 10 303.89 0 9.96535 1 54793.4 48.4347 0 0 0 
54000 100 85.08 0 10 310.61 0 9.96599 1 58544.6 51.6819 0 0 0 
55000 100 81.87 0 10 318.62 0 9.96661 1 59434.3 52.537 0 0 0 
56000 100 81.77 0 10 323.31 0 9.96721 1 58176.9 51.4347 0 0 0 
57000 100 79.4 0 10 330.64 0 9.96778 1 57962.4 51.539 0 0 0 
58000 100 78.32 0 10 338.13 0 9.96834 1 59111.6 52.4846 0 0 0 
59000 100 70.99 0 10 343.56 0 9.96887 1 56265.5 50.2809 0 0 0 
60000 100 71.68 0 10 347.05 0 9.96939 1 60011.3 53.4953 0 0 0 
61000 100 74.34 0 10 353.7 0 9.96989 1 57355.1 51.1969 0 0 0 
62000 100 83.76 0 10 358.16 0 9.97038 1 59069.9 52.3442 0 0 0 
63000 100 94.47 0 10 363.01 0 9.97085 1 59309.5 52.654 0 0 0 
64000 100 95.84 0 10 370.95 0 9.97131 1 59538.6 53.023 0 0 0 
65000 100 107.22 0 10 378.26 0 9.97175 1 56359.2 50.14 0 0 0 
66000 100 104.97 0 10 385.23 0 9.97217 1 59068.9 52.6589 0 0 0 
67000 100 95.88 0 10 399.75 0 9.97259 1 53522.3 47.4819 0 0 0 
68000 100 77.5 0 10 406.88 0 9.97299 1 58132.9 51.6204 0 0 0 
69000 100 81.18 0 10 417.24 0 9.97338 1 55367.1 49.0694 0 0 0 
70000 100 74.37 0 10 421.53 0 9.97376 1 59293.4 52.7632 0 0 0 
71000 100 71.3 0 10 434.47 0 9.97413 1 49618.6 44.0552 0 0 0 
72000 100 72.28 0 10 450.27 0 9.97449 1 52456.6 46.4517 0 0 0 
73000 100 78.45 0 10 462.52 0 9.97484 1 54241.7 48.088 0 0 0 
74000 100 85.09 0 10 473.62 0 9.97518 1 53682.5 47.7517 0 0 0 
75000 100 98.92 0 10 499.16 0 9.97551 1 44642.6 39.5748 0 0 0 
76000 100 78.96 0 10 538.29 0 9.97584 1 45987 40.9805 0 0 0 
77000 100 70.27 0 10 568.15 0 9.97615 1 42450.6 37.7226 0 0 0 
78000 100 81.04 0 10 593.54 0 9.97646 1 51653.6 45.7281 0 0 0 
79000 100 67.52 0 10 611.79 0 9.97675 1 46139.8 40.7904 0 0 0 
80000 100 80.73 0 10 647.56 0 9.97704 1 48224.2 42.6359 0 0 0 
81000 100 82.74 0 10 668.62 0 9.97733 1 45437.2 40.0904 0 0 0 
82000 100 70.33 0 10 687.1 0 9.9776 1 43611.9 38.482 0 0 0 
83000 100 83.2 0 10 700.75 0 9.97787 1 39716 35.0987 0 0 0 
84000 100 74.83 0 10 718.48 0 9.97814 1 38717.6 34.2353 0 0 0 
85000 100 72.74 0 10 741.79 0 9.97839 1 41829.2 36.8174 0 0 0 
86000 100 70.44 0 10 765.91 0 9.97865 1 40076.7 35.4771 0 0 0 
87000 100 77.19 0 10 802.32 0 9.97889 1 43599.6 38.816 0 0 0 
88000 100 79.15 0 10 846.32 0 9.97913 1 40373.2 36.3501 0 0 0 
89000 100 75.25 0 10 853.21 0 9.97937 1 38239.6 34.3302 0 0 0 
90000 100 68.67 0 10 920.66 0 9.97959 1 40021.6 36.3034 0 0 0 
91000 100 80.23 0 10 944.85 0 9.97982 1 32350.8 29.4221 0 0 0 
92000 100 82.59 0 10 958.88 0 9.98004 1 33016.2 29.8827 0 0 0 
93000 100 81.99 0 10 985.27 0 9.98025 1 37236.5 33.7467 0 0 0 
94000 100 82.31 0 10 1029.92 0 9.98046 1 38451.2 34.8845 0 0 0 
95000 100 89.4 0 10 1071.42 0 9.98067 1 32445 29.4943 0 0 0 
96000 100 81.54 0 10 1100.52 0 9.98087 1 35696.1 32.5597 0 0 0 
97000 100 79.82 0 10 1145.22 0 9.98107 1 41414.7 37.8038 0 0 0 
98000 100 66.51 0 10 1170.36 0 9.98126 1 17993.6 16.4175 0 0 0 
99000 100 71.64 0 10 1220.47 0 9.98145 1 31637 28.6675 0 0 0 
100000 100 67.4 0 10 1284.25 0 9.98164 1 29752.2 27.3656 0 0 0 
101000 100 76.8 0 10 1318.88 0 9.98182 1 32561.4 30.1021 0 0 0 
102000 100 72.74 0 10 1357.98 0 9.982 1 32913.1 30.4204 0 0 0 
103000 100 70.19 0 10 1403.55 0 9.98217 1 32674.8 30.1613 0 0 0 
104000 100 74.34 0 10 1434.35 0 9.98234 1 35925.1 33.3148 0 0 0 
105000 100 71.74 0 10 1503.84 0 9.98251 1 30832.8 28.7109 0 0 0 
106000 100 68.7 0 10 1591.14 0 9.98267 1 33109.4 30.9465 0 0 0 
107000 100 77.96 0 10 1634.2 0 9.98284 1 32103 29.8764 0 0 0 
108000 100 81.18 0 10 1670.51 0 9.983 1 41479.1 38.6707 0 0 0 
109000 100 75.08 0 10 1722.73 0 9.98315 1 26396.2 24.6755 0 0 0 
110000 100 91.6 0 10 1760.22 0 9.9833 1 37469.8 35.0456 0 0 0 
111000 100 72.34 0 10 1803.19 0 9.98346 1 32867.4 31.0201 0 0 0 
112000 100 73.78 0 10 1912.97 0 9.9836 1 32112.7 30.1254 0 0 0 
113000 100 81.13 0 10 1987.89 0 9.98375 1 29312 27.3358 0 0 0 
114000 100 78.3 0 10 2096.2 0 9.98389 1 31823.7 29.973 0 0 0 
115000 100 68.94 0 10 2173.01 0 9.98403 1 28936.4 27.2446 0 0 0 
116000 100 71.07 0 10 2195.72 0 9.98417 1 31190 29.3994 0 0 0 
117000 100 77.58 0 10 2216.82 0 9.9843 1 34421.1 32.3842 0 0 0 
118000 100 75.19 0 10 2238.48 0 9.98444 1 29819.2 28.1408 0 0 0 
119000 100 79.96 0 10 2323 0 9.98457 1 30603.2 28.9636 0 0 0 
120000 100 74.76 0 10 2357.46 0 9.9847 1 30275 28.5974 0 0 0 
121000 100 64.66 0 10 2413.52 0 9.98482 1 30169.8 28.1655 0 0 0 
122000 100 68.91 0 10 2486.11 0 9.98495 1 37982.3 35.1482 0 0 0 
123000 100 68.56 0 10 2531.04 0 9.98507 1 30790.5 28.5601 0 0 0 
124000 100 74.45 0 10 2594.5 0 9.98519 1 27627.6 25.5761 0 0 0 
125000 100 81.31 0 10 2667.13 0 9.98531 1 34150.9 31.8081 0 0 0 
126000 100 77.55 0 10 2707.47 0 9.98542 1 35934.3 33.5639 0 0 0 
127000 100 64.94 0 10 2731.22 0 9.98554 1 32032.5 29.889 0 0 0 
128000 100 77.68 0 10 2762.93 0 9.98565 1 38315.6 35.7167 0 0 0 
129000 100 81 0 10 2779.63 0 9.98576 1 52176.6 48.387 0 0 0 
130000 100 78.82 0 10 2880.53 0 9.98587 1 39773.7 37.1282 0 0 0 
131000 100 87.06 0 10 2936.69 0 9.98598 1 43854.2 40.58 0 0 0 
132000 100 90.67 0 10 2972.98 0 9.98609 1 34602.4 31.961 0 0 0 
133000 100 75.8 0 10 3012.67 0 9.98619 1 38950.6 35.9997 0 0 0 
134000 100 65.97 0 10 3041.28 0 9.98629 1 40124.3 37.0014 0 0 0 
135000 100 70.04 0 10 3078 0 9.9864 1 37966.4 34.7359 0 0 0 
136000 100 74.51 0 10 3108.96 0 9.9865 1 42878.7 38.9115 0 0 0 
137000 100 73.39 0 10 3142.9 0 9.98659 1 40462.8 36.7587 0 0 0 
138000 100 78.86 0 10 3195.98 0 9.98669 1 39067.6 35.5057 0 0 0 
139000 100 80.47 0 10 3218.76 0 9.98679 1 43701.7 39.7261 0 0 0 
140000 100 81.84 0 10 3256.19 0 9.98688 1 38821 35.0129 0 0 0 
141000 100 79.11 0 10 3277.03 0 9.98698 1 37148.5 33.5299 0 0 0 
142000 100 83 0 10 3367.32 0 9.98707 1 36065.6 32.4807 0 0 0 
143000 100 71.17 0 10 3427.18 0 9.98716 1 41130.9 37.0484 0 0 0 
144000 100 68.62 0 10 3440.33 0 9.98725 1 36213.2 32.6631 0 0 0 
145000 100 78.24 0 10 3472.47 0 9.98733 1 46854.2 42.4284 0 0 0 
146000 100 78.04 0 10 3486.9 0 9.98742 1 51033 46.3544 0 0 0 
147000 100 79.41 0 10 3512.71 0 9.98751 1 42575.8 38.9849 0 0 0 
148000 100 82.19 0 10 3561.01 0 9.98759 1 43164.4 39.7368 0 0 0 
149000 100 74.31 0 10 3593.93 0 9.98767 1 46171.9 42.856 0 0 0 
150000 100 76.62 0 10 3626.21 0 9.98776 1 44144.7 41.0441 0 0 0 
151000 100 68.51 0 10 3635.75 0 9.98784 1 43687 40.392 0 0 0 
152000 100 75.01 0 10 3687.05 0 9.98792 1 27653.8 25.4839 0 0 0 
153000 100 76.46 0 10 3765.44 0 9.988 1 34360.9 31.6744 0 0 0 
154000 100 75.35 0 10 3801.45 0 9.98807 1 35764.1 33.0323 0 0 0 
155000 100 74.73 0 10 3855.4 0 9.98815 1 40051.7 36.8415 0 0 0 
156000 100 68.31 0 10 3909.11 0 9.98823 1 33693.3 30.8231 0 0 0 
157000 100 77.17 0 10 3923.1 0 9.9883 1 39039 35.9385 0 0 0 
158000 100 81.41 0 10 4026.26 0 9.98838 1 28097.4 25.9808 0 0 0 
159000 100 80.38 0 10 4082.3 0 9.98845 1 34292.6 31.6645 0 0 0 
160000 100 76.25 0 10 4099.82 0 9.98852 1 24230.2 22.2497 0 0 0 
161000 100 65.88 0 10 4167.09 0 9.98859 1 29932.4 27.3146 0 0 0 
162000 100 75.25 0 10 4203.29 0 9.98866 1 26561.4 24.1061 0 0 0 
163000 100 72.57 0 10 4255.04 0 9.98873 1 29943.1 27.089 0 0 0 
164000 100 60.36 0 10 4310.79 0 9.9888 1 27331.3 24.8282 0 0 0 
165000 100 76.09 0 10 4348.85 0 9.98887 1 27252.2 24.7545 0 0 0 
166000 100 67.91 0 10 4439.57 0 9.98894 1 27211.3 24.6973 0 0 0 
167000 100 69.76 0 10 4456.62 0 9.989 1 29246.8 26.7524 0 0 0 
168000 100 79.55 0 10 4525.6 0 9.98907 1 22327.1 20.3754 0 0 0 
169000 100 62.51 0 10 4558.82 0 9.98913 1 29224.8 26.668 0 0 0 
170000 100 72.85 0 10 4623.3 0 9.9892 1 30616.7 27.6638 0 0 0 
171000 100 66.6 0 10 4692.5 0 9.98926 1 26639.9 24.4058 0 0 0 
172000 100 61.22 0 10 4769.43 0 9.98932 1 25578.3 23.6057 0 0 0 
173000 100 68.69 0 10 4807.96 0 9.98938 1 22921.6 21.342 0 0 0 
174000 100 79.09 0 10 4843.8 0 9.98945 1 29318.2 27.4001 0 0 0 
175000 100 85.99 0 10 4881.96 0 9.98951 1 31530.1 29.436 0 0 0 
176000 100 67.46 0 10 4950.14 0 9.98957 1 25117.2 23.4557 0 0 0 
177000 100 65.24 0 10 5026.12 0 9.98962 1 18824.3 17.6104 0 0 0 
178000 100 63.12 0 10 5060.28 0 9.98968 1 22913.2 21.5179 0 0 0 
179000 100 75.74 0 10 5164.29 0 9.98974 1 26930 25.1359 0 0 0 
180000 100 68.71 0 10 5202.65 0 9.9898 1 19248.6 18.0372 0 0 0 
181000 100 60.04 0 10 5218.03 0 9.98985 1 25029.1 23.2214 0 0 0 
182000 100 69.79 0 10 5257.84 0 9.98991 1 26497.7 24.5143 0 0 0 
183000 100 70.03 0 10 5348.28 0 9.98996 1 19872.6 18.2566 0 0 0 
184000 100 68.09 0 10 5476.78 0 9.99002 1 22578.6 20.9286 0 0 0 
185000 100 78.2 0 10 5540.71 0 9.99007 1 16213.6 15.1574 0 0 0 
186000 100 73.66 0 10 5583.5 0 9.99013 1 28959.3 27.059 0 0 0 
187000 100 78.76 0 10 5615.93 0 9.99018 1 41304.9 38.5329 0 0 0 
188000 100 70.53 0 10 5655.02 0 9.99023 1 27426.4 25.6606 0 0 0 
189000 100 81.34 0 10 5702.52 0 9.99028 1 28403.3 26.5463 0 0 0 
190000 100 76.71 0 10 5761.54 0 9.99033 1 30153.7 28.2583 0 0 0 
191000 100 71.52 0 10 5889.82 0 9.99038 1 18771.7 17.7028 0 0 0 
192000 100 59.17 0 10 6008.53 0 9.99043 1 15317.3 14.4319 0 0 0 
193000 100 71.99 0 10 6121.08 0 9.99048 1 15255.3 14.3614 0 0 0 
194000 100 60.96 0 10 6213.24 0 9.99053 1 14184.6 13.3696 0 0 0 
195000 100 62.69 0 10 6259.45 0 9.99058 1 25516.8 24.2936 0 0 0 
196000 100 63.13 0 10 6329.9 0 9.99063 1 16528.5 15.632 0 0 0 
197000 100 76.9 0 10 6401.59 0 9.99068 1 19604.3 18.5131 0 0 0 
198000 100 55.73 0 10 6478.49 0 9.99072 1 18527.3 17.3625 0 0 0 
199000 100 65.51 0 10 6592.37 0 9.99077 1 20500.4 19.1039 0 0 0 
200000 100 56.4 0 10 6726.54 0 9.99082 1 19591.4 18.1286 0 0 0 
201000 100 60.35 0 10 6788.74 0 9.99086 1 19652.4 18.1975 0 0 0 
202000 100 69.91 0 10 6913.44 0 9.99091 1 27525.8 26.1066 0 0 0 
203000 100 67.19 0 10 7015.84 0 9.99095 1 17645.5 16.573 0 0 0 
204000 100 69.74 0 10 7180.24 0 9.991 1 25984.9 23.5419 0 0 0 
205000 100 80.42 0 10 7339.92 0 9.99104 1 21967.3 19.7015 0 0 0 
206000 100 62.91 0 10 7474.94 0 9.99108 1 13661.3 12.1486 0 0 0 
207000 100 46.97 0 10 7592.86 0 9.99113 1 12192.2 10.7405 0 0 0 
208000 100 54.84 0 10 7653.94 0 9.99117 1 17505.9 15.5215 0 0 0 
209000 100 65.8 0 10 7752.41 0 9.99121 1 11954.9 10.6268 0 0 0 
210000 100 65.37 0 10 7800.06 0 9.99125 1 20902.2 18.5256 0 0 0 
211000 100 75.58 0 10 7859.44 0 9.9913 1 32192.2 28.5068 0 0 0 
212000 100 78.14 0 10 7892.37 0 9.99134 1 19228.2 16.9819 0 0 0 
213000 100 77.58 0 10 7957.61 0 9.99138 1 22356.9 19.7766 0 0 0 
214000 100 69.94 0 10 8014.59 0 9.99142 1 26056.1 23.0639 0 0 0 
215000 100 79.01 0 10 8069 0 9.99146 1 24681.8 21.7294 0 0 0 
216000 100 76.54 0 10 8190.7 0 9.9915 1 15810.2 14.0032 0 0 0 
217000 100 63.85 0 10 8208.01 0 9.99154 1 30827.3 27.2313 0 0 0 
218000 100 64.26 0 10 8292.83 0 9.99158 1 23038.4 20.4457 0 0 0 
219000 100 72.45 0 10 8399.62 0 9.99161 1 22512.3 20.079 0 0 0 
220000 100 77.9 0 10 8455.74 0 9.99165 1 28124.2 25.2421 0 0 0 
221000 100 57.78 0 10 8526.98 0 9.99169 1 24220.8 21.6305 0 0 0 
222000 100 66.79 0 10 8602.96 0 9.99173 1 24707.5 22.0362 0 0 0 
223000 100 69.16 0 10 8737.18 0 9.99176 1 18814.1 16.8031 0 0 0 
224000 100 70 0 10 8836.9 0 9.9918 1 14305.1 12.7645 0 0 0 
225000 100 75.87 0 10 8911.92 0 9.99184 1 17359.8 15.4527 0 0 0 
226000 100 70.36 0 10 8980.86 0 9.99187 1 25934.3 23.2356 0 0 0 
227000 100 59.78 0 10 9042.55 0 9.99191 1 13757.2 12.4167 0 0 0 
228000 100 73.58 0 10 9071.67 0 9.99195 1 19037.5 17.2464 0 0 0 
229000 100 62.49 0 10 9121.59 0 9.99198 1 23048.5 20.9193 0 0 0 
230000 100 62.07 0 10 9174.57 0 9.99202 1 28256.8 25.9055 0 0 0 
231000 100 67.42 0 10 9228.84 0 9.99205 1 24179.5 22.2312 0 0 0 
232000 100 85.21 0 10 9345.6 0 9.99208 1 34844 32.1928 0 0 0 
233000 100 67.08 0 10 9422.2 0 9.99212 1 26309.8 24.2781 0 0 0 
234000 100 81.64 0 10 9511.33 0 9.99215 1 26869.9 24.8291 0 0 0 
235000 100 72.1 0 10 9596.85 0 9.99219 1 27561.1 25.4863 0 0 0 
236000 100 74.88 0 10 9671.12 0 9.99222 1 22727.3 20.8085 0 0 0 
237000 100 66.17 0 10 9772.34 0 9.99225 1 23082.2 21.1387 0 0 0 
238000 100 69.43 0 10 9894.62 0 9.99228 1 23030.4 21.3032 0 0 0 
239000 100 74.23 0 10 10028.5 0 9.99232 1 28349.6 26.1931 0 0 0 
240000 100 59.48 0 10 10129.5 0 9.99235 1 20310.8 18.8151 0 0 0 
241000 100 67.87 0 10 10204.6 0 9.99238 1 29812.8 27.4304 0 0 0 
242000 100 73.05 0 10 10290.6 0 9.99241 1 21268.3 19.5143 0 0 0 
243000 100 77.3 0 10 10379.1 0 9.99244 1 21356.6 19.56 0 0 0 
244000 100 78.59 0 10 10447 0 9.99247 1 28683.1 26.3127 0 0 0 
245000 100 80.84 0 10 10501.6 0 9.9925 1 38721.2 35.4234 0 0 0 
246000 100 77.74 0 10 10580.7 0 9.99253 1 37546.4 34.1282 0 0 0 
247000 100 59.97 0 10 10602.7 0 9.99256 1 31329.7 28.8144 0 0 0 
248000 100 63.81 0 10 10714 0 9.99259 1 15727.2 14.5556 0 0 0 
249000 100 77.67 0 10 10762.4 0 9.99262 1 27029.8 25.0442 0 0 0 
250000 100 64.17 0 10 10864.5 0 9.99265 1 19252.4 17.8054 0 0 0 