# Avida Average Deme Data
# Wed Apr 16 06:58:13 2014
#  1: Update
#  2: Count
#  3: Age
#  4: Births
#  5: Organisms
#  6: Generation
#  7: Births (at last replication)
#  8: Organisms (at last replication)
#  9: Merit
# 10: Gestation Time
# 11: Time Used (normalized by org fitness)
# 12: Generations between current and last founders
# 13: Events killed
# 14: Attempts to kill event

0 100 0 0 1 0 0 0 1 0 0 0 0 0 
1000 100 39.56 0 10 6.07 0 8.2013 1 54132 46.6165 0 0 0 
2000 100 53.05 0 10 13.01 0 9.1002 1 53620.2 46.1802 0 0 0 
3000 100 41.48 0 10 18.53 0 9.40003 1 55885.2 48.1055 0 0 0 
4000 100 73.6 0 10 26.19 0 9.54999 1 53708.6 46.3922 0 0 0 
5000 100 81.72 0 10 32.29 0 9.63997 1 53874 46.5849 0 0 0 
6000 100 88.08 0 10 38.02 0 9.69997 1 54753.1 47.3217 0 0 0 
7000 100 89.8 0 10 46.21 0 9.74282 1 57000.9 49.199 0 0 0 
8000 100 109.09 0 10 51.2 0 9.77497 1 55284.4 47.7595 0 0 0 
9000 100 111.91 0 10 58.88 0 9.79997 1 55916.1 48.6179 0 0 0 
10000 100 119.75 0 10 65.2 0 9.81997 1 56854.6 49.5938 0 0 0 
11000 100 93.24 0 10 69.84 0 9.83633 1 51070.3 44.4191 0 0 0 
12000 100 84.62 0 10 75.47 0 9.84997 1 54744.1 47.6386 0 0 0 
13000 100 90.41 0 10 83.88 0 9.86151 1 55932 48.5422 0 0 0 
14000 100 86.09 0 10 90.48 0 9.8714 1 56841.2 49.2281 0 0 0 
15000 100 101.74 0 10 93.02 0 9.87997 1 58639.2 50.7003 0 0 0 
16000 100 81.66 0 10 102.2 0 9.88748 1 57791.4 49.9391 0 0 0 
17000 100 91.68 0 10 112.65 0 9.89409 1 54712.3 46.8369 0 0 0 
18000 100 90.39 0 10 118.74 0 9.89998 1 55470.3 47.4673 0 0 0 
19000 100 82.37 0 10 130.09 0 9.90524 1 57106.9 48.8606 0 0 0 
20000 100 89.1 0 10 139.56 0 9.90998 1 54690.1 46.4761 0 0 0 
21000 100 93.2 0 10 146.7 0 9.91427 1 54464.2 46.3245 0 0 0 
22000 100 110.56 0 10 155.82 0 9.91816 1 54284.5 46.07 0 0 0 
23000 100 91.64 0 10 165.1 0 9.92172 1 59187.1 50.2188 0 0 0 
24000 100 91.48 0 10 166.89 0 9.92498 1 58264 49.3726 0 0 0 
25000 100 86.06 0 10 171.48 0 9.92798 1 57028.8 48.3477 0 0 0 
26000 100 85.63 0 10 175.82 0 9.93075 1 58835.4 49.925 0 0 0 
27000 100 83.29 0 10 190.02 0 9.93332 1 55906.8 47.3445 0 0 0 
28000 100 81.49 0 10 210.98 0 9.9357 1 56969 48.2415 0 0 0 
29000 100 77.36 0 10 220.27 0 9.93792 1 57331.3 48.5214 0 0 0 
30000 100 66.21 0 10 230.48 0 9.93999 1 55901 47.3867 0 0 0 
31000 100 73.5 0 10 242.07 0 9.94192 1 52977.5 44.9735 0 0 0 
32000 100 82.12 0 10 248.25 0 9.94374 1 55343.2 47.0827 0 0 0 
33000 100 82.8 0 10 257.46 0 9.94544 1 55762 47.5126 0 0 0 
34000 100 81.16 0 10 264.94 0 9.94705 1 56065.7 47.8053 0 0 0 
35000 100 78.9 0 10 271.26 0 9.94856 1 56626.5 48.2598 0 0 0 
36000 100 95.5 0 10 276.67 0 9.94999 1 55587.7 47.3918 0 0 0 
37000 100 97.2 0 10 283.81 0 9.95134 1 54986.9 46.8412 0 0 0 
38000 100 77.5 0 10 294.31 0 9.95262 1 54599.8 46.4581 0 0 0 
39000 100 74.05 0 10 302.58 0 9.95383 1 55837.9 47.6195 0 0 0 
40000 100 72.61 0 10 308.35 0 9.95499 1 56253 47.9416 0 0 0 
41000 100 78.28 0 10 318.3 0 9.95609 1 55655.9 47.4287 0 0 0 
42000 100 83.31 0 10 323.51 0 9.95713 1 53974 46.0223 0 0 0 
43000 100 89.8 0 10 333.79 0 9.95813 1 56998.4 48.6206 0 0 0 
44000 100 76.1 0 10 334.84 0 9.95908 1 57598.2 49.4251 0 0 0 
45000 100 91.8 0 10 341.44 0 9.95999 1 58125.4 49.8702 0 0 0 
46000 100 86 0 10 345.33 0 9.96086 1 57294.6 49.2057 0 0 0 
47000 100 71.15 0 10 351.46 0 9.96169 1 56671.8 48.7432 0 0 0 
48000 100 81.02 0 10 358.07 0 9.96249 1 58119.1 50.2138 0 0 0 
49000 100 94.48 0 10 365.66 0 9.96326 1 54085.7 46.7241 0 0 0 
50000 100 100.95 0 10 376.29 0 9.96399 1 56396.9 48.7726 0 0 0 
51000 100 91.94 0 10 384.2 0 9.9647 1 55449.5 47.8666 0 0 0 
52000 100 82.92 0 10 391.2 0 9.96538 1 57668.2 50.1199 0 0 0 
53000 100 86.24 0 10 398.44 0 9.96603 1 53763.8 46.8868 0 0 0 
54000 100 81.97 0 10 404.74 0 9.96666 1 57167.9 49.636 0 0 0 
55000 100 104.9 0 10 411.95 0 9.96726 1 55725.3 48.0792 0 0 0 
56000 100 83.35 0 10 417.51 0 9.96785 1 55640.2 47.8869 0 0 0 
57000 100 78.5 0 10 424.49 0 9.96841 1 54819.6 47.295 0 0 0 
58000 100 71.47 0 10 429.85 0 9.96896 1 55566.8 48.0455 0 0 0 
59000 100 75.7 0 10 435.68 0 9.96948 1 58248.9 50.2843 0 0 0 
60000 100 65.36 0 10 441.85 0 9.96999 1 54736.1 46.9612 0 0 0 
61000 100 74.12 0 10 447.67 0 9.97048 1 56646.1 48.4801 0 0 0 
62000 100 73.2 0 10 454.36 0 9.97096 1 56806.6 48.6566 0 0 0 
63000 100 73.68 0 10 462.7 0 9.97142 1 55228.1 47.4093 0 0 0 
64000 100 80.76 0 10 467.28 0 9.97187 1 58686.5 50.3214 0 0 0 
65000 100 92.54 0 10 471.93 0 9.9723 1 59363.9 50.8411 0 0 0 
66000 100 80.79 0 10 477.62 0 9.97272 1 57619 49.3927 0 0 0 
67000 100 96.18 0 10 483.62 0 9.97313 1 58772.4 50.3957 0 0 0 
68000 100 77.7 0 10 490.87 0 9.97352 1 56660.4 48.7136 0 0 0 
69000 100 79.23 0 10 498.51 0 9.97391 1 56730.4 49.077 0 0 0 
70000 100 84.56 0 10 505.22 0 9.97428 1 55275.2 47.8474 0 0 0 
71000 100 92.88 0 10 507.65 0 9.97464 1 57686.9 49.9184 0 0 0 
72000 100 96.09 0 10 515.93 0 9.97499 1 57035.8 49.5433 0 0 0 
73000 100 94.66 0 10 519.81 0 9.97534 1 59292.2 51.6529 0 0 0 
74000 100 101.13 0 10 524.94 0 9.97567 1 59989.3 52.3421 0 0 0 
75000 100 100.02 0 10 530.98 0 9.97599 1 59553.2 52.0222 0 0 0 
76000 100 105.18 0 10 537.32 0 9.97631 1 59296.3 51.9275 0 0 0 
77000 100 104.96 0 10 544.89 0 9.97662 1 59160.1 52.1019 0 0 0 
78000 100 103.09 0 10 549.14 0 9.97692 1 58896.5 51.6038 0 0 0 
79000 100 85.02 0 10 555.51 0 9.97721 1 58104 51.0472 0 0 0 
80000 100 65.95 0 10 560.14 0 9.97749 1 59169.8 52.2835 0 0 0 
81000 100 56.37 0 10 567.44 0 9.97777 1 58522 51.5374 0 0 0 
82000 100 48.18 0 10 573.11 0 9.97804 1 59175.9 51.9709 0 0 0 
83000 100 39.21 0 10 578.38 0 9.97831 1 59423.9 52.2248 0 0 0 
84000 100 48.83 0 10 583.83 0 9.97857 1 59502.1 52.4899 0 0 0 
85000 100 73.24 0 10 590.59 0 9.97882 1 59433.7 52.0881 0 0 0 
86000 100 88.69 0 10 596.28 0 9.97906 1 59997.1 52.5878 0 0 0 
87000 100 82.02 0 10 603.06 0 9.9793 1 59248.9 51.9643 0 0 0 
88000 100 84.14 0 10 607.06 0 9.97954 1 59410.5 51.9899 0 0 0 
89000 100 75.53 0 10 611.76 0 9.97977 1 59258.8 51.9166 0 0 0 
90000 100 56.99 0 10 616.82 0 9.97999 1 58651.1 51.5228 0 0 0 
91000 100 72.38 0 10 622.24 0 9.98021 1 59884 52.7704 0 0 0 
92000 100 57.41 0 10 626.31 0 9.98043 1 59837.6 52.9303 0 0 0 
93000 100 52.02 0 10 632.13 0 9.98064 1 60099 52.997 0 0 0 
94000 100 41.15 0 10 636.9 0 9.98085 1 59567.9 52.7624 0 0 0 
95000 100 34.19 0 10 641.41 0 9.98105 1 59273.6 52.7007 0 0 0 
96000 100 40.86 0 10 646.89 0 9.98124 1 59640.9 53.2353 0 0 0 
97000 100 36.59 0 10 652.55 0 9.98144 1 59449.6 53.04 0 0 0 
98000 100 57.44 0 10 659.01 0 9.98163 1 55988.5 50.2114 0 0 0 
99000 100 56.19 0 10 664.02 0 9.98181 1 57392.8 51.7661 0 0 0 
100000 100 61.62 0 10 669.31 0 9.982 1 58930.7 53.5418 0 0 0 
101000 100 57.39 0 10 674.46 0 9.98217 1 59144.8 53.7394 0 0 0 
102000 100 57.46 0 10 678.62 0 9.98235 1 58251.4 52.7889 0 0 0 
103000 100 64.48 0 10 683.67 0 9.98252 1 57207 51.6877 0 0 0 
104000 100 69.29 0 10 688.92 0 9.98269 1 59902.3 53.8447 0 0 0 
105000 100 63.67 0 10 694.61 0 9.98285 1 58938.8 52.944 0 0 0 
106000 100 57.23 0 10 697.9 0 9.98301 1 60059 53.7965 0 0 0 
107000 100 67.66 0 10 701.37 0 9.98317 1 59127.1 53.0692 0 0 0 
108000 100 66.27 0 10 705.21 0 9.98333 1 59297.5 53.6666 0 0 0 
109000 100 70.86 0 10 710.45 0 9.98348 1 59615.9 54.0176 0 0 0 
110000 100 62.46 0 10 715.17 0 9.98363 1 60087.7 54.2449 0 0 0 
111000 100 74.35 0 10 720.08 0 9.98378 1 58442 53.1738 0 0 0 
112000 100 74.37 0 10 724.45 0 9.98392 1 59189.2 53.6125 0 0 0 
113000 100 76.6 0 10 729.23 0 9.98407 1 60151.5 54.142 0 0 0 
114000 100 84.65 0 10 734.98 0 9.98421 1 60093.2 54.1918 0 0 0 
115000 100 90.97 0 10 739.94 0 9.98434 1 60192.9 54.0962 0 0 0 
116000 100 89.7 0 10 745.28 0 9.98448 1 60024.1 54.1979 0 0 0 
117000 100 88.96 0 10 750.36 0 9.98461 1 60126.6 54.3492 0 0 0 
118000 100 97.84 0 10 755.53 0 9.98474 1 60156.2 54.2976 0 0 0 
119000 100 91.4 0 10 760.53 0 9.98487 1 60028.8 54.0708 0 0 0 
120000 100 98.46 0 10 765.56 0 9.985 1 60135.1 54.2301 0 0 0 
121000 100 76.75 0 10 770.73 0 9.98512 1 60060.7 54.2958 0 0 0 
122000 100 87.93 0 10 775.75 0 9.98524 1 60296.7 54.4003 0 0 0 
123000 100 69.67 0 10 780.92 0 9.98536 1 59917.4 54.2024 0 0 0 
124000 100 63.21 0 10 785.99 0 9.98548 1 60098.1 54.4067 0 0 0 
125000 100 66.71 0 10 791.05 0 9.9856 1 60032.8 54.138 0 0 0 
126000 100 66.88 0 10 796.16 0 9.98571 1 60077.5 54.0081 0 0 0 
127000 100 59.44 0 10 801.12 0 9.98582 1 59655.2 53.236 0 0 0 
128000 100 54.98 0 10 806.11 0 9.98593 1 60030.1 53.5031 0 0 0 
129000 100 44.84 0 10 811 0 9.98604 1 59897 53.6287 0 0 0 
130000 100 40.4 0 10 816 0 9.98615 1 59994.4 53.4942 0 0 0 
131000 100 36.5 0 10 821 0 9.98626 1 60033.3 53.4864 0 0 0 
132000 100 35.96 0 10 826 0 9.98636 1 59950.1 53.4124 0 0 0 
133000 100 37.17 0 10 831.05 0 9.98646 1 59596.8 53.271 0 0 0 
134000 100 36.56 0 10 836.03 0 9.98656 1 59999.6 53.5903 0 0 0 
135000 100 37.94 0 10 841.01 0 9.98666 1 59767.3 53.4767 0 0 0 
136000 100 41.48 0 10 846.02 0 9.98676 1 59817.4 53.4231 0 0 0 
137000 100 36.66 0 10 851.04 0 9.98686 1 60019.8 53.6417 0 0 0 
138000 100 34.75 0 10 856 0 9.98695 1 59853.6 53.6751 0 0 0 
139000 100 33.25 0 10 861 0 9.98705 1 59947.4 53.6825 0 0 0 
140000 100 34.88 0 10 866 0 9.98714 1 59378 53.3958 0 0 0 
141000 100 34.88 0 10 871 0 9.98723 1 60005 54.0291 0 0 0 
142000 100 33 0 10 876 0 9.98732 1 59973.1 54.2154 0 0 0 
143000 100 33 0 10 881 0 9.98741 1 59990.5 54.0938 0 0 0 
144000 100 33 0 10 886 0 9.9875 1 59914 54.231 0 0 0 
145000 100 33 0 10 891 0 9.98758 1 60118.2 54.317 0 0 0 
146000 100 34.76 0 10 896 0 9.98767 1 60045.2 54.1388 0 0 0 
147000 100 33 0 10 901 0 9.98775 1 60052.8 53.9608 0 0 0 
148000 100 33 0 10 906 0 9.98783 1 60094.9 53.9883 0 0 0 
149000 100 33 0 10 911 0 9.98792 1 60019.2 53.9936 0 0 0 
150000 100 35.04 0 10 916.02 0 9.988 1 59852.3 53.9728 0 0 0 
151000 100 33 0 10 921 0 9.98808 1 60000.8 54.3974 0 0 0 
152000 100 33 0 10 926 0 9.98815 1 60200.5 54.4616 0 0 0 
153000 100 33 0 10 931 0 9.98823 1 60045.8 54.1431 0 0 0 
154000 100 33 0 10 936 0 9.98831 1 59953.2 54.0551 0 0 0 
155000 100 33 0 10 941 0 9.98838 1 60037.6 54.0684 0 0 0 
156000 100 35.22 0 10 946 0 9.98846 1 59331.4 53.2109 0 0 0 
157000 100 39.66 0 10 951 0 9.98853 1 59937.1 53.606 0 0 0 
158000 100 45.21 0 10 956 0 9.9886 1 60202.4 53.7464 0 0 0 
159000 100 39.17 0 10 961 0 9.98868 1 60139.1 53.5522 0 0 0 
160000 100 36.64 0 10 966 0 9.98875 1 60003.9 53.7236 0 0 0 
161000 100 34.42 0 10 971 0 9.98882 1 60167.5 53.5016 0 0 0 
162000 100 35.53 0 10 976 0 9.98889 1 60193.6 53.392 0 0 0 
163000 100 35.68 0 10 981 0 9.98895 1 60040.8 53.0869 0 0 0 
164000 100 40.07 0 10 986 0 9.98902 1 59875.5 53.1188 0 0 0 
165000 100 35.96 0 10 991 0 9.98909 1 60055.2 53.1132 0 0 0 
166000 100 35.22 0 10 996 0 9.98915 1 60042.7 53.0883 0 0 0 
167000 100 37.29 0 10 1001.02 0 9.98922 1 59168.6 52.2962 0 0 0 
168000 100 35.1 0 10 1006 0 9.98928 1 60001 53.009 0 0 0 
169000 100 34.85 0 10 1011 0 9.98935 1 59974 53.0561 0 0 0 
170000 100 33.74 0 10 1016 0 9.98941 1 60033.5 52.9352 0 0 0 
171000 100 35.59 0 10 1021 0 9.98947 1 60046.3 52.9976 0 0 0 
172000 100 35.96 0 10 1026 0 9.98953 1 60006.8 53.0377 0 0 0 
173000 100 37.07 0 10 1031 0 9.98959 1 60021.2 52.8168 0 0 0 
174000 100 39.29 0 10 1036 0 9.98965 1 59904.6 52.747 0 0 0 
175000 100 41.51 0 10 1041 0 9.98971 1 60062.4 52.9468 0 0 0 
176000 100 44.84 0 10 1046 0 9.98977 1 59975.1 52.9483 0 0 0 
177000 100 46.32 0 10 1051 0 9.98983 1 59995.1 52.9616 0 0 0 
178000 100 44.1 0 10 1056 0 9.98988 1 59944.7 52.9688 0 0 0 
179000 100 43.73 0 10 1061 0 9.98994 1 59964.4 52.9539 0 0 0 
180000 100 41.88 0 10 1066 0 9.99 1 60001.3 53.1546 0 0 0 
181000 100 46.43 0 10 1071 0 9.99005 1 60056.5 53.1277 0 0 0 
182000 100 53.83 0 10 1076 0 9.99011 1 60031 53.1251 0 0 0 
183000 100 48.66 0 10 1081 0 9.99016 1 60104.4 53.1192 0 0 0 
184000 100 47.43 0 10 1086 0 9.99021 1 59930 53.0125 0 0 0 
185000 100 48.17 0 10 1091 0 9.99027 1 59836.2 53.3013 0 0 0 
186000 100 45.21 0 10 1096 0 9.99032 1 60025.8 53.2616 0 0 0 
187000 100 44.1 0 10 1101 0 9.99037 1 59866.1 53.1717 0 0 0 
188000 100 48.91 0 10 1106 0 9.99042 1 60167.9 53.0956 0 0 0 
189000 100 56.41 0 10 1111 0 9.99047 1 59976 52.702 0 0 0 
190000 100 52.98 0 10 1116 0 9.99052 1 59740 52.3718 0 0 0 
191000 100 60.01 0 10 1121 0 9.99057 1 60058.2 52.1477 0 0 0 
192000 100 60.09 0 10 1126 0 9.99062 1 59855.9 52.025 0 0 0 
193000 100 63.21 0 10 1131 0 9.99067 1 59906.3 52.1375 0 0 0 
194000 100 64.69 0 10 1136 0 9.99072 1 60024.9 52.4152 0 0 0 
195000 100 66.36 0 10 1141 0 9.99077 1 59780.3 52.2571 0 0 0 
196000 100 66.33 0 10 1146 0 9.99081 1 59911.5 52.384 0 0 0 
197000 100 66.62 0 10 1151 0 9.99086 1 60017.8 52.6241 0 0 0 
198000 100 59.84 0 10 1156 0 9.99091 1 60193.3 52.5104 0 0 0 
199000 100 55.57 0 10 1161 0 9.99095 1 59843.7 52.3111 0 0 0 
200000 100 54.07 0 10 1166 0 9.991 1 60092.2 52.7216 0 0 0 
201000 100 55.84 0 10 1171 0 9.99104 1 59956.8 52.6176 0 0 0 
202000 100 48.78 0 10 1176 0 9.99109 1 59933.7 52.6747 0 0 0 
203000 100 44.58 0 10 1181 0 9.99113 1 59889.8 52.6173 0 0 0 
204000 100 40.03 0 10 1186 0 9.99117 1 59965.8 52.6156 0 0 0 
205000 100 41.14 0 10 1191 0 9.99122 1 60081 52.7065 0 0 0 
206000 100 41.88 0 10 1196 0 9.99126 1 59988.5 52.604 0 0 0 
207000 100 39.66 0 10 1201 0 9.9913 1 60089.8 52.5816 0 0 0 
208000 100 38.92 0 10 1206 0 9.99134 1 60023.6 52.5097 0 0 0 
209000 100 39.66 0 10 1211 0 9.99139 1 59880.7 52.4299 0 0 0 
210000 100 42.26 0 10 1216 0 9.99143 1 60096.8 52.3297 0 0 0 
211000 100 41.51 0 10 1221 0 9.99147 1 59959 52.2058 0 0 0 
212000 100 45.58 0 10 1226 0 9.99151 1 60054.6 52.1403 0 0 0 
213000 100 55.52 0 10 1231 0 9.99155 1 59792.1 51.4633 0 0 0 
214000 100 61.39 0 10 1236 0 9.99159 1 59226 50.8277 0 0 0 
215000 100 76.5 0 10 1241 0 9.99163 1 59879.4 51.0322 0 0 0 
216000 100 74.99 0 10 1246 0 9.99166 1 59760.4 51.1916 0 0 0 
217000 100 69.69 0 10 1251.3 0 9.9917 1 59720.5 51.3549 0 0 0 
218000 100 78.01 0 10 1256 0 9.99174 1 59593.9 51.487 0 0 0 
219000 100 76.62 0 10 1261.03 0 9.99178 1 59457.7 51.5205 0 0 0 
220000 100 76.05 0 10 1266.04 0 9.99182 1 59438 51.5078 0 0 0 
221000 100 85.37 0 10 1271.05 0 9.99185 1 59810.2 51.1323 0 0 0 
222000 100 87.42 0 10 1276.03 0 9.99189 1 59583 51.2127 0 0 0 
223000 100 103.32 0 10 1281.05 0 9.99193 1 59292.8 50.7051 0 0 0 
224000 100 98.97 0 10 1286.11 0 9.99196 1 58417.5 49.951 0 0 0 
225000 100 101.78 0 10 1291.43 0 9.992 1 59239.8 50.5258 0 0 0 
226000 100 116.03 0 10 1296.35 0 9.99203 1 59837.8 50.3681 0 0 0 
227000 100 111.71 0 10 1301.31 0 9.99207 1 59800.1 50.5713 0 0 0 
228000 100 122.93 0 10 1306.12 0 9.9921 1 59926.4 50.596 0 0 0 
229000 100 129.49 0 10 1311.25 0 9.99214 1 59942.4 49.82 0 0 0 
230000 100 137.98 0 10 1316.19 0 9.99217 1 59952.5 49.9848 0 0 0 
231000 100 147.77 0 10 1321.07 0 9.99221 1 59567.2 50.1289 0 0 0 
232000 100 157.3 0 10 1326.14 0 9.99224 1 59917.8 49.7827 0 0 0 
233000 100 156.6 0 10 1331.14 0 9.99227 1 60036.4 49.9177 0 0 0 
234000 100 151.6 0 10 1336.18 0 9.99231 1 59864.2 49.6763 0 0 0 
235000 100 132.1 0 10 1341.33 0 9.99234 1 59776.8 49.9188 0 0 0 
236000 100 136.2 0 10 1346.3 0 9.99237 1 59985 50.0246 0 0 0 
237000 100 131.64 0 10 1351.35 0 9.9924 1 59671.2 49.9404 0 0 0 
238000 100 137.1 0 10 1356.51 0 9.99243 1 58356.9 48.5847 0 0 0 
239000 100 155.86 0 10 1361.72 0 9.99247 1 59049.4 48.9243 0 0 0 
240000 100 132.77 0 10 1367.3 0 9.9925 1 58824 49.1399 0 0 0 
241000 100 106.04 0 10 1373.35 0 9.99253 1 59146.8 49.5156 0 0 0 
242000 100 101.62 0 10 1378.18 0 9.99256 1 59528.7 50.0468 0 0 0 
243000 100 103.67 0 10 1383.39 0 9.99259 1 58701.8 49.3938 0 0 0 
244000 100 86.33 0 10 1388.93 0 9.99262 1 59407 50.0704 0 0 0 
245000 100 74.67 0 10 1394.09 0 9.99265 1 59991.2 50.6082 0 0 0 
246000 100 59.17 0 10 1398.88 0 9.99268 1 59768.5 50.6722 0 0 0 
247000 100 66.85 0 10 1404.26 0 9.99271 1 59404.1 50.1568 0 0 0 
248000 100 89.23 0 10 1408.71 0 9.99274 1 59760.9 50.4046 0 0 0 
249000 100 81.13 0 10 1413.86 0 9.99277 1 59527.6 50.1632 0 0 0 
250000 100 80.66 0 10 1419.14 0 9.9928 1 59582.6 50.2793 0 0 0 