# Avida Average Deme Data
# Wed Apr 16 18:34:17 2014
#  1: Update
#  2: Count
#  3: Age
#  4: Births
#  5: Organisms
#  6: Generation
#  7: Births (at last replication)
#  8: Organisms (at last replication)
#  9: Merit
# 10: Gestation Time
# 11: Time Used (normalized by org fitness)
# 12: Generations between current and last founders
# 13: Events killed
# 14: Attempts to kill event

0 100 0 0 1 0 0 0 1 0 0 0 0 0 
1000 100 39 0 10 6.25 0 8.15155 1 57391.7 49.4768 0 0 0 
2000 100 76.71 0 10 13.79 0 9.07531 1 53787.8 46.4352 0 0 0 
3000 100 87 0 10 22.02 0 9.38344 1 55042.1 47.586 0 0 0 
4000 100 101.86 0 10 30.68 0 9.53754 1 54030.2 46.829 0 0 0 
5000 100 84.07 0 10 38.02 0 9.63001 1 52314.6 45.3983 0 0 0 
6000 100 87.69 0 10 45.72 0 9.69167 1 57293.8 49.6949 0 0 0 
7000 100 95.16 0 10 50.03 0 9.73571 1 55129.5 47.8763 0 0 0 
8000 100 81.43 0 10 56.81 0 9.76874 1 54570.4 47.3148 0 0 0 
9000 100 78.27 0 10 63.67 0 9.79443 1 54737.9 47.4909 0 0 0 
10000 100 103.81 0 10 68.01 0 9.81499 1 53453.7 46.4698 0 0 0 
11000 100 89.71 0 10 75.5 0 9.83181 1 53547.5 46.557 0 0 0 
12000 100 92.94 0 10 83.04 0 9.84582 1 56910.1 49.593 0 0 0 
13000 100 82.27 0 10 89.69 0 9.85768 1 55936 48.7994 0 0 0 
14000 100 91.78 0 10 92.49 0 9.86785 1 52541.8 45.8125 0 0 0 
15000 100 79.37 0 10 97.45 0 9.87665 1 53937.3 47.1219 0 0 0 
16000 100 93.36 0 10 103.2 0 9.88436 1 51705.5 45.1818 0 0 0 
17000 100 104.84 0 10 108.22 0 9.89117 1 55834.3 48.8162 0 0 0 
18000 100 100.78 0 10 117.94 0 9.89721 1 56524.4 49.5644 0 0 0 
19000 100 94 0 10 128.67 0 9.90262 1 53373.6 46.9038 0 0 0 
20000 100 82.5 0 10 139.11 0 9.90749 1 54037.2 47.6114 0 0 0 
21000 100 91.98 0 10 148.93 0 9.91189 1 58053.6 51.1453 0 0 0 
22000 100 94.22 0 10 153.15 0 9.9159 1 54330.5 47.923 0 0 0 
23000 100 109.66 0 10 163.76 0 9.91956 1 57719.6 50.9493 0 0 0 
24000 100 109.15 0 10 167.52 0 9.92291 1 55277.3 49.0669 0 0 0 
25000 100 104.95 0 10 173.32 0 9.92599 1 57390.3 51.0088 0 0 0 
26000 100 91.34 0 10 179.9 0 9.92884 1 58092.7 51.644 0 0 0 
27000 100 88.74 0 10 185.73 0 9.93147 1 56708.4 50.2946 0 0 0 
28000 100 100.68 0 10 195.67 0 9.93392 1 56216.3 49.6511 0 0 0 
29000 100 109.72 0 10 199.47 0 9.9362 1 58513.7 51.5925 0 0 0 
30000 100 105.85 0 10 203.9 0 9.93833 1 59191 52.431 0 0 0 
31000 100 97.3 0 10 207.9 0 9.94031 1 56400.6 49.6951 0 0 0 
32000 100 115.62 0 10 212.25 0 9.94218 1 58674.1 51.9248 0 0 0 
33000 100 105.83 0 10 218.26 0 9.94393 1 54218.4 48.2269 0 0 0 
34000 100 93.22 0 10 226.16 0 9.94558 1 54092.6 48.3931 0 0 0 
35000 100 90.44 0 10 233.47 0 9.94714 1 54096.4 48.3656 0 0 0 
36000 100 86.86 0 10 245.17 0 9.9486 1 51108.7 45.8443 0 0 0 
37000 100 91.48 0 10 249.64 0 9.94999 1 56737.3 50.8141 0 0 0 
38000 100 83.86 0 10 251.38 0 9.95131 1 51047.1 45.8114 0 0 0 
39000 100 80.71 0 10 255.6 0 9.95256 1 57972.6 51.9158 0 0 0 
40000 100 84.41 0 10 263.29 0 9.95374 1 54872.9 49.3249 0 0 0 
41000 100 81.11 0 10 268.7 0 9.95487 1 56249.9 50.5525 0 0 0 
42000 100 71.7 0 10 274.94 0 9.95595 1 55689.1 50.0847 0 0 0 
43000 100 72.14 0 10 282.9 0 9.95697 1 57475.3 51.6322 0 0 0 
44000 100 80.77 0 10 293.11 0 9.95795 1 53257.1 48.0218 0 0 0 
45000 100 84.42 0 10 302.04 0 9.95888 1 52923.7 47.9779 0 0 0 
46000 100 97.68 0 10 310.73 0 9.95978 1 55252.2 49.98 0 0 0 
47000 100 93.54 0 10 315.86 0 9.96063 1 56622.3 51.1541 0 0 0 
48000 100 95.33 0 10 319.97 0 9.96145 1 58303.2 52.7169 0 0 0 
49000 100 105.77 0 10 329 0 9.96224 1 53931.7 48.582 0 0 0 
50000 100 103.65 0 10 340.78 0 9.96299 1 55748.5 50.2124 0 0 0 
51000 100 115.3 0 10 347.88 0 9.96372 1 54410.8 48.7383 0 0 0 
52000 100 98.18 0 10 358.89 0 9.96442 1 50744.2 45.2633 0 0 0 
53000 100 107.62 0 10 369.3 0 9.96509 1 51345 45.6455 0 0 0 
54000 100 84.2 0 10 382.96 0 9.96574 1 50967.2 45.1627 0 0 0 
55000 100 74.37 0 10 394.54 0 9.96636 1 54355.6 48.3538 0 0 0 
56000 100 96.44 0 10 406.36 0 9.96696 1 52923.9 47.1436 0 0 0 
57000 100 84.67 0 10 413.67 0 9.96754 1 55354.5 49.2285 0 0 0 
58000 100 73.59 0 10 422.37 0 9.9681 1 56553.4 50.3967 0 0 0 
59000 100 67.74 0 10 429.53 0 9.96864 1 57342.9 51.071 0 0 0 
60000 100 89.72 0 10 444.12 0 9.96916 1 50843.4 45.0791 0 0 0 
61000 100 67.43 0 10 448.72 0 9.96967 1 58409 51.7657 0 0 0 
62000 100 93.56 0 10 462.19 0 9.97016 1 56386.6 49.9267 0 0 0 
63000 100 90.53 0 10 474.37 0 9.97063 1 52396.7 46.4825 0 0 0 
64000 100 95.67 0 10 479.37 0 9.97109 1 55610 49.3652 0 0 0 
65000 100 88.75 0 10 491.36 0 9.97153 1 54475.3 48.4041 0 0 0 
66000 100 93.35 0 10 502.49 0 9.97197 1 53587.7 47.6571 0 0 0 
67000 100 92.23 0 10 515.16 0 9.97238 1 53539.3 47.4732 0 0 0 
68000 100 81.76 0 10 530.69 0 9.97279 1 54180.2 47.8366 0 0 0 
69000 100 94.97 0 10 540.74 0 9.97318 1 52995.9 46.8263 0 0 0 
70000 100 97.26 0 10 543.81 0 9.97357 1 57066.5 50.5767 0 0 0 
71000 100 92.64 0 10 550.86 0 9.97394 1 54043.2 47.9059 0 0 0 
72000 100 91.2 0 10 548.89 0 9.9743 1 57970.1 51.3427 0 0 0 
73000 100 90.96 0 10 560.12 0 9.97465 1 58394.5 51.4148 0 0 0 
74000 100 91.39 0 10 561.64 0 9.975 1 55171.4 48.506 0 0 0 
75000 100 90.42 0 10 565.42 0 9.97533 1 58782 51.8727 0 0 0 
76000 100 90.05 0 10 568.68 0 9.97565 1 59264.2 52.5347 0 0 0 
77000 100 86.02 0 10 572.65 0 9.97597 1 54548.7 48.1789 0 0 0 
78000 100 63.07 0 10 573.06 0 9.97628 1 57363.8 50.7605 0 0 0 
79000 100 64.93 0 10 578.7 0 9.97658 1 58032.3 51.3714 0 0 0 
80000 100 84.86 0 10 583.64 0 9.97687 1 55104 48.7319 0 0 0 
81000 100 80.89 0 10 591.1 0 9.97716 1 56116.3 49.5947 0 0 0 
82000 100 105.36 0 10 597.11 0 9.97744 1 59125.4 52.335 0 0 0 
83000 100 94.79 0 10 599.52 0 9.97771 1 60024.9 53.124 0 0 0 
84000 100 99.88 0 10 606.92 0 9.97797 1 58654.1 51.9767 0 0 0 
85000 100 95.09 0 10 613.3 0 9.97823 1 57086.8 50.6414 0 0 0 
86000 100 98.85 0 10 618.92 0 9.97849 1 59799.3 52.9528 0 0 0 
87000 100 104.78 0 10 620.88 0 9.97873 1 58592.3 52.0067 0 0 0 
88000 100 112.63 0 10 627.17 0 9.97897 1 59813.4 53.1109 0 0 0 
89000 100 107.51 0 10 631.18 0 9.97921 1 59191.7 52.4712 0 0 0 
90000 100 112.61 0 10 637.81 0 9.97944 1 59573.2 52.8215 0 0 0 
91000 100 109.08 0 10 641.55 0 9.97967 1 59715.4 53.0353 0 0 0 
92000 100 103.79 0 10 646.25 0 9.97989 1 59959.1 53.2169 0 0 0 
93000 100 112.12 0 10 647.36 0 9.9801 1 59844.3 53.2373 0 0 0 
94000 100 121.83 0 10 650 0 9.98032 1 60023.6 53.34 0 0 0 
95000 100 115.51 0 10 655.58 0 9.98052 1 59991.5 53.283 0 0 0 
96000 100 110.32 0 10 661.86 0 9.98073 1 59906.7 53.2927 0 0 0 
97000 100 117.82 0 10 665.02 0 9.98092 1 59875.5 53.3986 0 0 0 
98000 100 125.43 0 10 670.23 0 9.98112 1 59940.7 53.4183 0 0 0 
99000 100 126.9 0 10 674.26 0 9.98131 1 59418.7 52.8279 0 0 0 
100000 100 136.78 0 10 678.76 0 9.9815 1 59955.7 53.3556 0 0 0 
101000 100 132.26 0 10 683.45 0 9.98168 1 59494.9 53.0715 0 0 0 
102000 100 130.5 0 10 688.51 0 9.98186 1 59944.2 53.5121 0 0 0 
103000 100 132.33 0 10 692.53 0 9.98204 1 60040.5 53.6461 0 0 0 
104000 100 135.47 0 10 697.28 0 9.98221 1 60031.1 53.4895 0 0 0 
105000 100 134.54 0 10 702 0 9.98238 1 59926.2 53.2727 0 0 0 
106000 100 135.76 0 10 707 0 9.98254 1 59869 53.2781 0 0 0 
107000 100 136.37 0 10 712 0 9.98271 1 59981.8 53.3884 0 0 0 
108000 100 141.86 0 10 717 0 9.98287 1 60006.2 53.4288 0 0 0 
109000 100 139.42 0 10 722 0 9.98302 1 59962.7 53.2905 0 0 0 
110000 100 141.71 0 10 727.02 0 9.98318 1 59732.8 53.1249 0 0 0 
111000 100 126.73 0 10 732.22 0 9.98333 1 59995.9 53.1219 0 0 0 
112000 100 137.31 0 10 737.16 0 9.98348 1 59742.8 53.1816 0 0 0 
113000 100 138.87 0 10 742.06 0 9.98363 1 59478.4 53.0714 0 0 0 
114000 100 130.2 0 10 747.51 0 9.98377 1 59528.2 52.9208 0 0 0 
115000 100 127.57 0 10 752.9 0 9.98391 1 58875.6 52.3188 0 0 0 
116000 100 105.26 0 10 758.72 0 9.98405 1 59480.5 52.7743 0 0 0 
117000 100 90.5 0 10 764.34 0 9.98419 1 60043 53.1828 0 0 0 
118000 100 80.73 0 10 769.87 0 9.98432 1 59434 52.6246 0 0 0 
119000 100 75.97 0 10 774.75 0 9.98445 1 60011.5 53.1072 0 0 0 
120000 100 69.17 0 10 779.92 0 9.98458 1 59978.5 52.9936 0 0 0 
121000 100 52.48 0 10 785.97 0 9.98471 1 60118.7 52.9117 0 0 0 
122000 100 46.38 0 10 791.39 0 9.98483 1 59899.5 52.7604 0 0 0 
123000 100 62.73 0 10 796.18 0 9.98496 1 60012.4 52.8367 0 0 0 
124000 100 51.59 0 10 801.49 0 9.98508 1 58792.6 51.912 0 0 0 
125000 100 45.38 0 10 806.51 0 9.9852 1 59911.4 53.0329 0 0 0 
126000 100 41.69 0 10 812.21 0 9.98532 1 59484.2 52.8351 0 0 0 
127000 100 39.45 0 10 817.22 0 9.98543 1 60001.3 53.4102 0 0 0 
128000 100 40.02 0 10 822.63 0 9.98554 1 59995 53.4093 0 0 0 
129000 100 47.99 0 10 826.65 0 9.98566 1 59880.5 53.342 0 0 0 
130000 100 48.54 0 10 831.24 0 9.98577 1 59976.6 53.4361 0 0 0 
131000 100 62.77 0 10 835.91 0 9.98588 1 60031.7 53.3949 0 0 0 
132000 100 39.92 0 10 841.35 0 9.98598 1 59960.9 53.3605 0 0 0 
133000 100 34.1 0 10 846.43 0 9.98609 1 59984.5 53.5863 0 0 0 
134000 100 47 0 10 850.97 0 9.98619 1 60057.9 53.5464 0 0 0 
135000 100 38.88 0 10 856.55 0 9.98629 1 60067.3 53.4884 0 0 0 
136000 100 33.47 0 10 861.5 0 9.98639 1 59961.3 53.4462 0 0 0 
137000 100 30.92 0 10 866.73 0 9.98649 1 60022.3 53.4573 0 0 0 
138000 100 26.31 0 10 871.98 0 9.98659 1 60009.3 53.4602 0 0 0 
139000 100 18.92 0 10 877.74 0 9.98669 1 59941.4 53.4004 0 0 0 
140000 100 24.2 0 10 882.84 0 9.98678 1 60079.8 53.3757 0 0 0 
141000 100 20.95 0 10 888.13 0 9.98688 1 59989.2 53.149 0 0 0 
142000 100 35.9 0 10 893.4 0 9.98697 1 59521 52.6595 0 0 0 
143000 100 46.79 0 10 898.22 0 9.98706 1 59986 52.9627 0 0 0 
144000 100 48.09 0 10 904.33 0 9.98715 1 57566.1 50.9734 0 0 0 
145000 100 52.29 0 10 910.17 0 9.98724 1 56896.3 50.5062 0 0 0 
146000 100 62.64 0 10 918.46 0 9.98733 1 59089.3 52.5202 0 0 0 
147000 100 76.17 0 10 927.68 0 9.98741 1 52961.8 47.2301 0 0 0 
148000 100 91.46 0 10 938.38 0 9.9875 1 51806.9 46.192 0 0 0 
149000 100 103.42 0 10 956.3 0 9.98758 1 49128.8 43.8313 0 0 0 
150000 100 100.44 0 10 974.62 0 9.98766 1 54144.3 48.3565 0 0 0 
151000 100 86.98 0 10 990.51 0 9.98775 1 46177.7 41.2344 0 0 0 
152000 100 86.23 0 10 1008.32 0 9.98783 1 47930.3 42.8236 0 0 0 
153000 100 81.4 0 10 1027.58 0 9.98791 1 42378.2 37.8951 0 0 0 
154000 100 92.49 0 10 1040.43 0 9.98799 1 44148.4 39.4483 0 0 0 
155000 100 85.89 0 10 1060.61 0 9.98806 1 46138.6 41.0901 0 0 0 
156000 100 79.56 0 10 1074.86 0 9.98814 1 47697.9 42.5182 0 0 0 
157000 100 90.17 0 10 1096.08 0 9.98821 1 43796 39.0765 0 0 0 
158000 100 77.87 0 10 1116.97 0 9.98829 1 52320.9 46.5935 0 0 0 
159000 100 67.85 0 10 1123.85 0 9.98836 1 52821.6 47.0109 0 0 0 
160000 100 75.67 0 10 1153.47 0 9.98844 1 43153.3 38.337 0 0 0 
161000 100 71.76 0 10 1186.09 0 9.98851 1 48559.4 43.0113 0 0 0 
162000 100 92.51 0 10 1203.18 0 9.98858 1 54549.4 48.1119 0 0 0 
163000 100 83.22 0 10 1213.51 0 9.98865 1 53190.1 46.8442 0 0 0 
164000 100 93.66 0 10 1207.9 0 9.98872 1 56142.7 49.4661 0 0 0 
165000 100 86.43 0 10 1222.64 0 9.98879 1 49882.4 43.9053 0 0 0 
166000 100 92.37 0 10 1247.47 0 9.98885 1 49756.9 43.9501 0 0 0 
167000 100 83.19 0 10 1260.72 0 9.98892 1 50131.2 44.3128 0 0 0 
168000 100 87.32 0 10 1289.4 0 9.98899 1 54405.4 48.0809 0 0 0 
169000 100 94.68 0 10 1307.7 0 9.98905 1 51532 45.6163 0 0 0 
170000 100 98.38 0 10 1323.92 0 9.98912 1 51324.3 45.4292 0 0 0 
171000 100 90.89 0 10 1346.22 0 9.98918 1 48082.8 42.6058 0 0 0 
172000 100 79.2 0 10 1370.79 0 9.98924 1 47496.5 42.1433 0 0 0 
173000 100 71.18 0 10 1400.4 0 9.9893 1 46910.6 41.5496 0 0 0 
174000 100 70.67 0 10 1420.54 0 9.98937 1 45086.4 39.8788 0 0 0 
175000 100 70.75 0 10 1451.35 0 9.98943 1 43308.2 38.3599 0 0 0 
176000 100 91.56 0 10 1468.38 0 9.98949 1 49569.6 44.0703 0 0 0 
177000 100 75.5 0 10 1477.26 0 9.98955 1 43290.9 38.4363 0 0 0 
178000 100 85.62 0 10 1489.47 0 9.98961 1 49488.6 43.881 0 0 0 
179000 100 87.62 0 10 1499.45 0 9.98966 1 54060.4 47.9126 0 0 0 
180000 100 75.16 0 10 1506.84 0 9.98972 1 39392.5 34.6874 0 0 0 
181000 100 94.62 0 10 1520.81 0 9.98978 1 43513.1 38.4986 0 0 0 
182000 100 88.71 0 10 1530.1 0 9.98983 1 50000.8 44.2606 0 0 0 
183000 100 78.08 0 10 1559.14 0 9.98989 1 41189.2 36.5059 0 0 0 
184000 100 83.27 0 10 1586.37 0 9.98994 1 43373.3 38.5583 0 0 0 
185000 100 78.24 0 10 1598.5 0 9.99 1 44662.2 39.8227 0 0 0 
186000 100 70.55 0 10 1631.5 0 9.99005 1 42838.9 38.4013 0 0 0 
187000 100 85.18 0 10 1659.75 0 9.99011 1 42812.8 38.559 0 0 0 
188000 100 85.94 0 10 1687.41 0 9.99016 1 43113.8 38.8561 0 0 0 
189000 100 102.08 0 10 1694.73 0 9.99021 1 49434.2 44.6127 0 0 0 
190000 100 76.79 0 10 1708.3 0 9.99026 1 45581.7 41.3488 0 0 0 
191000 100 89.05 0 10 1722.4 0 9.99031 1 41770.7 37.8627 0 0 0 
192000 100 85.01 0 10 1731.47 0 9.99036 1 55330.1 50.0785 0 0 0 
193000 100 86.6 0 10 1744.14 0 9.99041 1 48970.3 44.4143 0 0 0 
194000 100 74.99 0 10 1763.91 0 9.99046 1 46918.9 42.5662 0 0 0 
195000 100 72.19 0 10 1796.98 0 9.99051 1 40184.7 36.4944 0 0 0 
196000 100 86.06 0 10 1816.79 0 9.99056 1 41946 38.1999 0 0 0 
197000 100 79.18 0 10 1835.54 0 9.99061 1 38239.6 34.8846 0 0 0 
198000 100 76.75 0 10 1863.18 0 9.99066 1 47781.2 43.3179 0 0 0 
199000 100 63.85 0 10 1885.81 0 9.9907 1 51956.4 46.9654 0 0 0 
200000 100 69.03 0 10 1908.57 0 9.99075 1 45634.8 41.5744 0 0 0 
201000 100 85.72 0 10 1925.76 0 9.99079 1 44612.4 40.75 0 0 0 
202000 100 104.76 0 10 1948.52 0 9.99084 1 52942.7 48.5611 0 0 0 
203000 100 86.83 0 10 1970.15 0 9.99089 1 49892.8 45.6689 0 0 0 
204000 100 84.09 0 10 1990.55 0 9.99093 1 43820.3 40.158 0 0 0 
205000 100 78.79 0 10 2005.57 0 9.99097 1 44875.8 41.1297 0 0 0 
206000 100 95.09 0 10 2029.48 0 9.99102 1 50873.9 46.6844 0 0 0 
207000 100 91.97 0 10 2051.92 0 9.99106 1 41413.2 38.1522 0 0 0 
208000 100 80.82 0 10 2073.25 0 9.9911 1 49227.5 45.4272 0 0 0 
209000 100 84.79 0 10 2085.36 0 9.99115 1 51299.3 47.3726 0 0 0 
210000 100 85.22 0 10 2102.51 0 9.99119 1 51253.6 47.291 0 0 0 
211000 100 71.54 0 10 2130.86 0 9.99123 1 39027.3 35.9784 0 0 0 
212000 100 90.24 0 10 2160.1 0 9.99127 1 48183.5 44.2939 0 0 0 
213000 100 76.41 0 10 2175.67 0 9.99131 1 41495.3 38.2265 0 0 0 
214000 100 74.97 0 10 2199.05 0 9.99135 1 40536.4 37.2012 0 0 0 
215000 100 70.57 0 10 2206.2 0 9.99139 1 49784.7 46.0297 0 0 0 
216000 100 84.14 0 10 2216.98 0 9.99143 1 42893.4 39.4782 0 0 0 
217000 100 87.48 0 10 2229.21 0 9.99147 1 46595.6 42.7828 0 0 0 
218000 100 87.16 0 10 2251.27 0 9.99151 1 48817.8 44.8922 0 0 0 
219000 100 76.21 0 10 2269.59 0 9.99155 1 46487 42.6691 0 0 0 
220000 100 78.76 0 10 2317.72 0 9.99159 1 42771.9 39.3417 0 0 0 
221000 100 85.34 0 10 2347.88 0 9.99163 1 36955 33.9503 0 0 0 
222000 100 78.26 0 10 2431.24 0 9.99167 1 45828 42.0724 0 0 0 
223000 100 78.49 0 10 2457.86 0 9.9917 1 41101.3 37.7618 0 0 0 
224000 100 73.33 0 10 2476.84 0 9.99174 1 43000.2 39.4789 0 0 0 
225000 100 76.09 0 10 2480.28 0 9.99178 1 41150.8 37.9532 0 0 0 
226000 100 83.84 0 10 2476.68 0 9.99181 1 43530.3 40.4769 0 0 0 
227000 100 72.66 0 10 2503.46 0 9.99185 1 44167 41.136 0 0 0 
228000 100 92.49 0 10 2504.84 0 9.99188 1 51723.8 48.3493 0 0 0 
229000 100 88.18 0 10 2520.38 0 9.99192 1 46823.3 43.8612 0 0 0 
230000 100 76.08 0 10 2545.85 0 9.99196 1 49426.1 45.7492 0 0 0 
231000 100 75.46 0 10 2561.21 0 9.99199 1 37915.9 35.0824 0 0 0 
232000 100 76.3 0 10 2585.97 0 9.99202 1 38405.9 35.5457 0 0 0 
233000 100 73.94 0 10 2606.08 0 9.99206 1 46373.4 42.9756 0 0 0 
234000 100 75.51 0 10 2623.76 0 9.99209 1 41359.2 38.3749 0 0 0 
235000 100 84.97 0 10 2648.61 0 9.99213 1 49896.8 46.384 0 0 0 
236000 100 81.99 0 10 2668.06 0 9.99216 1 48214.4 44.7921 0 0 0 
237000 100 91.87 0 10 2682.88 0 9.99219 1 42647.8 39.7024 0 0 0 
238000 100 74.24 0 10 2695.62 0 9.99223 1 50563.9 46.9914 0 0 0 
239000 100 90.54 0 10 2713.78 0 9.99226 1 49607.8 46.3666 0 0 0 
240000 100 99.42 0 10 2721.37 0 9.99229 1 50557.6 47.4002 0 0 0 
241000 100 81.44 0 10 2745.87 0 9.99232 1 41340.7 38.7216 0 0 0 
242000 100 75.26 0 10 2781.64 0 9.99235 1 44299.2 41.5625 0 0 0 
243000 100 64.23 0 10 2818.57 0 9.99239 1 39161.1 36.7518 0 0 0 
244000 100 100.19 0 10 2845.84 0 9.99242 1 55236.1 51.7312 0 0 0 
245000 100 79.59 0 10 2869.46 0 9.99245 1 43791.7 41.1678 0 0 0 
246000 100 74.95 0 10 2883.06 0 9.99248 1 50307.7 46.9826 0 0 0 
247000 100 84.59 0 10 2900.77 0 9.99251 1 45013.5 42.095 0 0 0 
248000 100 82.07 0 10 2914.93 0 9.99254 1 47297.3 44.2322 0 0 0 
249000 100 81.51 0 10 2939.94 0 9.99257 1 39021.2 36.4684 0 0 0 
250000 100 76.58 0 10 2954.7 0 9.9926 1 39941.9 37.2565 0 0 0 