# Avida Average Deme Data
# Wed Apr 16 01:15:43 2014
#  1: Update
#  2: Count
#  3: Age
#  4: Births
#  5: Organisms
#  6: Generation
#  7: Births (at last replication)
#  8: Organisms (at last replication)
#  9: Merit
# 10: Gestation Time
# 11: Time Used (normalized by org fitness)
# 12: Generations between current and last founders
# 13: Events killed
# 14: Attempts to kill event

0 100 0 0 1 0 0 0 1 0 0 0 0 0 
1000 100 48.16 0 10 6.77 0 8.16893 1 54198.8 46.7242 0 0 0 
2000 100 65.89 0 10 13.03 0 9.08401 1 53364.4 46.0513 0 0 0 
3000 100 66.82 0 10 19.68 0 9.38924 1 54619.7 47.144 0 0 0 
4000 100 62.24 0 10 24.27 0 9.54189 1 53718.8 46.2862 0 0 0 
5000 100 75.83 0 10 30.94 0 9.63349 1 55271.2 47.6597 0 0 0 
6000 100 91.36 0 10 37.06 0 9.69457 1 57677.1 49.7151 0 0 0 
7000 100 104.84 0 10 43.29 0 9.73819 1 57885.3 49.9144 0 0 0 
8000 100 108.04 0 10 47.49 0 9.77092 1 57566.7 49.5462 0 0 0 
9000 100 97.36 0 10 51.78 0 9.79637 1 55929.7 48.2293 0 0 0 
10000 100 82.34 0 10 58.33 0 9.81673 1 58055.8 49.7842 0 0 0 
11000 100 80.15 0 10 64.66 0 9.83339 1 57164.3 48.8933 0 0 0 
12000 100 64.37 0 10 70.76 0 9.84727 1 58475 49.7739 0 0 0 
13000 100 76.03 0 10 76.46 0 9.85902 1 57811.6 49.2515 0 0 0 
14000 100 63.92 0 10 82.2 0 9.86909 1 57500.3 48.9671 0 0 0 
15000 100 74.42 0 10 90.71 0 9.87781 1 56443.5 48.2197 0 0 0 
16000 100 93.66 0 10 96.5 0 9.88545 1 58412 49.9721 0 0 0 
17000 100 87.89 0 10 104.17 0 9.89219 1 55514 47.6438 0 0 0 
18000 100 76.64 0 10 112.03 0 9.89818 1 54114.1 46.6502 0 0 0 
19000 100 72.18 0 10 116.12 0 9.90354 1 58237.9 50.1528 0 0 0 
20000 100 71.88 0 10 124.08 0 9.90836 1 57343.4 49.495 0 0 0 
21000 100 62.01 0 10 131.1 0 9.91272 1 57964.7 50.0251 0 0 0 
22000 100 61.5 0 10 144.31 0 9.91669 1 56816.5 48.9704 0 0 0 
23000 100 66.5 0 10 146.77 0 9.92031 1 57862.8 49.8547 0 0 0 
24000 100 64.42 0 10 147.2 0 9.92363 1 58666.4 50.4285 0 0 0 
25000 100 79.07 0 10 157.33 0 9.92669 1 55180 47.3919 0 0 0 
26000 100 84.28 0 10 166.86 0 9.92951 1 53225.2 45.6525 0 0 0 
27000 100 87.94 0 10 177.58 0 9.93212 1 53597.8 45.8013 0 0 0 
28000 100 89.93 0 10 182.22 0 9.93454 1 57465.8 48.9913 0 0 0 
29000 100 93.02 0 10 196.36 0 9.9368 1 56626.7 48.4344 0 0 0 
30000 100 78.88 0 10 203.68 0 9.93891 1 55519.4 47.6483 0 0 0 
31000 100 84.07 0 10 207.51 0 9.94088 1 54917.7 46.8953 0 0 0 
32000 100 90.51 0 10 221.26 0 9.94272 1 56319.6 48.3585 0 0 0 
33000 100 81.05 0 10 222.36 0 9.94446 1 59709.9 50.9604 0 0 0 
34000 100 97.58 0 10 228.14 0 9.94609 1 58337.8 49.7686 0 0 0 
35000 100 91.99 0 10 236.93 0 9.94763 1 59255.1 50.7377 0 0 0 
36000 100 108.4 0 10 237.46 0 9.94909 1 54434.2 46.3553 0 0 0 
37000 100 93.38 0 10 244.56 0 9.95046 1 58032.3 49.4286 0 0 0 
38000 100 91.44 0 10 248.92 0 9.95177 1 56726.7 48.2115 0 0 0 
39000 100 69.67 0 10 257.13 0 9.953 1 57380.8 48.8599 0 0 0 
40000 100 81.06 0 10 263.18 0 9.95418 1 57751.4 49.0188 0 0 0 
41000 100 85.38 0 10 268.2 0 9.9553 1 57704.4 49.1357 0 0 0 
42000 100 89.59 0 10 275.22 0 9.95636 1 56330.9 47.9262 0 0 0 
43000 100 61.25 0 10 284.47 0 9.95738 1 58808.8 49.8432 0 0 0 
44000 100 61.46 0 10 290.18 0 9.95834 1 59099.6 50.2093 0 0 0 
45000 100 60.88 0 10 299.08 0 9.95927 1 58801.2 49.665 0 0 0 
46000 100 81.93 0 10 307.78 0 9.96016 1 55416.9 46.7466 0 0 0 
47000 100 77.34 0 10 312.83 0 9.961 1 57946.1 48.7308 0 0 0 
48000 100 82.74 0 10 320.43 0 9.96182 1 56819.7 47.6575 0 0 0 
49000 100 65.14 0 10 325.83 0 9.96259 1 58561.9 48.7313 0 0 0 
50000 100 55.52 0 10 332.45 0 9.96334 1 58101.5 48.2866 0 0 0 
51000 100 48.2 0 10 336.63 0 9.96406 1 57045.2 47.4053 0 0 0 
52000 100 41.54 0 10 341.59 0 9.96475 1 59230.9 49.1235 0 0 0 
53000 100 51.24 0 10 349.48 0 9.96542 1 58824.3 48.9861 0 0 0 
54000 100 51.2 0 10 358.54 0 9.96606 1 56419.1 47.0685 0 0 0 
55000 100 67.35 0 10 366.31 0 9.96668 1 55892.6 46.5686 0 0 0 
56000 100 73.95 0 10 377.06 0 9.96727 1 54307 45.3025 0 0 0 
57000 100 76.39 0 10 381.24 0 9.96784 1 55650.6 46.3479 0 0 0 
58000 100 74.81 0 10 390.41 0 9.9684 1 57423.1 47.896 0 0 0 
59000 100 68.61 0 10 396.1 0 9.96893 1 55588.5 46.4647 0 0 0 
60000 100 90.76 0 10 401.12 0 9.96945 1 59214.6 49.503 0 0 0 
61000 100 84.76 0 10 410.88 0 9.96995 1 55202.4 46.1882 0 0 0 
62000 100 69.76 0 10 419.69 0 9.97044 1 56083.5 47.1019 0 0 0 
63000 100 58.32 0 10 424.24 0 9.97091 1 55621.4 46.7144 0 0 0 
64000 100 71 0 10 434.11 0 9.97136 1 56310 47.3946 0 0 0 
65000 100 81.68 0 10 439.08 0 9.9718 1 56457.5 47.5148 0 0 0 
66000 100 92.14 0 10 447.76 0 9.97223 1 59156.8 49.8792 0 0 0 
67000 100 83.77 0 10 455.27 0 9.97264 1 57446.3 48.5218 0 0 0 
68000 100 93.07 0 10 457.35 0 9.97305 1 59697.9 50.4107 0 0 0 
69000 100 87.5 0 10 464.16 0 9.97344 1 57916.2 48.9101 0 0 0 
70000 100 74.31 0 10 474.01 0 9.97382 1 56207.8 47.0203 0 0 0 
71000 100 90.09 0 10 480.52 0 9.97418 1 54901.8 45.7831 0 0 0 
72000 100 79.88 0 10 488.81 0 9.97454 1 55275.8 45.8515 0 0 0 
73000 100 88.61 0 10 495.02 0 9.97489 1 55005.9 45.6974 0 0 0 
74000 100 86.36 0 10 501.86 0 9.97523 1 56362.6 46.7229 0 0 0 
75000 100 99.95 0 10 506.84 0 9.97556 1 59425.6 49.3572 0 0 0 
76000 100 94.43 0 10 515.6 0 9.97588 1 57683.3 47.7291 0 0 0 
77000 100 92.55 0 10 525.46 0 9.9762 1 53941.7 44.6017 0 0 0 
78000 100 91.85 0 10 555.36 0 9.9765 1 42114.1 34.7146 0 0 0 
79000 100 82.97 0 10 585.49 0 9.9768 1 43657.8 35.957 0 0 0 
80000 100 77.36 0 10 625.78 0 9.97709 1 48318.8 39.7832 0 0 0 
81000 100 74.28 0 10 646.34 0 9.97737 1 46714.9 38.5665 0 0 0 
82000 100 77.73 0 10 676.22 0 9.97765 1 43494.7 35.9133 0 0 0 
83000 100 83.24 0 10 705.4 0 9.97792 1 49696.7 40.9759 0 0 0 
84000 100 86.95 0 10 713.33 0 9.97818 1 42013.2 34.5769 0 0 0 
85000 100 93.11 0 10 722.63 0 9.97844 1 44172.3 36.4076 0 0 0 
86000 100 81.54 0 10 756.52 0 9.97869 1 39099.1 32.3037 0 0 0 
87000 100 69.58 0 10 806.16 0 9.97893 1 37442.1 30.7834 0 0 0 
88000 100 68.76 0 10 859.85 0 9.97917 1 45228.4 37.2082 0 0 0 
89000 100 73.66 0 10 879.54 0 9.97941 1 37599.9 30.9519 0 0 0 
90000 100 82.28 0 10 911.14 0 9.97963 1 45624.4 37.8719 0 0 0 
91000 100 85.95 0 10 940.7 0 9.97986 1 40977.3 34.0368 0 0 0 
92000 100 71.69 0 10 959.25 0 9.98008 1 43058.2 35.8034 0 0 0 
93000 100 74.47 0 10 992.06 0 9.98029 1 41093.9 34.3715 0 0 0 
94000 100 73.69 0 10 1024.66 0 9.9805 1 43519.1 36.5817 0 0 0 
95000 100 78.7 0 10 1049.37 0 9.98071 1 36621.3 30.802 0 0 0 
96000 100 77.37 0 10 1060.97 0 9.98091 1 41865.6 35.481 0 0 0 
97000 100 88.59 0 10 1084.6 0 9.9811 1 42032.5 35.6979 0 0 0 
98000 100 80.82 0 10 1117.26 0 9.9813 1 34099.4 28.9243 0 0 0 
99000 100 75.67 0 10 1142.22 0 9.98149 1 43442.7 36.9329 0 0 0 
100000 100 71.16 0 10 1181.72 0 9.98167 1 35028.5 30.1802 0 0 0 
101000 100 85.55 0 10 1217.93 0 9.98185 1 43644.3 37.8587 0 0 0 
102000 100 87.34 0 10 1261.53 0 9.98203 1 48655.2 42.1648 0 0 0 
103000 100 77.43 0 10 1290.57 0 9.98221 1 47647.7 41.2335 0 0 0 
104000 100 85.33 0 10 1307.73 0 9.98238 1 41967.4 36.2664 0 0 0 
105000 100 75.99 0 10 1335.59 0 9.98254 1 32818.9 28.3043 0 0 0 
106000 100 76.41 0 10 1365.96 0 9.98271 1 38927.1 33.5767 0 0 0 
107000 100 76.67 0 10 1416 0 9.98287 1 36847.1 31.8206 0 0 0 
108000 100 77.84 0 10 1452.57 0 9.98303 1 41026.3 35.3365 0 0 0 
109000 100 77.27 0 10 1484.2 0 9.98318 1 35310.6 30.3285 0 0 0 
110000 100 80.15 0 10 1515.06 0 9.98334 1 40103.4 34.3353 0 0 0 
111000 100 84.03 0 10 1527.06 0 9.98349 1 41146.3 35.464 0 0 0 
112000 100 77.73 0 10 1521.78 0 9.98363 1 43283.9 37.3142 0 0 0 
113000 100 90.83 0 10 1551.98 0 9.98378 1 43180.3 37.4478 0 0 0 
114000 100 85.69 0 10 1566.17 0 9.98392 1 40112.2 34.7448 0 0 0 
115000 100 92.03 0 10 1584.3 0 9.98406 1 40816.5 35.2764 0 0 0 
116000 100 85.37 0 10 1573.68 0 9.9842 1 40483.1 34.8869 0 0 0 
117000 100 82.19 0 10 1587.92 0 9.98433 1 44403.9 38.1256 0 0 0 
118000 100 80.48 0 10 1619.23 0 9.98447 1 39489.9 33.6704 0 0 0 
119000 100 75.33 0 10 1648.37 0 9.9846 1 43517.8 36.967 0 0 0 
120000 100 80.84 0 10 1670.15 0 9.98473 1 46020.3 39.1162 0 0 0 
121000 100 66.62 0 10 1696.04 0 9.98485 1 38621.6 32.8302 0 0 0 
122000 100 82.52 0 10 1749.29 0 9.98498 1 37652.7 31.856 0 0 0 
123000 100 77.78 0 10 1802.94 0 9.9851 1 40571 34.1047 0 0 0 
124000 100 80.82 0 10 1841.31 0 9.98522 1 36346 30.6169 0 0 0 
125000 100 73.88 0 10 1884.08 0 9.98534 1 42493.9 35.8874 0 0 0 
126000 100 78.42 0 10 1925.41 0 9.98545 1 44605.2 37.9671 0 0 0 
127000 100 78.54 0 10 1973.96 0 9.98557 1 41837.5 35.7772 0 0 0 
128000 100 74.03 0 10 1987.75 0 9.98568 1 35626.9 30.5666 0 0 0 
129000 100 72.22 0 10 2020.67 0 9.98579 1 39521.4 34.171 0 0 0 
130000 100 80.89 0 10 2033.35 0 9.9859 1 40280.3 34.8105 0 0 0 
131000 100 77.12 0 10 2071.88 0 9.98601 1 35972.4 31.0603 0 0 0 
132000 100 75.68 0 10 2099.67 0 9.98611 1 34980.4 30.2997 0 0 0 
133000 100 75.56 0 10 2131.46 0 9.98622 1 35629 30.9432 0 0 0 
134000 100 69.74 0 10 2162.02 0 9.98632 1 34592.3 30.3609 0 0 0 
135000 100 88.07 0 10 2187.1 0 9.98642 1 53737.8 47.4969 0 0 0 
136000 100 80.94 0 10 2210.22 0 9.98652 1 48511 42.9092 0 0 0 
137000 100 71.76 0 10 2228.15 0 9.98662 1 41840.8 37.0982 0 0 0 
138000 100 79.88 0 10 2258.45 0 9.98672 1 49145.1 43.4772 0 0 0 
139000 100 73.87 0 10 2288.25 0 9.98681 1 52144.7 46.174 0 0 0 
140000 100 73.59 0 10 2341.43 0 9.98691 1 43417.5 38.3606 0 0 0 
141000 100 89.02 0 10 2368.06 0 9.987 1 49057 43.2866 0 0 0 
142000 100 81.37 0 10 2421.98 0 9.98709 1 37606 33.0525 0 0 0 
143000 100 78.65 0 10 2481.07 0 9.98718 1 32521.8 28.5452 0 0 0 
144000 100 89.4 0 10 2494.96 0 9.98727 1 47846.8 41.9594 0 0 0 
145000 100 77.88 0 10 2520.8 0 9.98736 1 33293.2 29.2053 0 0 0 
146000 100 82.98 0 10 2576.15 0 9.98745 1 34952.2 30.743 0 0 0 
147000 100 66.83 0 10 2632.34 0 9.98753 1 42967.9 37.7148 0 0 0 
148000 100 67.87 0 10 2696.78 0 9.98762 1 41317.8 36.2457 0 0 0 
149000 100 72.74 0 10 2747.24 0 9.9877 1 35145.9 30.7657 0 0 0 
150000 100 63.15 0 10 2795.42 0 9.98778 1 39602.1 34.6629 0 0 0 
151000 100 65.76 0 10 2870.98 0 9.98786 1 32576.8 28.5318 0 0 0 
152000 100 79.54 0 10 2915.07 0 9.98794 1 39550 34.5507 0 0 0 
153000 100 80.11 0 10 2955.63 0 9.98802 1 37888.9 33.1276 0 0 0 
154000 100 80.99 0 10 2976.54 0 9.9881 1 40643.3 35.4437 0 0 0 
155000 100 71.48 0 10 2995.67 0 9.98817 1 39948 34.9389 0 0 0 
156000 100 76.08 0 10 3030.64 0 9.98825 1 44022.5 38.5253 0 0 0 
157000 100 83.05 0 10 3058.08 0 9.98833 1 43731.3 38.2754 0 0 0 
158000 100 84.28 0 10 3092.01 0 9.9884 1 44841.4 39.4081 0 0 0 
159000 100 78.38 0 10 3107.79 0 9.98847 1 41298.1 36.4466 0 0 0 
160000 100 80.45 0 10 3150.54 0 9.98854 1 40398.7 35.6958 0 0 0 
161000 100 65.38 0 10 3179.57 0 9.98862 1 39819.7 35.2988 0 0 0 
162000 100 67.9 0 10 3219.82 0 9.98869 1 33929.8 30.1883 0 0 0 
163000 100 73.07 0 10 3237.48 0 9.98876 1 37303.5 32.9649 0 0 0 
164000 100 69.88 0 10 3259.69 0 9.98882 1 34299.3 30.2634 0 0 0 
165000 100 80.3 0 10 3328.43 0 9.98889 1 34133.2 30.2986 0 0 0 
166000 100 74.87 0 10 3339.27 0 9.98896 1 32315.8 28.633 0 0 0 
167000 100 74.91 0 10 3362.73 0 9.98902 1 40450.5 35.8754 0 0 0 
168000 100 75.71 0 10 3413.54 0 9.98909 1 39459 34.8364 0 0 0 
169000 100 70.79 0 10 3444.77 0 9.98915 1 40047.9 35.4425 0 0 0 
170000 100 89.8 0 10 3457.88 0 9.98922 1 54923.4 48.547 0 0 0 
171000 100 70.45 0 10 3495.41 0 9.98928 1 34248.6 30.2354 0 0 0 
172000 100 78.22 0 10 3557.34 0 9.98934 1 38639.9 34.148 0 0 0 
173000 100 67.86 0 10 3639.56 0 9.98941 1 34092.8 30.1327 0 0 0 
174000 100 73.67 0 10 3705.69 0 9.98947 1 37934.6 33.2446 0 0 0 
175000 100 78.81 0 10 3749.67 0 9.98953 1 37722.7 33.1132 0 0 0 
176000 100 77.62 0 10 3818.64 0 9.98959 1 38102.8 33.3129 0 0 0 
177000 100 75.12 0 10 3849.21 0 9.98964 1 38130.8 33.5259 0 0 0 
178000 100 75.12 0 10 3873.5 0 9.9897 1 38529.3 34.104 0 0 0 
179000 100 94.82 0 10 3869.38 0 9.98976 1 37129.7 33.3514 0 0 0 
180000 100 79.85 0 10 3912.88 0 9.98982 1 41284.1 37.061 0 0 0 
181000 100 86.79 0 10 3954.39 0 9.98987 1 40848.7 36.7018 0 0 0 
182000 100 71.45 0 10 3998.64 0 9.98993 1 39986.1 36.0386 0 0 0 
183000 100 73.28 0 10 4060.59 0 9.98998 1 38575.9 34.7482 0 0 0 
184000 100 71.61 0 10 4086.94 0 9.99004 1 42435.3 38.2528 0 0 0 
185000 100 80.89 0 10 4108.34 0 9.99009 1 39795.7 35.781 0 0 0 
186000 100 82.57 0 10 4137.6 0 9.99015 1 34673.3 31.114 0 0 0 
187000 100 78.54 0 10 4153.17 0 9.9902 1 44351.9 40.1813 0 0 0 
188000 100 75.32 0 10 4172.02 0 9.99025 1 47804.8 43.7433 0 0 0 
189000 100 83.4 0 10 4186.96 0 9.9903 1 36789.9 33.4416 0 0 0 
190000 100 86.52 0 10 4212.84 0 9.99035 1 32427.3 29.3847 0 0 0 
191000 100 80.73 0 10 4244.69 0 9.9904 1 41098.2 37.4063 0 0 0 
192000 100 85.82 0 10 4255.07 0 9.99045 1 43418.4 39.5841 0 0 0 
193000 100 69.98 0 10 4277.67 0 9.9905 1 39715.5 36.0958 0 0 0 
194000 100 75.33 0 10 4257.52 0 9.99055 1 45520.8 41.3099 0 0 0 
195000 100 84.01 0 10 4270.1 0 9.9906 1 40731.4 36.9088 0 0 0 
196000 100 70.33 0 10 4300.94 0 9.99065 1 40569.6 36.8229 0 0 0 
197000 100 70 0 10 4301.5 0 9.9907 1 43027 39.1024 0 0 0 
198000 100 84.45 0 10 4325.23 0 9.99074 1 44913.7 41.0404 0 0 0 
199000 100 75.3 0 10 4344.62 0 9.99079 1 34382.7 31.4019 0 0 0 
200000 100 88.4 0 10 4378.58 0 9.99084 1 36109.8 32.887 0 0 0 
201000 100 80.64 0 10 4414.64 0 9.99088 1 41996.4 37.9244 0 0 0 
202000 100 87.01 0 10 4433.75 0 9.99093 1 48128.3 43.5454 0 0 0 
203000 100 79.1 0 10 4473.35 0 9.99097 1 40555.9 36.5706 0 0 0 
204000 100 84.26 0 10 4498.17 0 9.99102 1 40615.8 36.6782 0 0 0 
205000 100 94.36 0 10 4533.85 0 9.99106 1 37522.4 33.6245 0 0 0 
206000 100 81.97 0 10 4591.38 0 9.9911 1 34414.5 30.4787 0 0 0 
207000 100 75.34 0 10 4639.59 0 9.99115 1 26476.9 23.445 0 0 0 
208000 100 79.87 0 10 4682.04 0 9.99119 1 35872.8 31.7987 0 0 0 
209000 100 65.26 0 10 4702.37 0 9.99123 1 33841.7 29.9161 0 0 0 
210000 100 72.1 0 10 4741.37 0 9.99127 1 31087 27.4425 0 0 0 
211000 100 78.89 0 10 4765.58 0 9.99131 1 36796.4 32.3931 0 0 0 
212000 100 78.77 0 10 4790.61 0 9.99135 1 30688.5 27.0999 0 0 0 
213000 100 84.7 0 10 4843.43 0 9.99139 1 35307.4 31.2006 0 0 0 
214000 100 80.99 0 10 4920.61 0 9.99144 1 38519.7 33.626 0 0 0 
215000 100 77.42 0 10 4900.65 0 9.99147 1 42368.3 37.1803 0 0 0 
216000 100 70.83 0 10 4959.46 0 9.99151 1 46252.5 40.3914 0 0 0 
217000 100 73.15 0 10 5058.75 0 9.99155 1 33151.1 28.8089 0 0 0 
218000 100 78.83 0 10 5090.42 0 9.99159 1 32576.2 28.2956 0 0 0 
219000 100 64.2 0 10 5143.96 0 9.99163 1 31675.4 27.4584 0 0 0 
220000 100 78.24 0 10 5197.78 0 9.99167 1 31792.9 27.5554 0 0 0 
221000 100 72.85 0 10 5260.86 0 9.99171 1 31386.3 27.3248 0 0 0 
222000 100 79.13 0 10 5270.51 0 9.99174 1 40490 35.2235 0 0 0 
223000 100 92.89 0 10 5294.07 0 9.99178 1 36774.8 32.0394 0 0 0 
224000 100 74.67 0 10 5325.05 0 9.99182 1 37581 32.7835 0 0 0 
225000 100 73.51 0 10 5374.63 0 9.99185 1 37025.1 32.2567 0 0 0 
226000 100 65.01 0 10 5426.7 0 9.99189 1 35388.2 31.003 0 0 0 
227000 100 66.2 0 10 5468.61 0 9.99193 1 38346.2 33.6373 0 0 0 
228000 100 63.28 0 10 5513.21 0 9.99196 1 41718.9 36.6649 0 0 0 
229000 100 75.94 0 10 5534.66 0 9.992 1 47383.5 41.6708 0 0 0 
230000 100 75.79 0 10 5566.47 0 9.99203 1 33684.3 29.6612 0 0 0 
231000 100 62.57 0 10 5630.42 0 9.99207 1 35194.3 30.8741 0 0 0 
232000 100 72.73 0 10 5676.76 0 9.9921 1 36091.5 31.6598 0 0 0 
233000 100 75.35 0 10 5732.74 0 9.99213 1 29079.5 25.4103 0 0 0 
234000 100 71.95 0 10 5786.22 0 9.99217 1 33857.3 29.6175 0 0 0 
235000 100 67.12 0 10 5809.14 0 9.9922 1 45033.4 39.6993 0 0 0 
236000 100 83.95 0 10 5856.47 0 9.99223 1 35576.7 31.5415 0 0 0 
237000 100 85.67 0 10 5888.94 0 9.99227 1 34936 30.9883 0 0 0 
238000 100 71.5 0 10 5936.74 0 9.9923 1 31686.8 28.1055 0 0 0 
239000 100 82.57 0 10 5967.99 0 9.99233 1 35565.1 31.6004 0 0 0 
240000 100 76.75 0 10 6004.48 0 9.99236 1 36872.1 32.8858 0 0 0 
241000 100 81.53 0 10 6102.95 0 9.99239 1 35969.6 31.8895 0 0 0 
242000 100 89.82 0 10 6147.49 0 9.99243 1 37702.1 33.3599 0 0 0 
243000 100 83.42 0 10 6200.28 0 9.99246 1 33326 29.5105 0 0 0 
244000 100 69.47 0 10 6254.28 0 9.99249 1 38762.4 34.1601 0 0 0 
245000 100 78.83 0 10 6298.21 0 9.99252 1 31912 28.1142 0 0 0 
246000 100 76.46 0 10 6361.63 0 9.99255 1 31509.2 27.881 0 0 0 
247000 100 69.13 0 10 6394.16 0 9.99258 1 42237.9 37.3045 0 0 0 
248000 100 72.67 0 10 6428.03 0 9.99261 1 31888.7 28.1599 0 0 0 
249000 100 77.34 0 10 6450.72 0 9.99264 1 32870.1 29.0949 0 0 0 
250000 100 79.39 0 10 6500.55 0 9.99267 1 33010.6 29.2877 0 0 0 