# Avida Average Deme Data
# Wed Apr 16 20:33:26 2014
#  1: Update
#  2: Count
#  3: Age
#  4: Births
#  5: Organisms
#  6: Generation
#  7: Births (at last replication)
#  8: Organisms (at last replication)
#  9: Merit
# 10: Gestation Time
# 11: Time Used (normalized by org fitness)
# 12: Generations between current and last founders
# 13: Events killed
# 14: Attempts to kill event

0 100 0 0 1 0 0 0 1 0 0 0 0 0 
1000 100 35.75 0 10 5.88 0 8.15664 1 54856.3 47.2856 0 0 0 
2000 100 62.13 0 10 12.28 0 9.07786 1 55042.9 47.3387 0 0 0 
3000 100 72.01 0 10 18.47 0 9.38514 1 56893.2 49.0056 0 0 0 
4000 100 68.9 0 10 25.32 0 9.53882 1 55894.1 48.2245 0 0 0 
5000 100 64.23 0 10 32.85 0 9.63103 1 55629.7 48.0095 0 0 0 
6000 100 81.93 0 10 39.69 0 9.69252 1 54321.1 46.7895 0 0 0 
7000 100 86.16 0 10 47.78 0 9.73644 1 56110.2 48.3101 0 0 0 
8000 100 84.91 0 10 54.26 0 9.76938 1 55453.6 47.999 0 0 0 
9000 100 83.36 0 10 61.9 0 9.795 1 53813.8 46.4265 0 0 0 
10000 100 103.76 0 10 70.22 0 9.8155 1 55509.1 47.898 0 0 0 
11000 100 100.29 0 10 78.34 0 9.83227 1 55099.8 47.435 0 0 0 
12000 100 70.14 0 10 86.24 0 9.84625 1 54761.9 47.1298 0 0 0 
13000 100 63.1 0 10 95.76 0 9.85807 1 53205.6 45.7392 0 0 0 
14000 100 82.06 0 10 114.69 0 9.86821 1 53244.3 45.3134 0 0 0 
15000 100 74.73 0 10 125.92 0 9.87699 1 52406.6 44.6097 0 0 0 
16000 100 69.92 0 10 136.66 0 9.88468 1 58740.5 49.8481 0 0 0 
17000 100 70.74 0 10 143.28 0 9.89147 1 54981 46.7062 0 0 0 
18000 100 69.92 0 10 148.05 0 9.89749 1 57418.3 48.906 0 0 0 
19000 100 64.19 0 10 155.53 0 9.90289 1 53863.7 45.993 0 0 0 
20000 100 50.51 0 10 163.55 0 9.90774 1 53154.5 45.3972 0 0 0 
21000 100 74.49 0 10 170.83 0 9.91214 1 55700.1 47.5679 0 0 0 
22000 100 71.48 0 10 178.1 0 9.91613 1 52568.3 44.8648 0 0 0 
23000 100 83.62 0 10 184.07 0 9.91978 1 56826 48.5822 0 0 0 
24000 100 79.08 0 10 189.28 0 9.92312 1 58411.3 49.9066 0 0 0 
25000 100 96.52 0 10 197.49 0 9.92619 1 57526.8 49.0724 0 0 0 
26000 100 98.38 0 10 206.87 0 9.92903 1 55841 47.3855 0 0 0 
27000 100 93.18 0 10 210.97 0 9.93166 1 55311.4 47.0156 0 0 0 
28000 100 109.37 0 10 218.54 0 9.9341 1 54147.6 46.1919 0 0 0 
29000 100 91.77 0 10 223.09 0 9.93637 1 53831.6 45.8837 0 0 0 
30000 100 81.22 0 10 227.07 0 9.9385 1 55085.1 46.8347 0 0 0 
31000 100 69.29 0 10 229.91 0 9.94048 1 57549.4 48.9106 0 0 0 
32000 100 72.81 0 10 234.68 0 9.94234 1 58332.8 49.5024 0 0 0 
33000 100 84.18 0 10 236.23 0 9.94409 1 57837.2 48.8471 0 0 0 
34000 100 85.48 0 10 240.91 0 9.94573 1 53436.9 45.0831 0 0 0 
35000 100 87.89 0 10 247.86 0 9.94728 1 57118 48.187 0 0 0 
36000 100 108.37 0 10 253.99 0 9.94875 1 56286.9 47.4122 0 0 0 
37000 100 111.99 0 10 259.7 0 9.95013 1 53543.7 45.3015 0 0 0 
38000 100 83.76 0 10 267.62 0 9.95144 1 55949.7 47.3375 0 0 0 
39000 100 81.2 0 10 278.19 0 9.95269 1 56661.4 48.0937 0 0 0 
40000 100 81.68 0 10 287.44 0 9.95387 1 55464.1 47.2258 0 0 0 
41000 100 78.83 0 10 294.32 0 9.955 1 55016.4 46.8111 0 0 0 
42000 100 73.04 0 10 304.93 0 9.95607 1 52853.2 45.0726 0 0 0 
43000 100 73.94 0 10 312.31 0 9.95709 1 56621 48.3768 0 0 0 
44000 100 64.45 0 10 320.56 0 9.95806 1 50853.4 43.4271 0 0 0 
45000 100 69.31 0 10 331.73 0 9.959 1 53634.7 45.8121 0 0 0 
46000 100 80.79 0 10 341.6 0 9.95989 1 52803.1 45.1202 0 0 0 
47000 100 88.75 0 10 357.87 0 9.96074 1 46777.2 40.0463 0 0 0 
48000 100 78.1 0 10 397.89 0 9.96156 1 42400.1 36.5073 0 0 0 
49000 100 81.91 0 10 434.54 0 9.96234 1 37763.9 32.5369 0 0 0 
50000 100 73.39 0 10 480.5 0 9.9631 1 40167.3 34.569 0 0 0 
51000 100 76.06 0 10 513.26 0 9.96382 1 39554.7 34.1287 0 0 0 
52000 100 77.35 0 10 534.59 0 9.96452 1 37926.4 32.751 0 0 0 
53000 100 72.06 0 10 588.34 0 9.96519 1 36932.9 31.8858 0 0 0 
54000 100 82.47 0 10 638.9 0 9.96583 1 41746.8 36.0519 0 0 0 
55000 100 72.61 0 10 696.36 0 9.96645 1 39040.9 33.6884 0 0 0 
56000 100 73.64 0 10 773.97 0 9.96705 1 42418.2 36.5581 0 0 0 
57000 100 78.47 0 10 815.8 0 9.96763 1 40682 34.9602 0 0 0 
58000 100 90.84 0 10 857.53 0 9.96819 1 40174.8 34.6143 0 0 0 
59000 100 88.63 0 10 901.46 0 9.96873 1 41233.2 35.5294 0 0 0 
60000 100 78.19 0 10 962.58 0 9.96925 1 35697.5 30.7356 0 0 0 
61000 100 80.34 0 10 969 0 9.96975 1 41803.6 35.8776 0 0 0 
62000 100 75.81 0 10 974.64 0 9.97024 1 29600.3 25.4784 0 0 0 
63000 100 90.32 0 10 1005.28 0 9.97071 1 40659.1 34.8338 0 0 0 
64000 100 69.36 0 10 1034.84 0 9.97117 1 38515.4 32.9803 0 0 0 
65000 100 76.24 0 10 1059.35 0 9.97161 1 41875.2 35.9029 0 0 0 
66000 100 80.75 0 10 1102.71 0 9.97204 1 27592.5 23.6599 0 0 0 
67000 100 83.53 0 10 1127.35 0 9.97246 1 32586.7 27.8684 0 0 0 
68000 100 75.93 0 10 1172.11 0 9.97287 1 40999.3 35.1677 0 0 0 
69000 100 73.87 0 10 1234.93 0 9.97326 1 38228.5 32.6816 0 0 0 
70000 100 72.57 0 10 1263.24 0 9.97364 1 34205 29.2687 0 0 0 
71000 100 88.41 0 10 1313.46 0 9.97401 1 39691 33.7852 0 0 0 
72000 100 62.27 0 10 1361.38 0 9.97437 1 32288.1 27.471 0 0 0 
73000 100 86.5 0 10 1393.11 0 9.97472 1 34294.5 29.0778 0 0 0 
74000 100 85.17 0 10 1436.35 0 9.97507 1 31660.1 26.7892 0 0 0 
75000 100 72.95 0 10 1497.29 0 9.9754 1 33727.2 28.653 0 0 0 
76000 100 73.8 0 10 1514.63 0 9.97572 1 31155 26.5402 0 0 0 
77000 100 72.02 0 10 1550.29 0 9.97604 1 26907.8 22.9258 0 0 0 
78000 100 61.2 0 10 1598.41 0 9.97634 1 31133.1 26.6136 0 0 0 
79000 100 78.2 0 10 1667.76 0 9.97664 1 36615.2 31.3082 0 0 0 
80000 100 69.98 0 10 1720.41 0 9.97694 1 28536.2 24.4339 0 0 0 
81000 100 73.66 0 10 1784.37 0 9.97722 1 25443.1 21.8093 0 0 0 
82000 100 80.37 0 10 1866.67 0 9.9775 1 29371.1 25.1026 0 0 0 
83000 100 73.74 0 10 1907.05 0 9.97777 1 33527.5 28.8088 0 0 0 
84000 100 85.9 0 10 1932.38 0 9.97803 1 30339.7 25.9818 0 0 0 
85000 100 76.92 0 10 2003.13 0 9.97829 1 33517.5 28.6239 0 0 0 
86000 100 79.02 0 10 2001.89 0 9.97854 1 33712.5 28.8759 0 0 0 
87000 100 87.74 0 10 2053.63 0 9.97879 1 37317.7 32.0428 0 0 0 
88000 100 70.54 0 10 2081.88 0 9.97903 1 39077.6 33.6051 0 0 0 
89000 100 74.59 0 10 2129.91 0 9.97927 1 39540.3 34.0318 0 0 0 
90000 100 77.92 0 10 2155.95 0 9.9795 1 43749.8 37.5602 0 0 0 
91000 100 73.78 0 10 2212.89 0 9.97972 1 30064.8 25.755 0 0 0 
92000 100 74.51 0 10 2291.23 0 9.97994 1 35766.5 30.5908 0 0 0 
93000 100 76.32 0 10 2335.88 0 9.98016 1 38669.9 32.6912 0 0 0 
94000 100 77.02 0 10 2402.51 0 9.98037 1 28699.2 23.9705 0 0 0 
95000 100 69.27 0 10 2435.84 0 9.98058 1 39597.7 33.1265 0 0 0 
96000 100 70.94 0 10 2470.7 0 9.98078 1 31824.8 26.5836 0 0 0 
97000 100 81.16 0 10 2486.64 0 9.98098 1 46698.5 38.8463 0 0 0 
98000 100 67.94 0 10 2502.18 0 9.98117 1 42401.8 35.4702 0 0 0 
99000 100 86.14 0 10 2545.62 0 9.98136 1 45056.2 37.293 0 0 0 
100000 100 84.65 0 10 2589.47 0 9.98155 1 48077.7 39.7825 0 0 0 
101000 100 73.6 0 10 2582.13 0 9.98173 1 37518.9 30.9266 0 0 0 
102000 100 79.98 0 10 2599.35 0 9.98191 1 33739.8 27.9748 0 0 0 
103000 100 79.39 0 10 2623.63 0 9.98209 1 51578.7 42.9255 0 0 0 
104000 100 84.11 0 10 2657.34 0 9.98226 1 35501.7 29.6182 0 0 0 
105000 100 66.01 0 10 2716.74 0 9.98243 1 39007.2 32.5122 0 0 0 
106000 100 68.24 0 10 2754.29 0 9.98259 1 39693.5 33.0154 0 0 0 
107000 100 74.74 0 10 2798.56 0 9.98276 1 33292.6 27.8261 0 0 0 
108000 100 78.42 0 10 2821.87 0 9.98291 1 44843.6 37.7913 0 0 0 
109000 100 82.12 0 10 2853.53 0 9.98307 1 43055.7 36.8123 0 0 0 
110000 100 73.54 0 10 2858.39 0 9.98323 1 40515.1 34.3743 0 0 0 
111000 100 84.11 0 10 2884.79 0 9.98338 1 33889.1 28.6394 0 0 0 
112000 100 82.11 0 10 2926.99 0 9.98353 1 32898.9 27.6595 0 0 0 
113000 100 74.27 0 10 2949.47 0 9.98367 1 37842.5 31.9295 0 0 0 
114000 100 91.32 0 10 2991.37 0 9.98381 1 43004.3 36.4696 0 0 0 
115000 100 80.88 0 10 3017.09 0 9.98395 1 37152.8 31.3083 0 0 0 
116000 100 88.88 0 10 3038.27 0 9.98409 1 46297.7 39.2473 0 0 0 
117000 100 80.99 0 10 3052.59 0 9.98423 1 38078.9 32.5803 0 0 0 
118000 100 81.97 0 10 3078.46 0 9.98436 1 37344 31.7284 0 0 0 
119000 100 73.69 0 10 3097.29 0 9.98449 1 38892.1 33.2106 0 0 0 
120000 100 80.23 0 10 3110.27 0 9.98462 1 47053.3 40.303 0 0 0 
121000 100 67.62 0 10 3134.73 0 9.98475 1 37948.2 32.5337 0 0 0 
122000 100 79.55 0 10 3161.24 0 9.98488 1 39438.1 33.7037 0 0 0 
123000 100 75.53 0 10 3174.59 0 9.985 1 41167.7 35.1012 0 0 0 
124000 100 90.9 0 10 3212.74 0 9.98512 1 46589.8 39.8444 0 0 0 
125000 100 85.82 0 10 3230.97 0 9.98524 1 47138.9 40.5221 0 0 0 
126000 100 62.49 0 10 3255.28 0 9.98536 1 36544.9 31.2179 0 0 0 
127000 100 66.46 0 10 3281.76 0 9.98547 1 44049.4 37.5481 0 0 0 
128000 100 67.14 0 10 3300.34 0 9.98558 1 43710.9 37.3576 0 0 0 
129000 100 67.58 0 10 3321.62 0 9.9857 1 41003.5 34.9596 0 0 0 
130000 100 68.29 0 10 3366.95 0 9.98581 1 39227.1 33.2766 0 0 0 
131000 100 78.46 0 10 3403.65 0 9.98591 1 37412.8 31.7308 0 0 0 
132000 100 79.49 0 10 3435.95 0 9.98602 1 43034.8 36.5399 0 0 0 
133000 100 98.17 0 10 3475.11 0 9.98613 1 44486.9 37.6863 0 0 0 
134000 100 80.39 0 10 3522.97 0 9.98623 1 43983 37.1262 0 0 0 
135000 100 75.68 0 10 3557.39 0 9.98633 1 44864 37.8142 0 0 0 
136000 100 82.76 0 10 3579.48 0 9.98643 1 36492.2 30.6805 0 0 0 
137000 100 76 0 10 3609.67 0 9.98653 1 41404 34.9855 0 0 0 
138000 100 73.43 0 10 3659.72 0 9.98663 1 41362.7 35.1953 0 0 0 
139000 100 73.06 0 10 3689.15 0 9.98673 1 31330.9 26.6739 0 0 0 
140000 100 73.01 0 10 3786.23 0 9.98682 1 16285.3 14.05 0 0 0 
141000 100 68.95 0 10 3869.12 0 9.98691 1 19251.3 16.6807 0 0 0 
142000 100 69.34 0 10 3963.21 0 9.98701 1 16229.8 14.1649 0 0 0 
143000 100 62.67 0 10 4157.15 0 9.9871 1 15358.3 13.3426 0 0 0 
144000 100 76.96 0 10 4212.34 0 9.98719 1 28227.2 24.5146 0 0 0 
145000 100 78.24 0 10 4383.47 0 9.98727 1 24596.1 21.2605 0 0 0 
146000 100 55.15 0 10 4545.34 0 9.98736 1 18668.5 16.1329 0 0 0 
147000 100 73.34 0 10 4666.74 0 9.98745 1 24249.3 20.9121 0 0 0 
148000 100 61.05 0 10 4847.94 0 9.98753 1 14593.9 12.6654 0 0 0 
149000 100 57.18 0 10 4992.91 0 9.98762 1 13953.9 12.0195 0 0 0 
150000 100 70.44 0 10 5189.49 0 9.9877 1 10881.6 9.39563 0 0 0 
151000 100 69.78 0 10 5397.94 0 9.98778 1 21149.8 18.3762 0 0 0 
152000 100 57.05 0 10 5522.38 0 9.98786 1 14107.6 12.2729 0 0 0 
153000 100 70.12 0 10 5563.31 0 9.98794 1 23520.5 20.4569 0 0 0 
154000 100 71.45 0 10 5700.27 0 9.98802 1 16448.4 14.3602 0 0 0 
155000 100 87.85 0 10 5777.04 0 9.9881 1 37376.4 32.4558 0 0 0 
156000 100 74.02 0 10 5846.73 0 9.98817 1 39326.5 34.1262 0 0 0 
157000 100 83.31 0 10 5918.27 0 9.98825 1 22985.2 19.9958 0 0 0 
158000 100 64.13 0 10 5961.87 0 9.98832 1 31470.1 27.3544 0 0 0 
159000 100 67.6 0 10 6016.85 0 9.9884 1 28788.3 25.037 0 0 0 
160000 100 70.72 0 10 6119.68 0 9.98847 1 38887 33.5723 0 0 0 
161000 100 76.49 0 10 6196.12 0 9.98854 1 32407.5 27.978 0 0 0 
162000 100 67.55 0 10 6290.36 0 9.98861 1 17460.4 15.1784 0 0 0 
163000 100 80.52 0 10 6321.24 0 9.98868 1 30035.3 25.9908 0 0 0 
164000 100 65.77 0 10 6336.58 0 9.98875 1 32243.5 28.1081 0 0 0 
165000 100 69.51 0 10 6418.81 0 9.98882 1 29597.6 25.7321 0 0 0 
166000 100 73.01 0 10 6483.32 0 9.98888 1 21933.2 19.0315 0 0 0 
167000 100 69.07 0 10 6559.8 0 9.98895 1 23565.3 20.478 0 0 0 
168000 100 69.14 0 10 6651.55 0 9.98902 1 24923 21.7177 0 0 0 
169000 100 65.31 0 10 6691.25 0 9.98908 1 21830 19.0059 0 0 0 
170000 100 73.36 0 10 6761.89 0 9.98915 1 24778.2 21.8765 0 0 0 
171000 100 64.75 0 10 6866.67 0 9.98921 1 29100.2 25.7315 0 0 0 
172000 100 72.13 0 10 6925.24 0 9.98927 1 23705.7 20.9987 0 0 0 
173000 100 71.32 0 10 6991.01 0 9.98933 1 26033.8 23.0735 0 0 0 
174000 100 65.21 0 10 7053.61 0 9.9894 1 18830.9 16.6941 0 0 0 
175000 100 69.46 0 10 7134.41 0 9.98946 1 25438 22.6108 0 0 0 
176000 100 74.05 0 10 7215.94 0 9.98952 1 23336.1 20.7042 0 0 0 
177000 100 65.04 0 10 7320.34 0 9.98958 1 20653.2 18.3844 0 0 0 
178000 100 79.56 0 10 7401.56 0 9.98963 1 25591.1 22.8544 0 0 0 
179000 100 55.46 0 10 7495.87 0 9.98969 1 25944 23.0583 0 0 0 
180000 100 65.28 0 10 7673.25 0 9.98975 1 20678.1 18.2414 0 0 0 
181000 100 74.25 0 10 7763.95 0 9.98981 1 23636.2 20.6007 0 0 0 
182000 100 66.07 0 10 7858.33 0 9.98986 1 15446 13.7458 0 0 0 
183000 100 62 0 10 8009.51 0 9.98992 1 17185.5 15.2376 0 0 0 
184000 100 70.16 0 10 8120.11 0 9.98997 1 19531.1 17.3181 0 0 0 
185000 100 65.76 0 10 8187.21 0 9.99003 1 16078.8 14.4045 0 0 0 
186000 100 73.76 0 10 8281.81 0 9.99008 1 25770.5 22.9684 0 0 0 
187000 100 53.5 0 10 8391.74 0 9.99013 1 20701.7 18.4869 0 0 0 
188000 100 66.6 0 10 8515.59 0 9.99019 1 20715.1 18.3162 0 0 0 
189000 100 58.03 0 10 8627.07 0 9.99024 1 16603.4 14.6839 0 0 0 
190000 100 68.02 0 10 8774.99 0 9.99029 1 22162.1 19.6228 0 0 0 
191000 100 80.93 0 10 8874.56 0 9.99034 1 15238.9 13.4657 0 0 0 
192000 100 54.06 0 10 9018.14 0 9.99039 1 21059.6 18.6302 0 0 0 
193000 100 67.86 0 10 9156.45 0 9.99044 1 17544.5 15.5326 0 0 0 
194000 100 57.64 0 10 9236.23 0 9.99049 1 18572.5 16.5104 0 0 0 
195000 100 59.67 0 10 9360.5 0 9.99054 1 15097.2 13.2615 0 0 0 
196000 100 63.02 0 10 9517.81 0 9.99059 1 14277.1 12.6519 0 0 0 
197000 100 61.04 0 10 9686.22 0 9.99063 1 24367.7 21.7603 0 0 0 
198000 100 70.96 0 10 9740.09 0 9.99068 1 25763.6 22.7611 0 0 0 
199000 100 75.58 0 10 9818.98 0 9.99073 1 15951.6 14.0166 0 0 0 
200000 100 70.1 0 10 9911.45 0 9.99077 1 25017.9 21.9548 0 0 0 
201000 100 75.72 0 10 9976.81 0 9.99082 1 31735 27.8465 0 0 0 
202000 100 70.41 0 10 10072.4 0 9.99087 1 20355.8 17.8514 0 0 0 
203000 100 59.59 0 10 10191.9 0 9.99091 1 16624.8 14.5879 0 0 0 
204000 100 75.97 0 10 10275.6 0 9.99095 1 30592.5 26.8448 0 0 0 
205000 100 80.7 0 10 10331.1 0 9.991 1 35885.2 31.3164 0 0 0 
206000 100 69.62 0 10 10434.2 0 9.99104 1 26255.9 23.1711 0 0 0 
207000 100 71.27 0 10 10494.3 0 9.99109 1 18976.7 16.9356 0 0 0 
208000 100 72.67 0 10 10597.1 0 9.99113 1 30819.7 27.5688 0 0 0 
209000 100 70.35 0 10 10682.9 0 9.99117 1 31372.9 28.1346 0 0 0 
210000 100 70.31 0 10 10825.4 0 9.99121 1 23736 21.2265 0 0 0 
211000 100 77.67 0 10 10909.7 0 9.99126 1 25904.8 23.083 0 0 0 
212000 100 71.75 0 10 10971.5 0 9.9913 1 31770.1 28.1459 0 0 0 
213000 100 74.71 0 10 11018.4 0 9.99134 1 27697.5 24.4864 0 0 0 
214000 100 81.9 0 10 11121 0 9.99138 1 30152.4 26.6908 0 0 0 
215000 100 60.86 0 10 11226.1 0 9.99142 1 26340.5 23.3802 0 0 0 
216000 100 72.12 0 10 11287.6 0 9.99146 1 22069.8 19.5841 0 0 0 
217000 100 68.79 0 10 11382.3 0 9.9915 1 32858.1 29.0711 0 0 0 
218000 100 71.18 0 10 11446.4 0 9.99154 1 22224.8 19.66 0 0 0 
219000 100 72.48 0 10 11548.3 0 9.99157 1 24174.5 21.3952 0 0 0 
220000 100 62.16 0 10 11652.5 0 9.99161 1 18620.3 16.4829 0 0 0 
221000 100 65.18 0 10 11750.9 0 9.99165 1 26615.1 23.4665 0 0 0 
222000 100 71.06 0 10 11879.2 0 9.99169 1 17274.8 15.3214 0 0 0 
223000 100 61.04 0 10 12010.3 0 9.99173 1 18414.4 16.3103 0 0 0 
224000 100 62.19 0 10 12043.7 0 9.99176 1 27443.1 24.2906 0 0 0 
225000 100 53.28 0 10 12128 0 9.9918 1 27171.8 24.0933 0 0 0 
226000 100 71.85 0 10 12210.5 0 9.99184 1 31896.1 28.0948 0 0 0 
227000 100 69.11 0 10 12321.4 0 9.99187 1 29051.7 25.7047 0 0 0 
228000 100 66.47 0 10 12401 0 9.99191 1 24384.2 21.5072 0 0 0 
229000 100 72.61 0 10 12504.6 0 9.99194 1 18973.5 16.8672 0 0 0 
230000 100 70.18 0 10 12552.6 0 9.99198 1 25242.2 22.5857 0 0 0 
231000 100 75.27 0 10 12657.6 0 9.99201 1 27861.1 25.3022 0 0 0 
232000 100 65.2 0 10 12748.5 0 9.99205 1 20726.5 18.845 0 0 0 
233000 100 57.61 0 10 12839.5 0 9.99208 1 15771.4 14.3143 0 0 0 
234000 100 75.83 0 10 12940.7 0 9.99211 1 14196.5 12.6919 0 0 0 
235000 100 60.35 0 10 13080.3 0 9.99215 1 15618.4 13.9885 0 0 0 
236000 100 58.76 0 10 13096.5 0 9.99218 1 20559.4 18.347 0 0 0 
237000 100 64.52 0 10 13179.5 0 9.99221 1 29767.8 26.7165 0 0 0 
238000 100 56.14 0 10 13293.1 0 9.99225 1 14863.3 13.2946 0 0 0 
239000 100 70.29 0 10 13386.5 0 9.99228 1 26188 23.3676 0 0 0 
240000 100 73.74 0 10 13411.3 0 9.99231 1 17419 15.5393 0 0 0 
241000 100 72.68 0 10 13460.7 0 9.99234 1 27699 24.6708 0 0 0 
242000 100 76.7 0 10 13543.9 0 9.99238 1 18127 16.2291 0 0 0 
243000 100 65.68 0 10 13570.5 0 9.99241 1 33849.5 30.1855 0 0 0 
244000 100 60.14 0 10 13684.5 0 9.99244 1 23880.7 21.3478 0 0 0 
245000 100 65.4 0 10 13717.8 0 9.99247 1 28366.1 25.5669 0 0 0 
246000 100 74.35 0 10 13779.4 0 9.9925 1 16390.3 14.9225 0 0 0 
247000 100 62.56 0 10 13846.5 0 9.99253 1 24144.4 21.8219 0 0 0 
248000 100 65.94 0 10 13904.7 0 9.99256 1 18991.2 17.0313 0 0 0 
249000 100 66.78 0 10 13943.6 0 9.99259 1 20263 18.1444 0 0 0 
250000 100 60.01 0 10 14127.8 0 9.99262 1 21161 18.8985 0 0 0 