# Avida Average Deme Data
# Tue Apr 15 21:56:04 2014
#  1: Update
#  2: Count
#  3: Age
#  4: Births
#  5: Organisms
#  6: Generation
#  7: Births (at last replication)
#  8: Organisms (at last replication)
#  9: Merit
# 10: Gestation Time
# 11: Time Used (normalized by org fitness)
# 12: Generations between current and last founders
# 13: Events killed
# 14: Attempts to kill event

0 100 0 0 1 0 0 0 1 0 0 0 0 0 
1000 100 27.32 0 10 5.7 0 8.195 1 57649.3 49.6885 0 0 0 
2000 100 29.64 0 10 11.7 0 9.09705 1 56105.9 48.3788 0 0 0 
3000 100 55.37 0 10 18.78 0 9.39793 1 55201.9 47.4313 0 0 0 
4000 100 59.44 0 10 24.5 0 9.54841 1 56669.8 48.7206 0 0 0 
5000 100 61.38 0 10 32.05 0 9.63871 1 55365.6 47.56 0 0 0 
6000 100 78.93 0 10 39.59 0 9.69892 1 56805.2 48.9579 0 0 0 
7000 100 80.39 0 10 45.83 0 9.74192 1 54077.8 46.3854 0 0 0 
8000 100 88.41 0 10 51.73 0 9.77418 1 56434.3 48.4056 0 0 0 
9000 100 88.62 0 10 58.2 0 9.79927 1 53889.8 46.308 0 0 0 
10000 100 86.31 0 10 65.79 0 9.81934 1 54599.8 46.8728 0 0 0 
11000 100 92.94 0 10 74.77 0 9.83576 1 53676.4 45.9084 0 0 0 
12000 100 82.81 0 10 83.03 0 9.84945 1 54034.9 46.3118 0 0 0 
13000 100 83.28 0 10 92.96 0 9.86103 1 54676.7 46.583 0 0 0 
14000 100 83.93 0 10 101.77 0 9.87095 1 55144.6 47.1326 0 0 0 
15000 100 83.61 0 10 106.54 0 9.87955 1 54271.5 46.4069 0 0 0 
16000 100 90.45 0 10 114.06 0 9.88708 1 55430.6 47.5562 0 0 0 
17000 100 104.1 0 10 117.06 0 9.89372 1 57468.1 49.2699 0 0 0 
18000 100 103.95 0 10 123.76 0 9.89963 1 55218.2 47.2937 0 0 0 
19000 100 102.24 0 10 129.09 0 9.90491 1 54199.5 46.4637 0 0 0 
20000 100 89.01 0 10 140.31 0 9.90966 1 53569.2 45.9426 0 0 0 
21000 100 87.44 0 10 152.56 0 9.91397 1 52096.2 44.7197 0 0 0 
22000 100 95.07 0 10 158.04 0 9.91788 1 52516.1 45.0865 0 0 0 
23000 100 99.98 0 10 165.26 0 9.92145 1 55868.4 47.9866 0 0 0 
24000 100 84.46 0 10 175.38 0 9.92472 1 53467.6 45.9915 0 0 0 
25000 100 78.22 0 10 187.73 0 9.92773 1 52889.4 45.5767 0 0 0 
26000 100 89.8 0 10 197.61 0 9.93051 1 56053.2 48.3108 0 0 0 
27000 100 89.84 0 10 207.21 0 9.93308 1 51452.6 44.3307 0 0 0 
28000 100 75.6 0 10 229.44 0 9.93547 1 48063.7 41.4923 0 0 0 
29000 100 69.74 0 10 240.17 0 9.9377 1 53042.6 45.7343 0 0 0 
30000 100 70.62 0 10 242.93 0 9.93978 1 53322.8 46.0028 0 0 0 
31000 100 52.5 0 10 250.73 0 9.94172 1 55500 47.8969 0 0 0 
32000 100 63.43 0 10 262.18 0 9.94354 1 52729.1 45.3843 0 0 0 
33000 100 84.35 0 10 285.51 0 9.94525 1 50781.8 43.5799 0 0 0 
34000 100 80.95 0 10 304.59 0 9.94686 1 53816.4 46.0369 0 0 0 
35000 100 71.13 0 10 361.17 0 9.94838 1 44214.5 37.3943 0 0 0 
36000 100 85.83 0 10 395.65 0 9.94981 1 39979.9 33.7617 0 0 0 
37000 100 90.22 0 10 424.46 0 9.95117 1 48905.6 41.263 0 0 0 
38000 100 83.36 0 10 441.75 0 9.95245 1 50347.3 42.3298 0 0 0 
39000 100 78.15 0 10 440.6 0 9.95367 1 52821.3 44.4915 0 0 0 
40000 100 80.56 0 10 458.12 0 9.95483 1 49385.9 41.6842 0 0 0 
41000 100 86.98 0 10 467.9 0 9.95593 1 54710.1 46.1619 0 0 0 
42000 100 81.86 0 10 469.19 0 9.95698 1 56454.2 47.5772 0 0 0 
43000 100 76.16 0 10 495.87 0 9.95798 1 46709.9 39.3718 0 0 0 
44000 100 68.17 0 10 535.74 0 9.95894 1 48180.2 40.8738 0 0 0 
45000 100 73.53 0 10 544.51 0 9.95985 1 53357.9 45.5098 0 0 0 
46000 100 70.82 0 10 561.31 0 9.96072 1 50713.5 43.2634 0 0 0 
47000 100 73.42 0 10 581.03 0 9.96156 1 48596.1 41.6267 0 0 0 
48000 100 76.42 0 10 610.35 0 9.96236 1 42021.2 36.1032 0 0 0 
49000 100 84.33 0 10 678.94 0 9.96313 1 39357.1 33.9144 0 0 0 
50000 100 71.78 0 10 716.24 0 9.96386 1 35696.3 30.7159 0 0 0 
51000 100 68.65 0 10 746.2 0 9.96457 1 31384.1 27.0374 0 0 0 
52000 100 82.13 0 10 785.46 0 9.96525 1 38179.4 32.9039 0 0 0 
53000 100 81.76 0 10 832.97 0 9.96591 1 38313.1 33.037 0 0 0 
54000 100 67.05 0 10 871.95 0 9.96654 1 39056.8 33.8016 0 0 0 
55000 100 78.3 0 10 936.35 0 9.96715 1 29663.1 25.5883 0 0 0 
56000 100 75.79 0 10 956.09 0 9.96774 1 34330.1 29.6874 0 0 0 
57000 100 78.58 0 10 984.06 0 9.9683 1 42488.1 36.5345 0 0 0 
58000 100 82.17 0 10 1017.27 0 9.96885 1 41214.5 35.3717 0 0 0 
59000 100 80.22 0 10 1034.7 0 9.96938 1 37426.5 32.1353 0 0 0 
60000 100 94.21 0 10 1064.18 0 9.96989 1 45748.4 39.4143 0 0 0 
61000 100 95.01 0 10 1086.99 0 9.97038 1 40908.8 35.2592 0 0 0 
62000 100 77.26 0 10 1115.75 0 9.97086 1 45792 39.3573 0 0 0 
63000 100 71.38 0 10 1140.87 0 9.97132 1 41791 36.1373 0 0 0 
64000 100 78.64 0 10 1183.88 0 9.97177 1 38407.8 33.3122 0 0 0 
65000 100 85.81 0 10 1208.25 0 9.9722 1 41236.2 35.8272 0 0 0 
66000 100 88.78 0 10 1229.43 0 9.97262 1 43054.9 37.3892 0 0 0 
67000 100 80.56 0 10 1251.31 0 9.97303 1 46177.2 39.9883 0 0 0 
68000 100 75.83 0 10 1266.27 0 9.97343 1 46713.1 40.3968 0 0 0 
69000 100 78.79 0 10 1281.65 0 9.97381 1 49893.5 43.1339 0 0 0 
70000 100 71.69 0 10 1307.87 0 9.97419 1 41586.5 35.9861 0 0 0 
71000 100 77.67 0 10 1327.86 0 9.97455 1 44940.2 38.8357 0 0 0 
72000 100 78.24 0 10 1352.32 0 9.97491 1 45750.5 39.5206 0 0 0 
73000 100 80.65 0 10 1364.1 0 9.97525 1 45427.8 39.2029 0 0 0 
74000 100 70.17 0 10 1377.58 0 9.97558 1 41915.5 36.0154 0 0 0 
75000 100 80.19 0 10 1412.48 0 9.97591 1 36528.5 31.4989 0 0 0 
76000 100 74.45 0 10 1457.62 0 9.97623 1 42668 36.7862 0 0 0 
77000 100 80.1 0 10 1480.92 0 9.97654 1 46149.6 39.8091 0 0 0 
78000 100 88.76 0 10 1510.82 0 9.97684 1 37213.6 32.1542 0 0 0 
79000 100 82.11 0 10 1524.7 0 9.97713 1 40421.3 35.2605 0 0 0 
80000 100 84.86 0 10 1518.47 0 9.97742 1 44426.4 38.8461 0 0 0 
81000 100 76.19 0 10 1506.07 0 9.97769 1 39090.3 34.1602 0 0 0 
82000 100 75.75 0 10 1516.76 0 9.97797 1 41530.9 36.4023 0 0 0 
83000 100 78.2 0 10 1557.63 0 9.97823 1 37257.8 32.6871 0 0 0 
84000 100 71.8 0 10 1584.1 0 9.97849 1 39728.2 34.5772 0 0 0 
85000 100 81.1 0 10 1632.75 0 9.97874 1 42770.1 37.164 0 0 0 
86000 100 74.91 0 10 1655.22 0 9.97899 1 45599.6 39.5188 0 0 0 
87000 100 71.79 0 10 1651.17 0 9.97923 1 38324.4 33.3747 0 0 0 
88000 100 75.16 0 10 1689.59 0 9.97947 1 42411.8 37.058 0 0 0 
89000 100 82.02 0 10 1708.71 0 9.9797 1 37055.1 32.4132 0 0 0 
90000 100 78.75 0 10 1775.83 0 9.97992 1 35173 30.6997 0 0 0 
91000 100 85.82 0 10 1824.37 0 9.98015 1 41966.2 36.6236 0 0 0 
92000 100 69.36 0 10 1891.17 0 9.98036 1 31770.2 27.6535 0 0 0 
93000 100 72.83 0 10 1931.66 0 9.98057 1 39746.3 34.5529 0 0 0 
94000 100 71.02 0 10 1962.74 0 9.98078 1 28385 24.6603 0 0 0 
95000 100 68.69 0 10 2005.4 0 9.98098 1 36530.3 31.8148 0 0 0 
96000 100 83.55 0 10 2028.31 0 9.98118 1 37138.7 32.3261 0 0 0 
97000 100 69.4 0 10 2086.05 0 9.98137 1 33756.4 29.2894 0 0 0 
98000 100 67.92 0 10 2144.87 0 9.98156 1 28158.4 24.3294 0 0 0 
99000 100 71.53 0 10 2238.32 0 9.98175 1 29141 25.075 0 0 0 
100000 100 67.35 0 10 2334.85 0 9.98193 1 29111.1 25.1985 0 0 0 
101000 100 78.92 0 10 2397.09 0 9.98211 1 36428.8 31.4365 0 0 0 
102000 100 83 0 10 2420.09 0 9.98229 1 42853.2 36.8409 0 0 0 
103000 100 65.93 0 10 2496.75 0 9.98246 1 30446.1 26.2794 0 0 0 
104000 100 77.24 0 10 2440.53 0 9.98263 1 35138.3 30.4557 0 0 0 
105000 100 79.7 0 10 2577.38 0 9.98279 1 26827.4 23.0939 0 0 0 
106000 100 72.47 0 10 2671.66 0 9.98295 1 36892.7 31.7089 0 0 0 
107000 100 79.16 0 10 2726.76 0 9.98311 1 30681.5 26.1584 0 0 0 
108000 100 66.79 0 10 2797.01 0 9.98327 1 30264.5 25.6563 0 0 0 
109000 100 75.14 0 10 2833.15 0 9.98342 1 32540.4 27.4716 0 0 0 
110000 100 83.52 0 10 2882.03 0 9.98357 1 32674.3 27.5825 0 0 0 
111000 100 80.11 0 10 2917.74 0 9.98372 1 30531 25.7905 0 0 0 
112000 100 73 0 10 2975.72 0 9.98387 1 37987.3 31.8953 0 0 0 
113000 100 70.38 0 10 3016.87 0 9.98401 1 28367.6 23.7546 0 0 0 
114000 100 87.38 0 10 3064.62 0 9.98415 1 37304.2 31.152 0 0 0 
115000 100 75.8 0 10 3077.95 0 9.98429 1 23843.8 20.0419 0 0 0 
116000 100 66.75 0 10 3149.73 0 9.98442 1 29435.1 24.8976 0 0 0 
117000 100 71.93 0 10 3220.21 0 9.98456 1 30146.7 25.6522 0 0 0 
118000 100 76.63 0 10 3265.61 0 9.98469 1 25218.6 21.36 0 0 0 
119000 100 57.99 0 10 3343.87 0 9.98482 1 25495.4 21.4649 0 0 0 
120000 100 62.47 0 10 3442.48 0 9.98494 1 23553.2 19.8276 0 0 0 
121000 100 67.78 0 10 3368.77 0 9.98507 1 31198.5 26.3512 0 0 0 
122000 100 66.72 0 10 3430.96 0 9.98519 1 27509.9 23.2639 0 0 0 
123000 100 72.8 0 10 3490.57 0 9.98531 1 34660.5 29.3777 0 0 0 
124000 100 64.5 0 10 3548.43 0 9.98543 1 28594.9 24.1835 0 0 0 
125000 100 69.82 0 10 3565.42 0 9.98555 1 31585.3 26.5739 0 0 0 
126000 100 76.48 0 10 3621.03 0 9.98566 1 28883 24.2334 0 0 0 
127000 100 78.55 0 10 3692.42 0 9.98577 1 28964.8 24.4023 0 0 0 
128000 100 68.84 0 10 3741.68 0 9.98588 1 28581.2 23.9974 0 0 0 
129000 100 81.61 0 10 3817.95 0 9.98599 1 27324.8 22.9583 0 0 0 
130000 100 75.3 0 10 3880.43 0 9.9861 1 30640.6 25.5203 0 0 0 
131000 100 82.94 0 10 3918.23 0 9.98621 1 42324.5 35.2581 0 0 0 
132000 100 84.68 0 10 3920.22 0 9.98631 1 36640.6 30.5339 0 0 0 
133000 100 80.57 0 10 3957.99 0 9.98642 1 40282 33.4531 0 0 0 
134000 100 77.01 0 10 4021.33 0 9.98652 1 28486.8 23.7587 0 0 0 
135000 100 78.66 0 10 4059.25 0 9.98662 1 36928.6 30.7957 0 0 0 
136000 100 85.51 0 10 4099.3 0 9.98671 1 50914.9 42.4916 0 0 0 
137000 100 86.91 0 10 4127.13 0 9.98681 1 33361.5 27.7879 0 0 0 
138000 100 74.1 0 10 4196.92 0 9.98691 1 27929.4 23.2883 0 0 0 
139000 100 65.62 0 10 4287.23 0 9.987 1 26181.1 21.8782 0 0 0 
140000 100 72.91 0 10 4283.06 0 9.98709 1 46869.1 39.3112 0 0 0 
141000 100 78.77 0 10 4324.16 0 9.98719 1 35819.8 30.0598 0 0 0 
142000 100 78.51 0 10 4372.41 0 9.98728 1 30373.5 25.6048 0 0 0 
143000 100 69.95 0 10 4393.63 0 9.98737 1 28529.7 24.1888 0 0 0 
144000 100 78.74 0 10 4528.79 0 9.98745 1 36289.7 30.4629 0 0 0 
145000 100 80.22 0 10 4568.59 0 9.98754 1 35405 29.971 0 0 0 
146000 100 71.56 0 10 4637.34 0 9.98762 1 35361.8 30.019 0 0 0 
147000 100 75.34 0 10 4708.83 0 9.98771 1 41175 34.9242 0 0 0 
148000 100 65.5 0 10 4767.28 0 9.98779 1 30015.7 25.3819 0 0 0 
149000 100 72.89 0 10 4844.25 0 9.98787 1 31375.1 26.3556 0 0 0 
150000 100 75.47 0 10 4928.71 0 9.98795 1 27303.7 23.01 0 0 0 
151000 100 70.12 0 10 4975.91 0 9.98803 1 25714.8 21.6098 0 0 0 
152000 100 72.45 0 10 5026.88 0 9.98811 1 27146.6 22.7421 0 0 0 
153000 100 76 0 10 5075.99 0 9.98819 1 31277.5 26.115 0 0 0 
154000 100 75.68 0 10 5141.24 0 9.98827 1 32315.5 26.9163 0 0 0 
155000 100 71.15 0 10 5259.42 0 9.98834 1 20841.6 17.3205 0 0 0 
156000 100 68.55 0 10 5337.22 0 9.98842 1 27680.1 22.8884 0 0 0 
157000 100 69.07 0 10 5376.73 0 9.98849 1 26029.3 21.52 0 0 0 
158000 100 79.93 0 10 5403.1 0 9.98856 1 31642.5 26.1704 0 0 0 
159000 100 68.64 0 10 5488.65 0 9.98864 1 27281.7 22.9929 0 0 0 
160000 100 67.16 0 10 5555.36 0 9.98871 1 28564.4 24.2742 0 0 0 
161000 100 71.53 0 10 5596.46 0 9.98878 1 33509.6 28.572 0 0 0 
162000 100 68.81 0 10 5625.21 0 9.98885 1 32043.4 27.3984 0 0 0 
163000 100 73.24 0 10 5687.27 0 9.98892 1 29320.7 25.1842 0 0 0 
164000 100 68.63 0 10 5785.69 0 9.98898 1 25030.2 21.5331 0 0 0 
165000 100 81.35 0 10 5826.57 0 9.98905 1 28349.9 24.3577 0 0 0 
166000 100 85.47 0 10 5886.2 0 9.98912 1 31069 26.7491 0 0 0 
167000 100 74.49 0 10 5955.81 0 9.98918 1 28195.4 24.4253 0 0 0 
168000 100 64.62 0 10 6007.74 0 9.98925 1 28654.3 24.6234 0 0 0 
169000 100 70.1 0 10 6086.91 0 9.98931 1 22120.9 18.8513 0 0 0 
170000 100 67.48 0 10 6144.74 0 9.98937 1 28378.2 23.8831 0 0 0 
171000 100 73.92 0 10 6220.46 0 9.98943 1 22310.8 18.7031 0 0 0 
172000 100 77.26 0 10 6264.28 0 9.9895 1 29444.5 24.5158 0 0 0 
173000 100 66.28 0 10 6402.96 0 9.98956 1 17544.7 14.7843 0 0 0 
174000 100 58.74 0 10 6510.66 0 9.98962 1 30351.7 25.4972 0 0 0 
175000 100 70.4 0 10 6570.3 0 9.98968 1 30630.2 25.7423 0 0 0 
176000 100 72.66 0 10 6616.83 0 9.98973 1 24453.2 20.5574 0 0 0 
177000 100 80.24 0 10 6689.57 0 9.98979 1 30898.7 26.0164 0 0 0 
178000 100 77.11 0 10 6732.7 0 9.98985 1 23084 19.3422 0 0 0 
179000 100 67.45 0 10 6743.79 0 9.98991 1 25402.3 21.3165 0 0 0 
180000 100 68.69 0 10 6814.97 0 9.98996 1 21011.4 17.5485 0 0 0 
181000 100 62.36 0 10 6910.15 0 9.99002 1 29816.7 24.9153 0 0 0 
182000 100 71.99 0 10 6941.84 0 9.99007 1 33592.4 27.9849 0 0 0 
183000 100 71.05 0 10 7002.55 0 9.99013 1 37509.8 30.922 0 0 0 
184000 100 80.66 0 10 7061.35 0 9.99018 1 40078.1 33.0035 0 0 0 
185000 100 78.42 0 10 7107.12 0 9.99023 1 27962.8 22.9723 0 0 0 
186000 100 79.21 0 10 7175.82 0 9.99029 1 22492.5 18.4486 0 0 0 
187000 100 63.83 0 10 7239.07 0 9.99034 1 29142.9 23.8836 0 0 0 
188000 100 74.84 0 10 7331.13 0 9.99039 1 19546.2 16.0201 0 0 0 
189000 100 67.49 0 10 7426.36 0 9.99044 1 22693.7 18.5329 0 0 0 
190000 100 77.13 0 10 7515.15 0 9.99049 1 14633.1 11.9944 0 0 0 
191000 100 62.18 0 10 7623.18 0 9.99054 1 19478.5 15.9654 0 0 0 
192000 100 71.97 0 10 7722.56 0 9.99059 1 18769.5 15.3929 0 0 0 
193000 100 71.1 0 10 7804.97 0 9.99064 1 23863.5 19.5732 0 0 0 
194000 100 68.84 0 10 7896.93 0 9.99069 1 17880.2 14.6449 0 0 0 
195000 100 63.75 0 10 7989.02 0 9.99073 1 18442.5 15.1605 0 0 0 
196000 100 59.84 0 10 8098.76 0 9.99078 1 24510.5 20.1862 0 0 0 
197000 100 58.04 0 10 8188.94 0 9.99083 1 23028.3 18.9135 0 0 0 
198000 100 80.74 0 10 8261.42 0 9.99087 1 36825.7 30.4016 0 0 0 
199000 100 69.72 0 10 8304.73 0 9.99092 1 17982.6 14.8574 0 0 0 
200000 100 60.59 0 10 8372.12 0 9.99097 1 22708.4 18.6265 0 0 0 
201000 100 57.6 0 10 8430.51 0 9.99101 1 31453.7 25.7954 0 0 0 
202000 100 57.9 0 10 8503.96 0 9.99106 1 19923.5 16.3949 0 0 0 
203000 100 70.44 0 10 8604.21 0 9.9911 1 23481.8 19.2756 0 0 0 
204000 100 81.73 0 10 8694.1 0 9.99114 1 32039.9 26.0335 0 0 0 
205000 100 78.89 0 10 8753.18 0 9.99119 1 27715.3 22.3512 0 0 0 
206000 100 63.64 0 10 8848.31 0 9.99123 1 28031.5 22.5847 0 0 0 
207000 100 78 0 10 8924.72 0 9.99127 1 22740.2 18.381 0 0 0 
208000 100 78.04 0 10 8973.96 0 9.99131 1 26763 21.7108 0 0 0 
209000 100 66.86 0 10 9084.92 0 9.99136 1 22239 17.9509 0 0 0 
210000 100 68.26 0 10 9164.6 0 9.9914 1 17053.8 13.7569 0 0 0 
211000 100 78.58 0 10 9222.87 0 9.99144 1 21708.6 17.6031 0 0 0 
212000 100 67.3 0 10 9317.48 0 9.99148 1 24165.3 19.5175 0 0 0 
213000 100 74.16 0 10 9403.96 0 9.99152 1 20503.4 16.6179 0 0 0 
214000 100 72.02 0 10 9472.99 0 9.99156 1 23787.2 19.2876 0 0 0 
215000 100 85.85 0 10 9528.03 0 9.9916 1 27859.3 22.649 0 0 0 
216000 100 74.17 0 10 9615.69 0 9.99164 1 21732.3 17.6075 0 0 0 
217000 100 74.73 0 10 9651.26 0 9.99167 1 35922.2 29.1904 0 0 0 
218000 100 69.29 0 10 9738.13 0 9.99171 1 30922 25.1478 0 0 0 
219000 100 70.48 0 10 9813.96 0 9.99175 1 17983.7 14.5998 0 0 0 
220000 100 66.55 0 10 9809.65 0 9.99179 1 22264.2 17.9168 0 0 0 
221000 100 61.46 0 10 9908.25 0 9.99182 1 27067.6 21.9684 0 0 0 
222000 100 70.17 0 10 9992.03 0 9.99186 1 17886.7 14.5562 0 0 0 
223000 100 64.37 0 10 10107.4 0 9.9919 1 23312.1 19.0531 0 0 0 
224000 100 68.53 0 10 10174.9 0 9.99193 1 20170.7 16.3292 0 0 0 
225000 100 60.03 0 10 10187 0 9.99197 1 28813.7 23.4362 0 0 0 
226000 100 72.7 0 10 10257.5 0 9.99201 1 20462.3 16.6025 0 0 0 
227000 100 72.05 0 10 10358.3 0 9.99204 1 20377.3 16.5819 0 0 0 
228000 100 77.74 0 10 10418.1 0 9.99208 1 34559.7 28.5085 0 0 0 
229000 100 76.99 0 10 10494.5 0 9.99211 1 25013.2 20.6431 0 0 0 
230000 100 72.82 0 10 10547.2 0 9.99214 1 20431.2 16.7501 0 0 0 
231000 100 72.65 0 10 10672.4 0 9.99218 1 24557.8 20.0837 0 0 0 
232000 100 62.05 0 10 10744.5 0 9.99221 1 24979.8 20.4026 0 0 0 
233000 100 70.45 0 10 10778.4 0 9.99225 1 27929.8 22.8805 0 0 0 
234000 100 75.23 0 10 10839.1 0 9.99228 1 21158.3 17.402 0 0 0 
235000 100 64.83 0 10 10902.5 0 9.99231 1 29445.4 24.3056 0 0 0 
236000 100 73.32 0 10 10969.5 0 9.99234 1 28565 23.6055 0 0 0 
237000 100 69.75 0 10 11075.2 0 9.99238 1 21089.1 17.5481 0 0 0 
238000 100 73.04 0 10 11168.6 0 9.99241 1 24325.3 20.3088 0 0 0 
239000 100 78.74 0 10 11259 0 9.99244 1 29130.3 24.292 0 0 0 
240000 100 68.62 0 10 11353.7 0 9.99247 1 24132 20.0932 0 0 0 
241000 100 72.93 0 10 11429 0 9.9925 1 34205.5 28.5619 0 0 0 
242000 100 68.94 0 10 11498.4 0 9.99253 1 32762.7 27.4066 0 0 0 
243000 100 65.04 0 10 11536.5 0 9.99256 1 27665.4 23.0664 0 0 0 
244000 100 76.02 0 10 11607.5 0 9.9926 1 34985 29.1765 0 0 0 
245000 100 73.07 0 10 11680.1 0 9.99263 1 30468 25.3977 0 0 0 
246000 100 73.57 0 10 11740.5 0 9.99266 1 30151.3 25.0754 0 0 0 
247000 100 61.54 0 10 11782.6 0 9.99269 1 36785.2 30.6502 0 0 0 
248000 100 71.44 0 10 11832.6 0 9.99271 1 35362.2 29.4727 0 0 0 
249000 100 71.81 0 10 11879.1 0 9.99274 1 31336.5 26.0406 0 0 0 
250000 100 75.11 0 10 11950.8 0 9.99277 1 34385.5 28.6252 0 0 0 