# Avida Average Deme Data
# Wed Apr 16 17:19:46 2014
#  1: Update
#  2: Count
#  3: Age
#  4: Births
#  5: Organisms
#  6: Generation
#  7: Births (at last replication)
#  8: Organisms (at last replication)
#  9: Merit
# 10: Gestation Time
# 11: Time Used (normalized by org fitness)
# 12: Generations between current and last founders
# 13: Events killed
# 14: Attempts to kill event

0 100 0 0 1 0 0 0 1 0 0 0 0 0 
1000 100 35.01 0 10 6.05 0 8.21688 1 54173.1 46.6988 0 0 0 
2000 100 62.56 0 10 12.33 0 9.108 1 55615.8 47.9217 0 0 0 
3000 100 70.89 0 10 19.74 0 9.40523 1 55584.2 47.8862 0 0 0 
4000 100 81.18 0 10 27.95 0 9.55389 1 57374.8 49.4219 0 0 0 
5000 100 80.09 0 10 37.05 0 9.64309 1 52839.3 45.4239 0 0 0 
6000 100 102.3 0 10 42.92 0 9.70257 1 54855.4 47.0457 0 0 0 
7000 100 101.26 0 10 47.13 0 9.74505 1 52742.6 45.1916 0 0 0 
8000 100 100.97 0 10 53.52 0 9.77692 1 54016.2 46.4087 0 0 0 
9000 100 94.52 0 10 62.48 0 9.8017 1 56113.9 48.3754 0 0 0 
10000 100 93.16 0 10 67.6 0 9.82153 1 53057.8 45.7336 0 0 0 
11000 100 106.35 0 10 73.87 0 9.83775 1 59965.9 51.8149 0 0 0 
12000 100 111.45 0 10 81.91 0 9.85127 1 57292.1 49.3688 0 0 0 
13000 100 114.87 0 10 86.18 0 9.86271 1 57673.9 49.8318 0 0 0 
14000 100 125.54 0 10 89.21 0 9.87252 1 55745.9 48.0583 0 0 0 
15000 100 117.62 0 10 96.51 0 9.88101 1 57575.3 49.7098 0 0 0 
16000 100 108.1 0 10 104.09 0 9.88845 1 58180.1 50.2 0 0 0 
17000 100 100.18 0 10 112.46 0 9.89501 1 58634.7 50.7399 0 0 0 
18000 100 105.22 0 10 118.38 0 9.90084 1 59060.2 50.9913 0 0 0 
19000 100 103.2 0 10 121.91 0 9.90606 1 59419.8 51.2192 0 0 0 
20000 100 76.59 0 10 129.31 0 9.91076 1 58188.7 50.2692 0 0 0 
21000 100 69.84 0 10 134.99 0 9.91501 1 54328.7 46.9356 0 0 0 
22000 100 67.31 0 10 141.48 0 9.91887 1 57851.7 50.1552 0 0 0 
23000 100 80.77 0 10 146.96 0 9.9224 1 57580.4 49.7587 0 0 0 
24000 100 64.2 0 10 152.44 0 9.92563 1 59801.1 51.6357 0 0 0 
25000 100 62.14 0 10 159.72 0 9.92861 1 58120.8 50.2007 0 0 0 
26000 100 55.7 0 10 167.41 0 9.93135 1 58188.5 50.2916 0 0 0 
27000 100 57.68 0 10 178.55 0 9.9339 1 56043.1 48.4877 0 0 0 
28000 100 64.78 0 10 187.04 0 9.93626 1 57883.5 50.0095 0 0 0 
29000 100 63.19 0 10 196.02 0 9.93845 1 56719.3 49.1662 0 0 0 
30000 100 64.36 0 10 204.81 0 9.94051 1 56500.1 49.0863 0 0 0 
31000 100 74.81 0 10 210.31 0 9.94242 1 55310.5 48.2293 0 0 0 
32000 100 77.51 0 10 216.78 0 9.94422 1 51951.9 45.3341 0 0 0 
33000 100 66.62 0 10 223.95 0 9.94591 1 55206.4 47.9476 0 0 0 
34000 100 58.39 0 10 231.47 0 9.9475 1 56490.8 48.8253 0 0 0 
35000 100 70.69 0 10 241.21 0 9.949 1 52653.9 45.525 0 0 0 
36000 100 84.05 0 10 245.52 0 9.95042 1 55532.8 47.6161 0 0 0 
37000 100 84.03 0 10 255.36 0 9.95176 1 55444.2 47.4644 0 0 0 
38000 100 74.23 0 10 263.33 0 9.95303 1 56415.7 48.1977 0 0 0 
39000 100 62.6 0 10 270.91 0 9.95423 1 56427.6 48.2045 0 0 0 
40000 100 64.82 0 10 278.4 0 9.95538 1 54509.2 46.5277 0 0 0 
41000 100 64.93 0 10 283.97 0 9.95647 1 55688.4 47.5395 0 0 0 
42000 100 79.9 0 10 289.17 0 9.9575 1 57119.7 48.6357 0 0 0 
43000 100 91.85 0 10 299.3 0 9.95849 1 53468 45.6759 0 0 0 
44000 100 84.25 0 10 308.03 0 9.95944 1 56617.9 48.5022 0 0 0 
45000 100 81.55 0 10 314.29 0 9.96034 1 58270.8 50.0025 0 0 0 
46000 100 86.54 0 10 320.25 0 9.9612 1 56459.8 48.4012 0 0 0 
47000 100 81.03 0 10 326.94 0 9.96202 1 55603.1 47.7765 0 0 0 
48000 100 82.05 0 10 334.53 0 9.96282 1 51166.8 44.1169 0 0 0 
49000 100 68.44 0 10 339.68 0 9.96357 1 51628.9 44.5987 0 0 0 
50000 100 76.82 0 10 345 0 9.9643 1 54679 47.2935 0 0 0 
51000 100 74.45 0 10 355.03 0 9.965 1 53532.2 46.4766 0 0 0 
52000 100 65.82 0 10 363.85 0 9.96568 1 54301.6 47.2684 0 0 0 
53000 100 60.64 0 10 369.87 0 9.96632 1 56370 49.168 0 0 0 
54000 100 68.07 0 10 377.51 0 9.96695 1 55146.9 48.0822 0 0 0 
55000 100 84.61 0 10 382.34 0 9.96755 1 54964.3 47.9131 0 0 0 
56000 100 76.11 0 10 388.55 0 9.96813 1 57669.2 50.3454 0 0 0 
57000 100 81.14 0 10 394.61 0 9.96869 1 54894.5 48.0842 0 0 0 
58000 100 64.2 0 10 400.97 0 9.96923 1 56239.9 48.9393 0 0 0 
59000 100 60.2 0 10 406.95 0 9.96975 1 54057.1 46.9638 0 0 0 
60000 100 83.64 0 10 414.01 0 9.97025 1 53299.5 46.7811 0 0 0 
61000 100 94.8 0 10 420.99 0 9.97074 1 53753.1 46.9039 0 0 0 
62000 100 96.75 0 10 425.06 0 9.97121 1 57188.8 49.5632 0 0 0 
63000 100 103.76 0 10 430.07 0 9.97167 1 56878.5 49.3186 0 0 0 
64000 100 103.72 0 10 432.98 0 9.97211 1 52883.8 45.9105 0 0 0 
65000 100 98.71 0 10 438.2 0 9.97254 1 55789.4 48.1969 0 0 0 
66000 100 106.65 0 10 443.09 0 9.97296 1 54314.5 46.891 0 0 0 
67000 100 95.5 0 10 449.94 0 9.97336 1 54515.6 47.0066 0 0 0 
68000 100 104.99 0 10 460.85 0 9.97375 1 53063.3 45.5703 0 0 0 
69000 100 75.78 0 10 467.55 0 9.97413 1 56819.8 48.668 0 0 0 
70000 100 63.92 0 10 472.48 0 9.9745 1 54745.8 46.8784 0 0 0 
71000 100 81.95 0 10 477.33 0 9.97486 1 55419.4 47.7291 0 0 0 
72000 100 101.59 0 10 483.32 0 9.97521 1 56060.8 48.2744 0 0 0 
73000 100 86.03 0 10 493.12 0 9.97555 1 54315.8 46.335 0 0 0 
74000 100 104.11 0 10 495.43 0 9.97588 1 56375.6 48.1605 0 0 0 
75000 100 92.2 0 10 501.23 0 9.9762 1 57885.8 49.2496 0 0 0 
76000 100 91.85 0 10 506.96 0 9.97651 1 56036.5 47.7027 0 0 0 
77000 100 103.92 0 10 513.56 0 9.97682 1 57335.3 48.8489 0 0 0 
78000 100 87.78 0 10 520.94 0 9.97712 1 56757.6 48.3256 0 0 0 
79000 100 76.14 0 10 523.09 0 9.97741 1 58196.7 49.6524 0 0 0 
80000 100 69.31 0 10 523.76 0 9.97769 1 59992.3 51.2976 0 0 0 
81000 100 81.87 0 10 528.41 0 9.97796 1 58188.9 49.7898 0 0 0 
82000 100 79.5 0 10 532.96 0 9.97823 1 56974 48.7701 0 0 0 
83000 100 82.39 0 10 537.19 0 9.9785 1 59059.6 50.6981 0 0 0 
84000 100 82.07 0 10 538.79 0 9.97875 1 55822.7 47.9089 0 0 0 
85000 100 76.96 0 10 542.87 0 9.979 1 57384.7 49.2063 0 0 0 
86000 100 80.78 0 10 547.78 0 9.97925 1 55924.1 47.8971 0 0 0 
87000 100 64.53 0 10 554.89 0 9.97948 1 58191.6 49.7862 0 0 0 
88000 100 55.37 0 10 560.36 0 9.97972 1 59780.2 51.1033 0 0 0 
89000 100 71.98 0 10 565.89 0 9.97995 1 58893.2 50.2393 0 0 0 
90000 100 69.02 0 10 572.58 0 9.98017 1 56925.4 48.5313 0 0 0 
91000 100 62.72 0 10 580.51 0 9.98039 1 56126.6 47.8795 0 0 0 
92000 100 54.33 0 10 586.78 0 9.9806 1 59117.6 50.3606 0 0 0 
93000 100 66.32 0 10 592.05 0 9.98081 1 56227.7 47.7116 0 0 0 
94000 100 61.14 0 10 600.6 0 9.98101 1 55466.1 47.1446 0 0 0 
95000 100 66.07 0 10 608.16 0 9.98121 1 56493.6 48.0139 0 0 0 
96000 100 67.85 0 10 613.78 0 9.98141 1 56550.7 48.0902 0 0 0 
97000 100 67.7 0 10 622.93 0 9.9816 1 57956.2 49.1516 0 0 0 
98000 100 57.69 0 10 631.27 0 9.98179 1 54955.2 46.6123 0 0 0 
99000 100 63.81 0 10 636.83 0 9.98197 1 53497.1 45.3155 0 0 0 
100000 100 62.36 0 10 640.12 0 9.98215 1 57086.8 48.3995 0 0 0 
101000 100 67.41 0 10 648.13 0 9.98233 1 53607.9 45.4497 0 0 0 
102000 100 84.14 0 10 654.39 0 9.9825 1 55499.8 47.0107 0 0 0 
103000 100 82.95 0 10 658.3 0 9.98267 1 56378.7 47.7161 0 0 0 
104000 100 73.52 0 10 666.95 0 9.98284 1 57157.9 48.4217 0 0 0 
105000 100 92.27 0 10 675.78 0 9.983 1 57608.6 48.6314 0 0 0 
106000 100 88.74 0 10 684.55 0 9.98316 1 58715.5 49.5892 0 0 0 
107000 100 75.75 0 10 689.08 0 9.98332 1 53991.2 45.6809 0 0 0 
108000 100 73.21 0 10 695.36 0 9.98347 1 58832.1 49.8408 0 0 0 
109000 100 85.19 0 10 698.11 0 9.98362 1 56733.9 48.1505 0 0 0 
110000 100 80.23 0 10 703.22 0 9.98377 1 54557.8 46.1786 0 0 0 
111000 100 92.24 0 10 708.06 0 9.98392 1 58321.6 49.3972 0 0 0 
112000 100 111.16 0 10 714.98 0 9.98406 1 54669.6 46.407 0 0 0 
113000 100 95.59 0 10 722.57 0 9.9842 1 56756.4 48.3114 0 0 0 
114000 100 91.38 0 10 729.65 0 9.98434 1 51771.9 44.0433 0 0 0 
115000 100 73.71 0 10 735.42 0 9.98448 1 56675.4 48.1144 0 0 0 
116000 100 78.76 0 10 740.13 0 9.98461 1 55060.4 46.8036 0 0 0 
117000 100 87.13 0 10 746.88 0 9.98474 1 55691.2 47.3841 0 0 0 
118000 100 86.67 0 10 753.87 0 9.98487 1 55096.7 47.1156 0 0 0 
119000 100 98.41 0 10 760.44 0 9.985 1 56632.3 48.5601 0 0 0 
120000 100 102.27 0 10 767.69 0 9.98513 1 54652.4 46.7823 0 0 0 
121000 100 104.45 0 10 774.27 0 9.98525 1 55997.6 47.6714 0 0 0 
122000 100 106.58 0 10 780.14 0 9.98537 1 54946.4 46.7369 0 0 0 
123000 100 102.37 0 10 788.57 0 9.98549 1 56208.4 47.8518 0 0 0 
124000 100 98.4 0 10 797.57 0 9.98561 1 56636.8 48.1534 0 0 0 
125000 100 86.4 0 10 806.15 0 9.98572 1 56563.5 48.1285 0 0 0 
126000 100 98.46 0 10 809.86 0 9.98583 1 54195.8 45.9663 0 0 0 
127000 100 100.56 0 10 815.63 0 9.98595 1 57108.6 48.4953 0 0 0 
128000 100 102.43 0 10 822.47 0 9.98606 1 58410.2 49.3858 0 0 0 
129000 100 104.84 0 10 828.35 0 9.98616 1 56539.6 47.5242 0 0 0 
130000 100 81.62 0 10 834.51 0 9.98627 1 52790.3 44.5781 0 0 0 
131000 100 77.33 0 10 838.7 0 9.98637 1 58846.7 50.0259 0 0 0 
132000 100 59.5 0 10 846.61 0 9.98648 1 59772.6 50.9139 0 0 0 
133000 100 60.32 0 10 852.75 0 9.98658 1 59868.9 50.9875 0 0 0 
134000 100 76.29 0 10 862.11 0 9.98668 1 54229.9 46.1694 0 0 0 
135000 100 86.63 0 10 866.1 0 9.98678 1 54212.8 46.6716 0 0 0 
136000 100 90.04 0 10 875.87 0 9.98688 1 56274.9 48.3741 0 0 0 
137000 100 85.74 0 10 882 0 9.98697 1 56948.6 48.6989 0 0 0 
138000 100 86.26 0 10 894.81 0 9.98707 1 55076.1 47.3024 0 0 0 
139000 100 77.23 0 10 899.38 0 9.98716 1 57218.6 48.7833 0 0 0 
140000 100 93.74 0 10 913.15 0 9.98725 1 55483.2 47.2497 0 0 0 
141000 100 85.13 0 10 922.57 0 9.98734 1 58447.8 49.8942 0 0 0 
142000 100 80.07 0 10 924.1 0 9.98743 1 58761.6 49.9751 0 0 0 
143000 100 72.26 0 10 933.35 0 9.98752 1 55256.7 46.6195 0 0 0 
144000 100 67.46 0 10 951.11 0 9.9876 1 56281.8 47.5041 0 0 0 
145000 100 71.15 0 10 965.99 0 9.98769 1 56647.7 47.8243 0 0 0 
146000 100 64.36 0 10 981.82 0 9.98777 1 57861.2 48.9611 0 0 0 
147000 100 73.02 0 10 987.77 0 9.98786 1 58135.3 49.1594 0 0 0 
148000 100 70.45 0 10 993.55 0 9.98794 1 57421.2 48.6569 0 0 0 
149000 100 80.79 0 10 1001.45 0 9.98802 1 58925.3 50.0731 0 0 0 
150000 100 76.12 0 10 1006.56 0 9.9881 1 57683.7 48.8916 0 0 0 
151000 100 84.96 0 10 1011.9 0 9.98818 1 57740.4 48.7286 0 0 0 
152000 100 88.98 0 10 1021.25 0 9.98826 1 57782.6 48.8498 0 0 0 
153000 100 79.76 0 10 1026.88 0 9.98833 1 54123.6 45.9591 0 0 0 
154000 100 81.2 0 10 1034.04 0 9.98841 1 54411.4 46.2859 0 0 0 
155000 100 102.41 0 10 1041.03 0 9.98848 1 55752.3 47.3948 0 0 0 
156000 100 104.69 0 10 1049.06 0 9.98856 1 53933.3 45.7936 0 0 0 
157000 100 103.04 0 10 1056.08 0 9.98863 1 55361.5 46.9497 0 0 0 
158000 100 92.48 0 10 1062.14 0 9.9887 1 57134.7 48.5387 0 0 0 
159000 100 95.42 0 10 1063.97 0 9.98877 1 58059.3 49.3817 0 0 0 
160000 100 96.38 0 10 1066.53 0 9.98884 1 57778.8 48.998 0 0 0 
161000 100 75.51 0 10 1073.77 0 9.98891 1 56597.9 48.4121 0 0 0 
162000 100 71.31 0 10 1081.3 0 9.98898 1 55370 47.357 0 0 0 
163000 100 63.96 0 10 1089.15 0 9.98905 1 55161.5 47.0415 0 0 0 
164000 100 73.32 0 10 1097.48 0 9.98912 1 56083.6 47.8737 0 0 0 
165000 100 75.92 0 10 1102.85 0 9.98918 1 53105.5 45.2943 0 0 0 
166000 100 69.34 0 10 1109.25 0 9.98925 1 56417.2 48.2416 0 0 0 
167000 100 73.02 0 10 1122.62 0 9.98931 1 51692.6 44.3171 0 0 0 
168000 100 80.56 0 10 1133.39 0 9.98938 1 52387.1 44.7587 0 0 0 
169000 100 79.43 0 10 1140.87 0 9.98944 1 53926 45.9708 0 0 0 
170000 100 76.35 0 10 1144.64 0 9.9895 1 58282.8 49.6442 0 0 0 
171000 100 81.74 0 10 1154.26 0 9.98956 1 55951.5 47.6202 0 0 0 
172000 100 87.98 0 10 1160.94 0 9.98962 1 55828.3 47.3303 0 0 0 
173000 100 90.71 0 10 1171.32 0 9.98968 1 53595.8 45.3218 0 0 0 
174000 100 83.49 0 10 1177 0 9.98974 1 54233.3 45.6984 0 0 0 
175000 100 77.94 0 10 1185.14 0 9.9898 1 53024.9 44.5783 0 0 0 
176000 100 76.4 0 10 1188.07 0 9.98986 1 55698.5 46.9018 0 0 0 
177000 100 84.7 0 10 1194.91 0 9.98992 1 56700.7 47.834 0 0 0 
178000 100 85.94 0 10 1202.7 0 9.98997 1 53716.4 45.1307 0 0 0 
179000 100 105.68 0 10 1211.09 0 9.99003 1 54663.8 46.0031 0 0 0 
180000 100 115.08 0 10 1216.11 0 9.99008 1 57733.8 48.5142 0 0 0 
181000 100 96.16 0 10 1220.19 0 9.99014 1 57757.6 48.484 0 0 0 
182000 100 93.12 0 10 1222.95 0 9.99019 1 56104.2 46.8339 0 0 0 
183000 100 94.6 0 10 1232.36 0 9.99025 1 55890.3 46.5707 0 0 0 
184000 100 93.82 0 10 1238 0 9.9903 1 56162.8 46.8508 0 0 0 
185000 100 87.53 0 10 1243.15 0 9.99035 1 55527.1 46.3497 0 0 0 
186000 100 88.97 0 10 1248.63 0 9.9904 1 56230.6 47.064 0 0 0 
187000 100 95.34 0 10 1252.86 0 9.99046 1 57127.8 47.9351 0 0 0 
188000 100 81.1 0 10 1258.92 0 9.99051 1 56704.8 47.6585 0 0 0 
189000 100 95.63 0 10 1263.3 0 9.99056 1 58099.2 48.7994 0 0 0 
190000 100 96.78 0 10 1269.21 0 9.99061 1 55844.8 46.7303 0 0 0 
191000 100 103.63 0 10 1275.13 0 9.99066 1 58092.8 48.7886 0 0 0 
192000 100 85.4 0 10 1282.88 0 9.9907 1 56910.1 47.8781 0 0 0 
193000 100 64.5 0 10 1289.2 0 9.99075 1 56482.5 47.6892 0 0 0 
194000 100 70.25 0 10 1295.88 0 9.9908 1 57144.9 48.1842 0 0 0 
195000 100 84.78 0 10 1301.82 0 9.99085 1 56653 47.6819 0 0 0 
196000 100 78.9 0 10 1308.46 0 9.99089 1 57343.6 48.3075 0 0 0 
197000 100 81.62 0 10 1320.02 0 9.99094 1 55580.8 47.1762 0 0 0 
198000 100 85.31 0 10 1326.46 0 9.99099 1 57200.4 48.7502 0 0 0 
199000 100 72.33 0 10 1335.67 0 9.99103 1 59060.5 50.4282 0 0 0 
200000 100 66.69 0 10 1339.19 0 9.99108 1 60052.5 50.9314 0 0 0 
201000 100 58.22 0 10 1349.12 0 9.99112 1 59561.2 50.6041 0 0 0 
202000 100 63.5 0 10 1352.42 0 9.99116 1 58292.6 49.2348 0 0 0 
203000 100 83.16 0 10 1358.82 0 9.99121 1 56956.4 48.1972 0 0 0 
204000 100 67.02 0 10 1373.24 0 9.99125 1 56325.4 48.3327 0 0 0 
205000 100 70.69 0 10 1386.22 0 9.99129 1 57474.5 49.6675 0 0 0 
206000 100 84.48 0 10 1393.14 0 9.99134 1 56273.3 48.5181 0 0 0 
207000 100 101.57 0 10 1395.75 0 9.99138 1 59776.4 51.4824 0 0 0 
208000 100 86.48 0 10 1400.21 0 9.99142 1 57474.5 49.5234 0 0 0 
209000 100 77.63 0 10 1406.64 0 9.99146 1 60025.8 51.6705 0 0 0 
210000 100 92.09 0 10 1411.73 0 9.9915 1 58848.7 50.5357 0 0 0 
211000 100 84.22 0 10 1418.59 0 9.99154 1 56545.6 48.4491 0 0 0 
212000 100 83.6 0 10 1427.06 0 9.99158 1 56311.8 48.2322 0 0 0 
213000 100 89.56 0 10 1435.93 0 9.99162 1 54526.4 46.5664 0 0 0 
214000 100 97.98 0 10 1445.31 0 9.99166 1 54787.1 46.7767 0 0 0 
215000 100 86.63 0 10 1449.73 0 9.9917 1 54513.2 46.5609 0 0 0 
216000 100 94.38 0 10 1457.96 0 9.99174 1 55743.1 47.6264 0 0 0 
217000 100 89.18 0 10 1464.97 0 9.99177 1 57149.6 48.7496 0 0 0 
218000 100 85.82 0 10 1469.87 0 9.99181 1 57234.5 48.8088 0 0 0 
219000 100 88.79 0 10 1477.95 0 9.99185 1 57438 48.9364 0 0 0 
220000 100 95.19 0 10 1485.18 0 9.99189 1 59264.7 50.6533 0 0 0 
221000 100 106.2 0 10 1489.08 0 9.99192 1 59972.9 51.1018 0 0 0 
222000 100 96.63 0 10 1494.36 0 9.99196 1 56281.8 48.0188 0 0 0 
223000 100 110.73 0 10 1502.06 0 9.992 1 58731.3 50.1475 0 0 0 
224000 100 99.02 0 10 1510.88 0 9.99203 1 56176.5 48.1408 0 0 0 
225000 100 108.05 0 10 1514.61 0 9.99207 1 58822.9 50.4568 0 0 0 
226000 100 100.75 0 10 1518.94 0 9.9921 1 58622 50.3511 0 0 0 
227000 100 78.12 0 10 1526.11 0 9.99214 1 58455.7 50.3722 0 0 0 
228000 100 83.95 0 10 1532.74 0 9.99217 1 58394.4 50.3543 0 0 0 
229000 100 97.3 0 10 1538.29 0 9.99221 1 60062.9 51.3619 0 0 0 
230000 100 95.39 0 10 1545.2 0 9.99224 1 58209 49.9017 0 0 0 
231000 100 107.24 0 10 1553.12 0 9.99227 1 56807 48.5367 0 0 0 
232000 100 116.68 0 10 1559.43 0 9.99231 1 58701.8 50.1699 0 0 0 
233000 100 98.66 0 10 1566.94 0 9.99234 1 57137.3 48.8283 0 0 0 
234000 100 91.32 0 10 1574.2 0 9.99237 1 54443.8 46.3959 0 0 0 
235000 100 104.14 0 10 1584.08 0 9.9924 1 53104.1 45.2147 0 0 0 
236000 100 107.5 0 10 1592.21 0 9.99244 1 55358.5 47.093 0 0 0 
237000 100 90.19 0 10 1598.65 0 9.99247 1 55211.8 47.047 0 0 0 
238000 100 90.22 0 10 1608.5 0 9.9925 1 56053.9 47.5923 0 0 0 
239000 100 90.44 0 10 1617.07 0 9.99253 1 56137.9 47.3331 0 0 0 
240000 100 91.82 0 10 1623.05 0 9.99256 1 57426.4 48.397 0 0 0 
241000 100 76.03 0 10 1633.41 0 9.99259 1 54738 46.0135 0 0 0 
242000 100 85.05 0 10 1640.49 0 9.99262 1 55697.7 46.8531 0 0 0 
243000 100 79.49 0 10 1650.43 0 9.99265 1 55626.2 46.8217 0 0 0 
244000 100 96.42 0 10 1658.41 0 9.99268 1 58336.2 48.9793 0 0 0 
245000 100 87.16 0 10 1661.7 0 9.99271 1 57864.5 48.567 0 0 0 
246000 100 84.7 0 10 1668.08 0 9.99274 1 58156.5 48.9222 0 0 0 
247000 100 93.89 0 10 1678 0 9.99277 1 57636.7 48.6397 0 0 0 
248000 100 101.97 0 10 1683.73 0 9.9928 1 55504.5 46.7134 0 0 0 
249000 100 97.95 0 10 1689.8 0 9.99283 1 57279.3 48.1303 0 0 0 
250000 100 92.17 0 10 1697.49 0 9.99286 1 54746.2 46.0466 0 0 0 