# Avida Average Deme Data
# Wed Apr 16 08:08:31 2014
#  1: Update
#  2: Count
#  3: Age
#  4: Births
#  5: Organisms
#  6: Generation
#  7: Births (at last replication)
#  8: Organisms (at last replication)
#  9: Merit
# 10: Gestation Time
# 11: Time Used (normalized by org fitness)
# 12: Generations between current and last founders
# 13: Events killed
# 14: Attempts to kill event

0 100 0 0 1 0 0 0 1 0 0 0 0 0 
1000 100 27.32 0 10 6.27 0 8.204 1 54370.8 46.8168 0 0 0 
2000 100 35.46 0 10 12.01 0 9.10155 1 56020.2 48.3156 0 0 0 
3000 100 63.3 0 10 18.49 0 9.40093 1 55338 47.868 0 0 0 
4000 100 50.97 0 10 25.06 0 9.55066 1 55867.5 48.3139 0 0 0 
5000 100 66.56 0 10 32.04 0 9.64051 1 53920.7 46.5286 0 0 0 
6000 100 84.19 0 10 40.98 0 9.70042 1 56169.6 48.2929 0 0 0 
7000 100 98.01 0 10 46.19 0 9.74321 1 56171.2 48.3371 0 0 0 
8000 100 99.61 0 10 53.62 0 9.7753 1 53697.9 46.2355 0 0 0 
9000 100 86.1 0 10 58.54 0 9.80027 1 56291.6 48.4881 0 0 0 
10000 100 73.86 0 10 64.5 0 9.82024 1 55945.5 47.9669 0 0 0 
11000 100 70.6 0 10 70.84 0 9.83658 1 51641.6 44.4764 0 0 0 
12000 100 76.04 0 10 78.88 0 9.8502 1 54733.8 47.0237 0 0 0 
13000 100 83.97 0 10 85.12 0 9.86172 1 55037.2 47.3882 0 0 0 
14000 100 78.97 0 10 90.31 0 9.87159 1 55388.2 47.8521 0 0 0 
15000 100 66.62 0 10 93.78 0 9.88015 1 56306.4 48.5886 0 0 0 
16000 100 89.76 0 10 100.54 0 9.88764 1 54424.4 46.6551 0 0 0 
17000 100 84.54 0 10 106.03 0 9.89425 1 54606.1 46.637 0 0 0 
18000 100 79.07 0 10 109.69 0 9.90013 1 58059.5 49.498 0 0 0 
19000 100 71.87 0 10 113.78 0 9.90538 1 56085.4 47.6206 0 0 0 
20000 100 73.18 0 10 120.28 0 9.91011 1 51838.4 43.8337 0 0 0 
21000 100 86.94 0 10 127.98 0 9.91439 1 54252.4 45.7315 0 0 0 
22000 100 91.93 0 10 139.02 0 9.91829 1 54115.7 45.4461 0 0 0 
23000 100 88.12 0 10 145.9 0 9.92184 1 55222.1 46.2672 0 0 0 
24000 100 92.71 0 10 152.9 0 9.92509 1 53311.6 44.6302 0 0 0 
25000 100 100.13 0 10 161.23 0 9.92809 1 54689 45.9187 0 0 0 
26000 100 88.74 0 10 169.73 0 9.93086 1 54437.1 45.5454 0 0 0 
27000 100 100.08 0 10 174.78 0 9.93342 1 52760.8 44.079 0 0 0 
28000 100 112.34 0 10 182.74 0 9.9358 1 54615.3 45.5618 0 0 0 
29000 100 117.76 0 10 189.72 0 9.93801 1 54676.3 45.5032 0 0 0 
30000 100 92.68 0 10 192.89 0 9.94008 1 56000.9 46.533 0 0 0 
31000 100 71.67 0 10 200.24 0 9.94201 1 54630.3 45.3588 0 0 0 
32000 100 67.71 0 10 203.98 0 9.94382 1 55941.2 46.5495 0 0 0 
33000 100 86.83 0 10 204.65 0 9.94552 1 57673.9 48.1177 0 0 0 
34000 100 101.17 0 10 207.54 0 9.94713 1 58553.7 48.7043 0 0 0 
35000 100 88.75 0 10 213.67 0 9.94864 1 54176.2 45.1361 0 0 0 
36000 100 95.77 0 10 222.23 0 9.95006 1 55740.4 46.3352 0 0 0 
37000 100 105.63 0 10 227.18 0 9.95141 1 56018.8 46.3886 0 0 0 
38000 100 119.81 0 10 235.14 0 9.95269 1 56809.1 47.105 0 0 0 
39000 100 113.48 0 10 247.09 0 9.9539 1 52177 43.3929 0 0 0 
40000 100 107.1 0 10 252.59 0 9.95506 1 55642.2 46.3547 0 0 0 
41000 100 106.15 0 10 263.16 0 9.95615 1 56488.2 47.2304 0 0 0 
42000 100 124.36 0 10 263.33 0 9.9572 1 56224.1 46.8267 0 0 0 
43000 100 106.54 0 10 272.45 0 9.95819 1 56374.3 47.1092 0 0 0 
44000 100 112.55 0 10 275.15 0 9.95914 1 57563.8 47.9915 0 0 0 
45000 100 87.04 0 10 288.43 0 9.96005 1 56341.1 47.0005 0 0 0 
46000 100 103.45 0 10 295.76 0 9.96092 1 53834.6 44.7352 0 0 0 
47000 100 92.61 0 10 307.65 0 9.96175 1 51454.8 42.792 0 0 0 
48000 100 82.13 0 10 319.61 0 9.96255 1 53385.1 44.4154 0 0 0 
49000 100 93.62 0 10 347.22 0 9.96331 1 47300.7 39.6278 0 0 0 
50000 100 81.64 0 10 364.54 0 9.96404 1 44934.2 37.831 0 0 0 
51000 100 86.93 0 10 371.52 0 9.96475 1 50622.5 42.8015 0 0 0 
52000 100 80.69 0 10 385.9 0 9.96543 1 52658.1 44.4575 0 0 0 
53000 100 87.51 0 10 393.81 0 9.96608 1 53873.9 45.5753 0 0 0 
54000 100 82.39 0 10 405.03 0 9.96671 1 55734.8 47.1448 0 0 0 
55000 100 67.62 0 10 420.7 0 9.96731 1 45700.3 38.534 0 0 0 
56000 100 74.3 0 10 438.03 0 9.9679 1 52835.2 44.5125 0 0 0 
57000 100 80.19 0 10 447.43 0 9.96846 1 51349.1 43.2624 0 0 0 
58000 100 72.83 0 10 456.77 0 9.969 1 50818.8 43.0693 0 0 0 
59000 100 61.41 0 10 467.55 0 9.96953 1 53538.6 45.344 0 0 0 
60000 100 65.18 0 10 477.75 0 9.97004 1 52670.9 44.6263 0 0 0 
61000 100 75.6 0 10 492.79 0 9.97053 1 52610.4 44.6164 0 0 0 
62000 100 95.74 0 10 497.85 0 9.971 1 55971.8 47.6175 0 0 0 
63000 100 93.14 0 10 499.79 0 9.97146 1 54729.3 46.7606 0 0 0 
64000 100 101.29 0 10 507.63 0 9.97191 1 48785.7 41.6946 0 0 0 
65000 100 88.39 0 10 523.75 0 9.97234 1 49533.6 42.3725 0 0 0 
66000 100 72.65 0 10 542.14 0 9.97276 1 50218.8 42.851 0 0 0 
67000 100 87.54 0 10 556.1 0 9.97317 1 48394.9 41.1916 0 0 0 
68000 100 84.17 0 10 573.27 0 9.97356 1 45379 38.5305 0 0 0 
69000 100 75.76 0 10 588.21 0 9.97395 1 48191 40.9359 0 0 0 
70000 100 83.22 0 10 601.25 0 9.97432 1 52642.8 44.6371 0 0 0 
71000 100 75.62 0 10 619.36 0 9.97468 1 53543.3 45.4035 0 0 0 
72000 100 80.14 0 10 629.01 0 9.97503 1 47920.5 40.5275 0 0 0 
73000 100 76.19 0 10 629.77 0 9.97537 1 51910.8 43.5966 0 0 0 
74000 100 67.8 0 10 644.43 0 9.97571 1 58448.3 49.0942 0 0 0 
75000 100 83.41 0 10 652.08 0 9.97603 1 53275.1 44.4997 0 0 0 
76000 100 78.78 0 10 664.06 0 9.97635 1 53899.6 45.1069 0 0 0 
77000 100 76.16 0 10 689.95 0 9.97665 1 51840.9 43.8638 0 0 0 
78000 100 88.2 0 10 680.41 0 9.97695 1 50388.1 41.9205 0 0 0 
79000 100 93.95 0 10 698.47 0 9.97724 1 50929.7 42.4324 0 0 0 
80000 100 77.34 0 10 706.36 0 9.97753 1 52698.7 43.9072 0 0 0 
81000 100 75.09 0 10 709.2 0 9.97781 1 49233.2 40.6199 0 0 0 
82000 100 75.88 0 10 717.08 0 9.97808 1 54275.1 44.9519 0 0 0 
83000 100 65.46 0 10 723.6 0 9.97834 1 53404.1 44.1905 0 0 0 
84000 100 78.11 0 10 731.5 0 9.9786 1 54534.5 44.9529 0 0 0 
85000 100 81.16 0 10 736.71 0 9.97885 1 51849.2 42.921 0 0 0 
86000 100 83.29 0 10 743.46 0 9.9791 1 50645.4 42.0508 0 0 0 
87000 100 93.35 0 10 744.44 0 9.97934 1 50763 42.3632 0 0 0 
88000 100 93.61 0 10 751.04 0 9.97957 1 51000.7 42.8331 0 0 0 
89000 100 79.46 0 10 758.45 0 9.9798 1 55929.3 47.1198 0 0 0 
90000 100 82.59 0 10 767.13 0 9.98002 1 57220.3 48.2793 0 0 0 
91000 100 84.24 0 10 772.6 0 9.98024 1 55814 47.1341 0 0 0 
92000 100 82.61 0 10 778.4 0 9.98046 1 52518.1 44.2411 0 0 0 
93000 100 93.09 0 10 796.41 0 9.98067 1 47159.1 39.8451 0 0 0 
94000 100 86.83 0 10 826.75 0 9.98087 1 48967.4 41.3382 0 0 0 
95000 100 78.43 0 10 844.53 0 9.98108 1 48668.5 41.122 0 0 0 
96000 100 70.8 0 10 873.5 0 9.98127 1 49425.1 41.6371 0 0 0 
97000 100 76.71 0 10 896.59 0 9.98147 1 49129.3 41.3562 0 0 0 
98000 100 73.64 0 10 918.93 0 9.98166 1 45615.5 38.4402 0 0 0 
99000 100 90.02 0 10 925.52 0 9.98184 1 48685.1 41.1006 0 0 0 
100000 100 89.5 0 10 950.03 0 9.98202 1 45205.9 38.0521 0 0 0 
101000 100 94.36 0 10 972.66 0 9.9822 1 48147.5 40.5538 0 0 0 
102000 100 98.29 0 10 993.17 0 9.98237 1 44744.2 37.7025 0 0 0 
103000 100 68.15 0 10 1016.19 0 9.98255 1 44828.8 37.8034 0 0 0 
104000 100 83.73 0 10 1026.02 0 9.98271 1 45189.1 38.1914 0 0 0 
105000 100 86.73 0 10 1044.86 0 9.98288 1 45503.6 38.3529 0 0 0 
106000 100 72.57 0 10 1067.12 0 9.98304 1 46699.5 39.2989 0 0 0 
107000 100 81.72 0 10 1082.63 0 9.9832 1 52739.9 44.5025 0 0 0 
108000 100 80.68 0 10 1090.31 0 9.98335 1 47963.8 40.5442 0 0 0 
109000 100 75.22 0 10 1106.88 0 9.98351 1 47621.4 40.4043 0 0 0 
110000 100 65.65 0 10 1115 0 9.98366 1 52557.8 44.8107 0 0 0 
111000 100 74.69 0 10 1126.86 0 9.9838 1 44175.3 37.6639 0 0 0 
112000 100 67.93 0 10 1142.35 0 9.98395 1 45677.9 39.0854 0 0 0 
113000 100 82.1 0 10 1155.73 0 9.98409 1 46788.1 39.9016 0 0 0 
114000 100 75.95 0 10 1166.71 0 9.98423 1 47937.8 40.9434 0 0 0 
115000 100 80.87 0 10 1187.71 0 9.98437 1 45477.5 38.7703 0 0 0 
116000 100 66.88 0 10 1205.29 0 9.9845 1 47800.3 40.7694 0 0 0 
117000 100 77.07 0 10 1228.28 0 9.98463 1 51750.9 43.6748 0 0 0 
118000 100 74.4 0 10 1252.01 0 9.98476 1 46479 38.8686 0 0 0 
119000 100 67.83 0 10 1266.44 0 9.98489 1 43723.1 36.3109 0 0 0 
120000 100 84.38 0 10 1287.18 0 9.98502 1 45441.9 37.797 0 0 0 
121000 100 76.85 0 10 1301.43 0 9.98514 1 43889.3 36.5215 0 0 0 
122000 100 79.41 0 10 1311.95 0 9.98526 1 43827.4 36.8207 0 0 0 
123000 100 72.61 0 10 1326.94 0 9.98538 1 44157.4 37.0903 0 0 0 
124000 100 81.69 0 10 1335.72 0 9.9855 1 50526.4 42.3016 0 0 0 
125000 100 74.2 0 10 1343.2 0 9.98562 1 49919.3 41.9436 0 0 0 
126000 100 81 0 10 1350.78 0 9.98573 1 48584.9 41.1245 0 0 0 
127000 100 92.69 0 10 1360.53 0 9.98584 1 51656.3 43.1283 0 0 0 
128000 100 97.1 0 10 1369.69 0 9.98595 1 48566.7 40.4709 0 0 0 
129000 100 85.5 0 10 1383.95 0 9.98606 1 46315.6 38.5106 0 0 0 
130000 100 77.37 0 10 1394.24 0 9.98617 1 49090.4 40.7674 0 0 0 
131000 100 79.78 0 10 1400.48 0 9.98628 1 48656.4 40.5365 0 0 0 
132000 100 85.9 0 10 1407.9 0 9.98638 1 46045.1 38.5414 0 0 0 
133000 100 94.29 0 10 1429.97 0 9.98648 1 50583 42.3276 0 0 0 
134000 100 99.96 0 10 1443.64 0 9.98658 1 47051.3 39.4067 0 0 0 
135000 100 96.25 0 10 1452.69 0 9.98668 1 53705.8 44.9707 0 0 0 
136000 100 81.28 0 10 1463.71 0 9.98678 1 48903.2 41.0658 0 0 0 
137000 100 88.95 0 10 1470.08 0 9.98688 1 55077.5 46.3089 0 0 0 
138000 100 77.7 0 10 1486.66 0 9.98697 1 50257.8 42.2838 0 0 0 
139000 100 72.79 0 10 1494.37 0 9.98707 1 47339.8 39.7907 0 0 0 
140000 100 89.96 0 10 1501.33 0 9.98716 1 53549.3 44.9746 0 0 0 
141000 100 107.45 0 10 1502 0 9.98725 1 51400.6 43.3128 0 0 0 
142000 100 90.44 0 10 1504.79 0 9.98734 1 50684.2 42.5933 0 0 0 
143000 100 73.46 0 10 1518.99 0 9.98743 1 46612.4 39.1924 0 0 0 
144000 100 83.56 0 10 1534.93 0 9.98752 1 45197.7 37.4045 0 0 0 
145000 100 95.51 0 10 1548.85 0 9.9876 1 49369.2 40.5718 0 0 0 
146000 100 100.54 0 10 1565.59 0 9.98769 1 46038.8 37.7784 0 0 0 
147000 100 96.12 0 10 1575.27 0 9.98777 1 45177.3 37.3267 0 0 0 
148000 100 78.56 0 10 1575.68 0 9.98785 1 45760.4 37.6384 0 0 0 
149000 100 75.21 0 10 1582.41 0 9.98793 1 45562.1 37.2977 0 0 0 
150000 100 81.18 0 10 1592.68 0 9.98801 1 46570.9 38.3556 0 0 0 
151000 100 75.1 0 10 1604 0 9.98809 1 48522.2 39.702 0 0 0 
152000 100 74.27 0 10 1610.18 0 9.98817 1 49637.8 40.7947 0 0 0 
153000 100 85.46 0 10 1625.25 0 9.98825 1 46577.7 38.046 0 0 0 
154000 100 87.61 0 10 1627.35 0 9.98833 1 49519 40.7635 0 0 0 
155000 100 73.1 0 10 1632.39 0 9.9884 1 49486.2 41.0441 0 0 0 
156000 100 81.22 0 10 1657.36 0 9.98848 1 48270.6 39.5182 0 0 0 
157000 100 77.67 0 10 1678.31 0 9.98855 1 49320.7 40.1429 0 0 0 
158000 100 81.32 0 10 1694.68 0 9.98862 1 50976.6 41.0251 0 0 0 
159000 100 71.21 0 10 1705.53 0 9.98869 1 47100 38.0068 0 0 0 
160000 100 68.18 0 10 1717.47 0 9.98876 1 48632.7 38.8994 0 0 0 
161000 100 69.87 0 10 1723.47 0 9.98883 1 51726.6 41.4482 0 0 0 
162000 100 79.77 0 10 1741.43 0 9.9889 1 48765.2 38.8776 0 0 0 
163000 100 69.42 0 10 1757.28 0 9.98897 1 47336.5 37.8831 0 0 0 
164000 100 67.94 0 10 1771.8 0 9.98904 1 46551.8 37.2536 0 0 0 
165000 100 65.39 0 10 1784.88 0 9.9891 1 50104.1 40.1181 0 0 0 
166000 100 73.68 0 10 1803.02 0 9.98917 1 50262 40.3277 0 0 0 
167000 100 83.42 0 10 1827.86 0 9.98923 1 47117.6 37.792 0 0 0 
168000 100 79.99 0 10 1845.57 0 9.9893 1 52119.8 41.741 0 0 0 
169000 100 91.04 0 10 1863.76 0 9.98936 1 52998.6 42.5535 0 0 0 
170000 100 96.42 0 10 1889.23 0 9.98942 1 49284.1 39.4604 0 0 0 
171000 100 89.34 0 10 1898.13 0 9.98949 1 50238.7 40.3292 0 0 0 
172000 100 83.05 0 10 1913.04 0 9.98955 1 49441.5 39.5783 0 0 0 
173000 100 89.25 0 10 1939.96 0 9.98961 1 46642.6 37.2981 0 0 0 
174000 100 82.78 0 10 1961.15 0 9.98967 1 47992.2 38.3224 0 0 0 
175000 100 92.1 0 10 1966.38 0 9.98973 1 46737.1 37.3654 0 0 0 
176000 100 82.66 0 10 1983.7 0 9.98979 1 48779.2 39.1568 0 0 0 
177000 100 95.65 0 10 2008.86 0 9.98984 1 50968.7 41.072 0 0 0 
178000 100 89.05 0 10 2028.01 0 9.9899 1 49942.1 40.3366 0 0 0 
179000 100 73.68 0 10 2041.47 0 9.98996 1 45387.3 36.7542 0 0 0 
180000 100 71.17 0 10 2049.86 0 9.99001 1 52089.2 42.0354 0 0 0 
181000 100 66.47 0 10 2060.26 0 9.99007 1 50961.2 41.0887 0 0 0 
182000 100 77.63 0 10 2072.6 0 9.99012 1 50037.9 40.2315 0 0 0 
183000 100 85.29 0 10 2084.09 0 9.99018 1 49376.9 39.5887 0 0 0 
184000 100 74.64 0 10 2097.84 0 9.99023 1 47932.4 38.3875 0 0 0 
185000 100 79.29 0 10 2106.8 0 9.99028 1 52186.7 41.8991 0 0 0 
186000 100 93.12 0 10 2115.57 0 9.99033 1 53948.2 43.7024 0 0 0 
187000 100 86.93 0 10 2125.74 0 9.99039 1 50558.5 41.2966 0 0 0 
188000 100 71.26 0 10 2138.16 0 9.99044 1 53375.6 43.6127 0 0 0 
189000 100 70.99 0 10 2145.77 0 9.99049 1 53796.5 43.9922 0 0 0 
190000 100 82.34 0 10 2157.21 0 9.99054 1 47775.2 38.9739 0 0 0 
191000 100 78.26 0 10 2165.85 0 9.99059 1 49701 40.5161 0 0 0 
192000 100 87.62 0 10 2172.01 0 9.99064 1 54469.9 44.367 0 0 0 
193000 100 75.01 0 10 2182.6 0 9.99069 1 51389.9 42.032 0 0 0 
194000 100 65.77 0 10 2203.15 0 9.99073 1 48844.8 40.0083 0 0 0 
195000 100 79.54 0 10 2207.06 0 9.99078 1 51395.6 42.1365 0 0 0 
196000 100 93.95 0 10 2215.16 0 9.99083 1 52956.5 43.4555 0 0 0 
197000 100 77.62 0 10 2229.96 0 9.99087 1 46880.5 38.3618 0 0 0 
198000 100 65.63 0 10 2240.49 0 9.99092 1 50789.2 41.5422 0 0 0 
199000 100 87.95 0 10 2255.65 0 9.99097 1 48953 39.8743 0 0 0 
200000 100 87.64 0 10 2268.33 0 9.99101 1 52273.7 42.6396 0 0 0 
201000 100 90.16 0 10 2278.75 0 9.99106 1 50782.4 41.3709 0 0 0 
202000 100 74.97 0 10 2288.55 0 9.9911 1 50246 40.8893 0 0 0 
203000 100 71.08 0 10 2302.68 0 9.99114 1 44107.3 35.8515 0 0 0 
204000 100 79.52 0 10 2313.97 0 9.99119 1 46028.3 37.3245 0 0 0 
205000 100 88.85 0 10 2324.62 0 9.99123 1 51078.4 41.2954 0 0 0 
206000 100 85.7 0 10 2331.05 0 9.99127 1 48267.2 39.1239 0 0 0 
207000 100 87.39 0 10 2358.37 0 9.99132 1 54902 44.0728 0 0 0 
208000 100 70.43 0 10 2376.57 0 9.99136 1 47407.3 37.7698 0 0 0 
209000 100 76.11 0 10 2399.56 0 9.9914 1 52417.1 41.3811 0 0 0 
210000 100 77.07 0 10 2406.63 0 9.99144 1 55184.5 43.5084 0 0 0 
211000 100 83.33 0 10 2422.11 0 9.99148 1 47882.8 37.5669 0 0 0 
212000 100 75.34 0 10 2441.55 0 9.99152 1 48553.8 37.9911 0 0 0 
213000 100 82.06 0 10 2452.66 0 9.99156 1 50568.9 39.5434 0 0 0 
214000 100 72.43 0 10 2462.16 0 9.9916 1 50951.1 39.8852 0 0 0 
215000 100 82.39 0 10 2478.97 0 9.99164 1 44950.2 35.1332 0 0 0 
216000 100 61.08 0 10 2496.94 0 9.99168 1 46277.7 36.1756 0 0 0 
217000 100 88.05 0 10 2502.16 0 9.99172 1 47271.4 37.1157 0 0 0 
218000 100 93.38 0 10 2517.8 0 9.99175 1 52248.3 41.0094 0 0 0 
219000 100 88.35 0 10 2536.04 0 9.99179 1 49700.1 38.6855 0 0 0 
220000 100 93.39 0 10 2555.5 0 9.99183 1 47270.8 36.7913 0 0 0 
221000 100 78.37 0 10 2555 0 9.99187 1 48471 38.1092 0 0 0 
222000 100 75.33 0 10 2525.25 0 9.9919 1 49105.2 38.7611 0 0 0 
223000 100 77.57 0 10 2544.68 0 9.99194 1 52578.7 41.4043 0 0 0 
224000 100 82.79 0 10 2555.91 0 9.99197 1 53901.2 42.3428 0 0 0 
225000 100 83.94 0 10 2608.65 0 9.99201 1 53953.3 42.4465 0 0 0 
226000 100 82.49 0 10 2595.43 0 9.99205 1 50354.7 39.5463 0 0 0 
227000 100 76.77 0 10 2594.37 0 9.99208 1 51674.2 40.5352 0 0 0 
228000 100 74.3 0 10 2595.55 0 9.99211 1 48908.2 38.4953 0 0 0 
229000 100 86.77 0 10 2629.09 0 9.99215 1 47744 37.6257 0 0 0 
230000 100 84.33 0 10 2635.85 0 9.99218 1 52018 40.9415 0 0 0 
231000 100 97.29 0 10 2653.86 0 9.99222 1 49337.7 38.868 0 0 0 
232000 100 88.43 0 10 2666.55 0 9.99225 1 49208.3 38.6193 0 0 0 
233000 100 88.27 0 10 2678.73 0 9.99228 1 47229.1 36.917 0 0 0 
234000 100 73.9 0 10 2687.82 0 9.99232 1 49497.2 38.6653 0 0 0 
235000 100 77.19 0 10 2705.44 0 9.99235 1 51824.6 40.2196 0 0 0 
236000 100 61.46 0 10 2713.45 0 9.99238 1 51846.3 40.2739 0 0 0 
237000 100 71.74 0 10 2727.01 0 9.99241 1 49565.4 38.7053 0 0 0 
238000 100 89.74 0 10 2740.52 0 9.99245 1 48158.8 37.5525 0 0 0 
239000 100 83.75 0 10 2763.81 0 9.99248 1 52952.1 41.4815 0 0 0 
240000 100 83.13 0 10 2783.54 0 9.99251 1 49616.8 38.8273 0 0 0 
241000 100 84.46 0 10 2802.26 0 9.99254 1 49696.7 38.9457 0 0 0 
242000 100 79.07 0 10 2818.62 0 9.99257 1 50702.1 39.9415 0 0 0 
243000 100 82.62 0 10 2840.15 0 9.9926 1 49592.3 39.0663 0 0 0 
244000 100 70.2 0 10 2865.99 0 9.99263 1 52395.4 41.0252 0 0 0 
245000 100 67.91 0 10 2876.27 0 9.99266 1 54252.8 42.4667 0 0 0 
246000 100 92.88 0 10 2888.3 0 9.99269 1 48212.7 37.8465 0 0 0 
247000 100 90.51 0 10 2900.23 0 9.99272 1 52114.1 40.9018 0 0 0 
248000 100 82.79 0 10 2909.68 0 9.99275 1 49439.9 38.9661 0 0 0 
249000 100 72.48 0 10 2920.06 0 9.99278 1 51176.1 40.309 0 0 0 
250000 100 81.45 0 10 2928.28 0 9.99281 1 48716.9 38.4173 0 0 0 