# Avida Average Deme Data
# Tue Apr 15 21:43:10 2014
#  1: Update
#  2: Count
#  3: Age
#  4: Births
#  5: Organisms
#  6: Generation
#  7: Births (at last replication)
#  8: Organisms (at last replication)
#  9: Merit
# 10: Gestation Time
# 11: Time Used (normalized by org fitness)
# 12: Generations between current and last founders
# 13: Events killed
# 14: Attempts to kill event

0 100 0 0 1 0 0 0 1 0 0 0 0 0 
1000 100 17.37 0 10 6.15 0 8.19121 1 54828.5 47.2409 0 0 0 
2000 100 38.4 0 10 12.4 0 9.09515 1 57084.3 49.1269 0 0 0 
3000 100 46.35 0 10 18.43 0 9.39667 1 55541.5 47.751 0 0 0 
4000 100 65.22 0 10 23.61 0 9.54746 1 53325.5 45.8703 0 0 0 
5000 100 77.87 0 10 29.5 0 9.63795 1 56280.7 48.5429 0 0 0 
6000 100 75.22 0 10 35.12 0 9.69828 1 55101.6 47.6173 0 0 0 
7000 100 83.12 0 10 42.95 0 9.74138 1 55072.6 47.6948 0 0 0 
8000 100 89.1 0 10 49.43 0 9.7737 1 56120.9 48.6966 0 0 0 
9000 100 101.59 0 10 54.59 0 9.79884 1 58015.7 50.338 0 0 0 
10000 100 103.79 0 10 63.05 0 9.81896 1 55687.1 48.3653 0 0 0 
11000 100 111.76 0 10 69.39 0 9.83541 1 58307.9 50.6481 0 0 0 
12000 100 118.16 0 10 76.1 0 9.84913 1 59044.6 51.2056 0 0 0 
13000 100 112.67 0 10 79.29 0 9.86073 1 59966.9 52.0279 0 0 0 
14000 100 109.34 0 10 86.15 0 9.87068 1 55598.8 48.0923 0 0 0 
15000 100 103.68 0 10 93.37 0 9.8793 1 56015.8 48.4228 0 0 0 
16000 100 100.03 0 10 100.35 0 9.88684 1 58717.5 50.9094 0 0 0 
17000 100 105.05 0 10 106.26 0 9.8935 1 58540.5 50.7419 0 0 0 
18000 100 100.86 0 10 110.61 0 9.89942 1 58518.4 50.7092 0 0 0 
19000 100 94.11 0 10 117.06 0 9.90471 1 53465 46.255 0 0 0 
20000 100 88.84 0 10 123.8 0 9.90947 1 55652.4 48.2193 0 0 0 
21000 100 81.77 0 10 130.53 0 9.91379 1 56473.1 48.9576 0 0 0 
22000 100 95.79 0 10 135.36 0 9.9177 1 56747.3 49.1241 0 0 0 
23000 100 96.58 0 10 140.77 0 9.92128 1 55112.2 47.7415 0 0 0 
24000 100 89.47 0 10 145.6 0 9.92456 1 57930.9 50.2627 0 0 0 
25000 100 84.27 0 10 152.85 0 9.92758 1 56385.6 48.6712 0 0 0 
26000 100 88.72 0 10 153.44 0 9.93036 1 59782 51.4317 0 0 0 
27000 100 84.33 0 10 156.72 0 9.93294 1 59306.9 51.1266 0 0 0 
28000 100 87.68 0 10 165.22 0 9.93534 1 56156.7 48.3677 0 0 0 
29000 100 82.7 0 10 171.47 0 9.93757 1 57998.5 49.9115 0 0 0 
30000 100 96.96 0 10 174.47 0 9.93965 1 59547.9 51.4119 0 0 0 
31000 100 96.13 0 10 180.71 0 9.9416 1 59068.2 51.1531 0 0 0 
32000 100 96.04 0 10 184.1 0 9.94342 1 57064.3 49.46 0 0 0 
33000 100 89.08 0 10 188.92 0 9.94513 1 58168.7 50.4933 0 0 0 
34000 100 109.01 0 10 191.07 0 9.94675 1 58444.4 50.9808 0 0 0 
35000 100 100.19 0 10 198.57 0 9.94827 1 60080.9 52.0908 0 0 0 
36000 100 106.03 0 10 199.63 0 9.94971 1 59965.1 52.1972 0 0 0 
37000 100 107.72 0 10 204.04 0 9.95107 1 60108.6 52.3234 0 0 0 
38000 100 121.83 0 10 205.92 0 9.95235 1 60044.3 52.4174 0 0 0 
39000 100 117.52 0 10 211.88 0 9.95358 1 60018 52.4675 0 0 0 
40000 100 125.36 0 10 216.34 0 9.95474 1 60044.6 52.5694 0 0 0 
41000 100 129.54 0 10 219.62 0 9.95584 1 60076.3 52.6755 0 0 0 
42000 100 134.61 0 10 224.02 0 9.95689 1 59998.7 52.5065 0 0 0 
43000 100 129.92 0 10 229.06 0 9.95789 1 59978.9 52.4522 0 0 0 
44000 100 115.4 0 10 234.18 0 9.95885 1 59915.6 52.3644 0 0 0 
45000 100 121.4 0 10 239.12 0 9.95977 1 59895.3 52.3742 0 0 0 
46000 100 113.64 0 10 244.18 0 9.96064 1 59933.9 52.3895 0 0 0 
47000 100 116.2 0 10 249.16 0 9.96148 1 60080.7 52.5275 0 0 0 
48000 100 101.9 0 10 254.27 0 9.96228 1 59915.6 52.3689 0 0 0 
49000 100 111 0 10 259.2 0 9.96305 1 59911.7 52.3934 0 0 0 
50000 100 131.8 0 10 264.04 0 9.96379 1 60142.6 52.7894 0 0 0 
51000 100 134.4 0 10 269.02 0 9.9645 1 60007.7 52.9728 0 0 0 
52000 100 137 0 10 274 0 9.96518 1 60000.4 52.9384 0 0 0 
53000 100 137 0 10 279 0 9.96584 1 60038.5 52.823 0 0 0 
54000 100 137 0 10 284 0 9.96647 1 59994.4 52.8679 0 0 0 
55000 100 137 0 10 289 0 9.96708 1 60056 52.8059 0 0 0 
56000 100 137 0 10 294 0 9.96767 1 59912.2 52.9308 0 0 0 
57000 100 137 0 10 299 0 9.96824 1 60041 52.9744 0 0 0 
58000 100 137 0 10 304 0 9.96878 1 60050.9 52.9458 0 0 0 
59000 100 134.66 0 10 309.02 0 9.96931 1 59954.3 52.7576 0 0 0 
60000 100 133.42 0 10 314.04 0 9.96982 1 59730.4 52.6558 0 0 0 
61000 100 137 0 10 319 0 9.97032 1 59995.8 53.1548 0 0 0 
62000 100 137.57 0 10 324.02 0 9.9708 1 60009.6 53.3801 0 0 0 
63000 100 141.91 0 10 329 0 9.97126 1 59974.3 53.2774 0 0 0 
64000 100 144.93 0 10 334 0 9.97171 1 59820.6 53.4213 0 0 0 
65000 100 143.36 0 10 339 0 9.97215 1 59972.2 53.6044 0 0 0 
66000 100 147.1 0 10 344 0 9.97257 1 59941.4 53.3662 0 0 0 
67000 100 146.39 0 10 349.02 0 9.97298 1 59992.8 53.589 0 0 0 
68000 100 151.4 0 10 354.03 0 9.97337 1 59764.8 53.2633 0 0 0 
69000 100 155.27 0 10 359.02 0 9.97376 1 59842.9 53.2505 0 0 0 
70000 100 154.42 0 10 364 0 9.97413 1 59974.9 53.449 0 0 0 
71000 100 159.06 0 10 369.04 0 9.9745 1 59958.1 53.1782 0 0 0 
72000 100 162.43 0 10 374.02 0 9.97485 1 60066.2 53.1845 0 0 0 
73000 100 146.67 0 10 379.09 0 9.9752 1 59825.5 53.2494 0 0 0 
74000 100 144.55 0 10 384.08 0 9.97553 1 60044.9 53.2176 0 0 0 
75000 100 150.43 0 10 389.06 0 9.97586 1 59948.4 52.9022 0 0 0 
76000 100 154.26 0 10 394.02 0 9.97618 1 59947.7 53.1549 0 0 0 
77000 100 151.79 0 10 399.04 0 9.97649 1 59759 52.8356 0 0 0 
78000 100 156.68 0 10 404.06 0 9.97679 1 60018.7 52.9455 0 0 0 
79000 100 155.54 0 10 409.12 0 9.97708 1 59933.1 52.9161 0 0 0 
80000 100 163.8 0 10 414.11 0 9.97737 1 59938.9 52.8377 0 0 0 
81000 100 158.52 0 10 419.16 0 9.97765 1 59578.4 52.5718 0 0 0 
82000 100 164.8 0 10 424.15 0 9.97792 1 59947.9 52.9016 0 0 0 
83000 100 171.22 0 10 429.08 0 9.97819 1 59986.6 53.1182 0 0 0 
84000 100 176.48 0 10 434.04 0 9.97845 1 60030.4 53.2005 0 0 0 
85000 100 181.4 0 10 439.06 0 9.9787 1 59978.3 53.2146 0 0 0 
86000 100 179.84 0 10 444.08 0 9.97895 1 59829.2 53.0267 0 0 0 
87000 100 179.56 0 10 449.06 0 9.97919 1 59943.3 53.1939 0 0 0 
88000 100 164.32 0 10 454.16 0 9.97943 1 59970.5 52.9958 0 0 0 
89000 100 171.54 0 10 459.1 0 9.97966 1 60021.9 52.9157 0 0 0 
90000 100 178.82 0 10 464.06 0 9.97988 1 59971.4 52.922 0 0 0 
91000 100 174.44 0 10 469.08 0 9.9801 1 60033.4 53.0235 0 0 0 
92000 100 170.8 0 10 474.1 0 9.98032 1 59895.2 52.9534 0 0 0 
93000 100 189 0 10 479 0 9.98053 1 59968.3 53.0557 0 0 0 
94000 100 189 0 10 484 0 9.98074 1 60047.9 53.1494 0 0 0 
95000 100 189 0 10 489 0 9.98094 1 59884.6 53.164 0 0 0 
96000 100 186.44 0 10 494.02 0 9.98114 1 59617.3 52.7966 0 0 0 
97000 100 186.44 0 10 499.02 0 9.98133 1 59976.9 53.1949 0 0 0 
98000 100 177.3 0 10 504.12 0 9.98152 1 59986.2 53.4149 0 0 0 
99000 100 175.84 0 10 509.12 0 9.98171 1 59624.2 53.2058 0 0 0 
100000 100 176.88 0 10 514.09 0 9.98189 1 59933 53.4257 0 0 0 
101000 100 172.36 0 10 519.13 0 9.98207 1 60099.3 53.5315 0 0 0 
102000 100 159.56 0 10 524.23 0 9.98225 1 60136.3 53.4159 0 0 0 
103000 100 151.88 0 10 529.29 0 9.98242 1 60039.1 53.3302 0 0 0 
104000 100 138.75 0 10 534.43 0 9.98259 1 60083.5 53.4311 0 0 0 
105000 100 126.9 0 10 539.5 0 9.98276 1 60060.7 53.5438 0 0 0 
106000 100 116.21 0 10 544.63 0 9.98292 1 60037.7 53.3188 0 0 0 
107000 100 122.78 0 10 549.59 0 9.98308 1 59833.4 52.9379 0 0 0 
108000 100 116.16 0 10 554.65 0 9.98324 1 59916.5 52.6629 0 0 0 
109000 100 102.82 0 10 559.76 0 9.98339 1 59659.7 52.6148 0 0 0 
110000 100 101.14 0 10 564.75 0 9.98354 1 59682.8 52.7281 0 0 0 
111000 100 102.42 0 10 569.74 0 9.98369 1 59687.6 52.7231 0 0 0 
112000 100 84.44 0 10 574.84 0 9.98383 1 59750 52.9326 0 0 0 
113000 100 79.37 0 10 579.95 0 9.98398 1 59232.7 52.7166 0 0 0 
114000 100 84.7 0 10 584.91 0 9.98412 1 59891.8 53.394 0 0 0 
115000 100 86.96 0 10 589.97 0 9.98426 1 59860.2 53.4089 0 0 0 
116000 100 71.2 0 10 595.03 0 9.98439 1 59896.4 53.6164 0 0 0 
117000 100 63.82 0 10 600.16 0 9.98452 1 60013 53.7509 0 0 0 
118000 100 63.89 0 10 605.23 0 9.98466 1 59171.9 53.1231 0 0 0 
119000 100 65.92 0 10 610.29 0 9.98479 1 59802.1 53.6468 0 0 0 
120000 100 61.17 0 10 615.94 0 9.98491 1 59957.2 53.8602 0 0 0 
121000 100 58.99 0 10 620.67 0 9.98504 1 59114.1 53.1124 0 0 0 
122000 100 61.37 0 10 625.32 0 9.98516 1 59949.2 53.723 0 0 0 
123000 100 62.29 0 10 630.18 0 9.98528 1 59991.1 53.6502 0 0 0 
124000 100 59.98 0 10 635.18 0 9.9854 1 60067.9 53.5892 0 0 0 
125000 100 60.35 0 10 640.12 0 9.98552 1 59908.5 53.6709 0 0 0 
126000 100 59.73 0 10 645.24 0 9.98563 1 59890 53.7955 0 0 0 
127000 100 61.92 0 10 650 0 9.98574 1 59992.3 53.8868 0 0 0 
128000 100 61.52 0 10 655 0 9.98585 1 60070.3 53.9139 0 0 0 
129000 100 65.39 0 10 660 0 9.98596 1 59935.3 53.7874 0 0 0 
130000 100 62.45 0 10 665.02 0 9.98607 1 60061 53.6923 0 0 0 
131000 100 65.66 0 10 670 0 9.98618 1 59902.9 53.6189 0 0 0 
132000 100 66.53 0 10 675 0 9.98628 1 59985.2 53.7066 0 0 0 
133000 100 64.73 0 10 680 0 9.98639 1 59965.1 53.7269 0 0 0 
134000 100 70.23 0 10 685 0 9.98649 1 60091.9 53.6868 0 0 0 
135000 100 66.69 0 10 690 0 9.98659 1 60031.4 53.5177 0 0 0 
136000 100 61 0 10 695 0 9.98669 1 60089.4 53.4456 0 0 0 
137000 100 61 0 10 700 0 9.98678 1 59996.4 53.4492 0 0 0 
138000 100 61 0 10 705 0 9.98688 1 59936.4 53.486 0 0 0 
139000 100 63.08 0 10 710.01 0 9.98697 1 60000.3 53.3901 0 0 0 
140000 100 65.02 0 10 715 0 9.98707 1 59912.5 53.4885 0 0 0 
141000 100 63.06 0 10 720.03 0 9.98716 1 59758 53.5224 0 0 0 
142000 100 64.08 0 10 725.01 0 9.98725 1 59986.6 53.6519 0 0 0 
143000 100 61 0 10 730 0 9.98734 1 60177.6 53.511 0 0 0 
144000 100 61 0 10 735 0 9.98743 1 59949.3 52.9586 0 0 0 
145000 100 61 0 10 740 0 9.98751 1 60210.5 53.1523 0 0 0 
146000 100 61 0 10 745 0 9.9876 1 60023.1 52.9867 0 0 0 
147000 100 61 0 10 750 0 9.98768 1 60049.7 52.8838 0 0 0 
148000 100 61 0 10 755 0 9.98777 1 59848.9 52.9546 0 0 0 
149000 100 61 0 10 760 0 9.98785 1 60183.4 53.086 0 0 0 
150000 100 61 0 10 765 0 9.98793 1 59895.8 53.2542 0 0 0 
151000 100 61 0 10 770 0 9.98801 1 59943.4 53.5939 0 0 0 
152000 100 61 0 10 775 0 9.98809 1 59903.4 53.5765 0 0 0 
153000 100 61 0 10 780 0 9.98817 1 59938.6 53.5404 0 0 0 
154000 100 61 0 10 785 0 9.98824 1 60082.8 53.402 0 0 0 
155000 100 61.78 0 10 790 0 9.98832 1 60048.8 53.6007 0 0 0 
156000 100 61.6 0 10 795.02 0 9.98839 1 60038.4 53.7538 0 0 0 
157000 100 65.07 0 10 800.04 0 9.98847 1 59863.9 53.5139 0 0 0 
158000 100 65.98 0 10 805.05 0 9.98854 1 59386.5 52.9108 0 0 0 
159000 100 72.72 0 10 810.12 0 9.98861 1 59870.1 53.8256 0 0 0 
160000 100 75.6 0 10 815.19 0 9.98868 1 59967.2 54.0384 0 0 0 
161000 100 75.56 0 10 820.08 0 9.98875 1 59841.1 54.0703 0 0 0 
162000 100 77.78 0 10 825.09 0 9.98882 1 60152.1 54.4254 0 0 0 
163000 100 70.16 0 10 830.05 0 9.98889 1 59904.6 53.5513 0 0 0 
164000 100 70.28 0 10 835.08 0 9.98896 1 60032.2 54.0006 0 0 0 
165000 100 67.72 0 10 840.07 0 9.98903 1 60015.2 53.3136 0 0 0 
166000 100 62.21 0 10 845.1 0 9.98909 1 59854.6 53.3361 0 0 0 
167000 100 72.29 0 10 850.11 0 9.98916 1 60191.9 53.3431 0 0 0 
168000 100 80.03 0 10 855.06 0 9.98922 1 59766.3 52.8275 0 0 0 
169000 100 66.89 0 10 860.16 0 9.98929 1 60187.2 53.1643 0 0 0 
170000 100 69.38 0 10 865.14 0 9.98935 1 59934.3 52.4174 0 0 0 
171000 100 69.85 0 10 870.1 0 9.98941 1 60343.8 52.3416 0 0 0 
172000 100 67.99 0 10 875.13 0 9.98947 1 60357.8 52.3569 0 0 0 
173000 100 65.04 0 10 880.11 0 9.98953 1 60180.8 52.0469 0 0 0 
174000 100 67.75 0 10 885.12 0 9.98959 1 60131.2 52.2682 0 0 0 
175000 100 72.21 0 10 890.16 0 9.98965 1 60167.1 52.9775 0 0 0 
176000 100 68.63 0 10 895.2 0 9.98971 1 60029.5 53.0559 0 0 0 
177000 100 62.47 0 10 900.2 0 9.98977 1 60366.5 53.4543 0 0 0 
178000 100 65.1 0 10 905.09 0 9.98983 1 59978.5 53.418 0 0 0 
179000 100 57.31 0 10 910.15 0 9.98988 1 60135.2 53.2221 0 0 0 
180000 100 51.74 0 10 915.29 0 9.98994 1 59860.3 53.3376 0 0 0 
181000 100 60.28 0 10 920.2 0 9.99 1 60224.5 53.6697 0 0 0 
182000 100 67.34 0 10 925.17 0 9.99005 1 59734.8 53.5065 0 0 0 
183000 100 72.72 0 10 930.08 0 9.99011 1 60348.8 53.5154 0 0 0 
184000 100 71.89 0 10 935.15 0 9.99016 1 59981.4 52.6927 0 0 0 
185000 100 72.1 0 10 940.12 0 9.99021 1 60666 53.1031 0 0 0 
186000 100 83.21 0 10 945.08 0 9.99027 1 60268.9 53.5479 0 0 0 
187000 100 83.01 0 10 950.12 0 9.99032 1 60029 53.4118 0 0 0 
188000 100 87.79 0 10 955.16 0 9.99037 1 60034.2 53.6188 0 0 0 
189000 100 88.34 0 10 960.23 0 9.99042 1 59986.6 53.7763 0 0 0 
190000 100 82.36 0 10 965.16 0 9.99047 1 60327.8 53.7836 0 0 0 
191000 100 84.73 0 10 970.18 0 9.99052 1 60395.6 54.1744 0 0 0 
192000 100 82.4 0 10 975.22 0 9.99057 1 60304.4 53.6666 0 0 0 
193000 100 77.81 0 10 980.22 0 9.99062 1 60580.9 53.6865 0 0 0 
194000 100 75.16 0 10 985.08 0 9.99067 1 60224.3 53.5101 0 0 0 
195000 100 74.01 0 10 990.16 0 9.99071 1 60179.7 52.9346 0 0 0 
196000 100 68.98 0 10 995.12 0 9.99076 1 60297.5 53.0411 0 0 0 
197000 100 70.06 0 10 1000.16 0 9.99081 1 60154.2 52.8358 0 0 0 
198000 100 69.23 0 10 1005.1 0 9.99086 1 59977.2 52.8855 0 0 0 
199000 100 66.36 0 10 1010.14 0 9.9909 1 60157.6 52.7 0 0 0 
200000 100 64.09 0 10 1015.1 0 9.99095 1 58985.7 51.8688 0 0 0 
201000 100 64.71 0 10 1021.11 0 9.99099 1 59250.5 51.999 0 0 0 
202000 100 60.48 0 10 1026.23 0 9.99104 1 60063.7 52.3112 0 0 0 
203000 100 61.5 0 10 1031.23 0 9.99108 1 59973.4 52.1549 0 0 0 
204000 100 61.09 0 10 1036.57 0 9.99112 1 60003 52.3722 0 0 0 
205000 100 64.17 0 10 1041.92 0 9.99117 1 60081 52.3438 0 0 0 
206000 100 63.25 0 10 1046.79 0 9.99121 1 60007.6 52.2257 0 0 0 
207000 100 65.31 0 10 1052.59 0 9.99125 1 59835.6 52.1766 0 0 0 
208000 100 64.91 0 10 1056.93 0 9.9913 1 60020.2 52.383 0 0 0 
209000 100 64.85 0 10 1061.61 0 9.99134 1 59947.6 52.3148 0 0 0 
210000 100 66.63 0 10 1066.65 0 9.99138 1 59960.1 52.399 0 0 0 
211000 100 70.17 0 10 1073.04 0 9.99142 1 60008.2 52.4088 0 0 0 
212000 100 72.87 0 10 1078.99 0 9.99146 1 58324.5 50.9625 0 0 0 
213000 100 69.18 0 10 1094.16 0 9.9915 1 52936.5 45.9454 0 0 0 
214000 100 62.72 0 10 1115.59 0 9.99154 1 48733.9 42.1504 0 0 0 
215000 100 62.55 0 10 1127.08 0 9.99158 1 53545 46.4392 0 0 0 
216000 100 71.23 0 10 1138.47 0 9.99162 1 48148.1 41.7064 0 0 0 
217000 100 67.37 0 10 1157.67 0 9.99166 1 47911.8 41.5259 0 0 0 
218000 100 86.26 0 10 1183.99 0 9.99169 1 55188.2 47.668 0 0 0 
219000 100 82.11 0 10 1187.6 0 9.99173 1 56278.2 48.5251 0 0 0 
220000 100 97.25 0 10 1194.9 0 9.99177 1 51871.9 44.7708 0 0 0 
221000 100 87.37 0 10 1208.51 0 9.99181 1 53409.4 45.9997 0 0 0 
222000 100 79.56 0 10 1220.62 0 9.99184 1 48566.4 41.6707 0 0 0 
223000 100 89.81 0 10 1242.68 0 9.99188 1 51876.3 44.5567 0 0 0 
224000 100 86.42 0 10 1256.9 0 9.99192 1 42990.9 37.1015 0 0 0 
225000 100 80.07 0 10 1277.43 0 9.99195 1 43163.9 37.1657 0 0 0 
226000 100 77.59 0 10 1305.31 0 9.99199 1 40173.7 34.4411 0 0 0 
227000 100 71.76 0 10 1336.55 0 9.99202 1 46374 39.8045 0 0 0 
228000 100 89.6 0 10 1368.54 0 9.99206 1 44314.5 38.099 0 0 0 
229000 100 78.1 0 10 1374.11 0 9.99209 1 49604.2 42.3446 0 0 0 
230000 100 84.22 0 10 1377.35 0 9.99213 1 45450 38.7017 0 0 0 
231000 100 71.51 0 10 1403.92 0 9.99216 1 36395.8 30.8647 0 0 0 
232000 100 80.77 0 10 1427.88 0 9.9922 1 48481.7 40.9911 0 0 0 
233000 100 78.52 0 10 1446.44 0 9.99223 1 43228 36.53 0 0 0 
234000 100 86.46 0 10 1500.15 0 9.99226 1 39393.3 33.1789 0 0 0 
235000 100 77.85 0 10 1523.85 0 9.9923 1 41908.4 35.2468 0 0 0 
236000 100 83.33 0 10 1552.95 0 9.99233 1 38690.1 32.3802 0 0 0 
237000 100 56.21 0 10 1571.07 0 9.99236 1 47357.2 39.5017 0 0 0 
238000 100 82.82 0 10 1594.59 0 9.99239 1 44905.4 37.5344 0 0 0 
239000 100 68.75 0 10 1632.84 0 9.99242 1 44975.1 37.6902 0 0 0 
240000 100 90.18 0 10 1657.66 0 9.99246 1 42751 35.7734 0 0 0 
241000 100 71.59 0 10 1684.19 0 9.99249 1 40359.7 33.6101 0 0 0 
242000 100 80.06 0 10 1701.44 0 9.99252 1 46875.7 38.9253 0 0 0 
243000 100 72.53 0 10 1728.44 0 9.99255 1 47540.1 39.6072 0 0 0 
244000 100 89.72 0 10 1760.1 0 9.99258 1 42175 34.8802 0 0 0 
245000 100 73.58 0 10 1798.92 0 9.99261 1 41528.9 34.359 0 0 0 
246000 100 82.66 0 10 1830.21 0 9.99264 1 49230.1 40.7882 0 0 0 
247000 100 70.74 0 10 1853.73 0 9.99267 1 42589.9 35.3628 0 0 0 
248000 100 58.8 0 10 1882.14 0 9.9927 1 43685.9 36.1669 0 0 0 
249000 100 75.25 0 10 1912.82 0 9.99273 1 43155.7 35.6945 0 0 0 
250000 100 75.05 0 10 1935.98 0 9.99276 1 46276.5 38.3803 0 0 0 