# Avida Average Deme Data
# Thu Apr 17 01:37:39 2014
#  1: Update
#  2: Count
#  3: Age
#  4: Births
#  5: Organisms
#  6: Generation
#  7: Births (at last replication)
#  8: Organisms (at last replication)
#  9: Merit
# 10: Gestation Time
# 11: Time Used (normalized by org fitness)
# 12: Generations between current and last founders
# 13: Events killed
# 14: Attempts to kill event

0 100 0 0 1 0 0 0 1 0 0 0 0 0 
1000 100 35.9 0 10 6.05 0 8.20669 1 56749.9 48.8957 0 0 0 
2000 100 64.33 0 10 13.6 0 9.1029 1 53779.3 46.323 0 0 0 
3000 100 73.79 0 10 21.52 0 9.40183 1 54923.1 47.2581 0 0 0 
4000 100 87.34 0 10 29.82 0 9.55134 1 57822.5 49.7741 0 0 0 
5000 100 83.88 0 10 38.03 0 9.64105 1 55746.5 48.0063 0 0 0 
6000 100 71.69 0 10 45.57 0 9.70087 1 56572.2 48.7733 0 0 0 
7000 100 78.63 0 10 51.72 0 9.74359 1 55770.5 47.9455 0 0 0 
8000 100 78.75 0 10 60.99 0 9.77564 1 57753.3 49.7494 0 0 0 
9000 100 83.75 0 10 66.56 0 9.80057 1 58160.5 50.1997 0 0 0 
10000 100 94.51 0 10 74.32 0 9.82051 1 55121.7 47.6335 0 0 0 
11000 100 96.02 0 10 83.01 0 9.83682 1 57592.3 49.7142 0 0 0 
12000 100 95.36 0 10 88.01 0 9.85042 1 53676.9 46.3978 0 0 0 
13000 100 95.89 0 10 94.59 0 9.86193 1 55624.3 47.9519 0 0 0 
14000 100 94.39 0 10 102.67 0 9.87179 1 52966.6 45.6643 0 0 0 
15000 100 79.24 0 10 107.04 0 9.88033 1 56135.8 48.4068 0 0 0 
16000 100 66.26 0 10 112.23 0 9.88781 1 54597.9 47.1906 0 0 0 
17000 100 73.64 0 10 115.26 0 9.89441 1 55616.3 47.964 0 0 0 
18000 100 92.25 0 10 121.86 0 9.90028 1 56208.7 48.4057 0 0 0 
19000 100 83.4 0 10 130.67 0 9.90553 1 54504.5 47.0421 0 0 0 
20000 100 84.2 0 10 139.38 0 9.91025 1 54662.9 47.5437 0 0 0 
21000 100 99.02 0 10 144.4 0 9.91452 1 55720 48.6174 0 0 0 
22000 100 108.46 0 10 151.35 0 9.91841 1 57014.2 49.7091 0 0 0 
23000 100 111.38 0 10 158.52 0 9.92196 1 55023.1 48.0733 0 0 0 
24000 100 89.07 0 10 166.71 0 9.92521 1 56009.3 48.827 0 0 0 
25000 100 78.47 0 10 170.46 0 9.9282 1 54804.6 47.8139 0 0 0 
26000 100 69.76 0 10 177.13 0 9.93096 1 56006.6 49.0128 0 0 0 
27000 100 76.57 0 10 183.81 0 9.93352 1 56449.9 49.605 0 0 0 
28000 100 80.93 0 10 192.58 0 9.93589 1 56585.5 49.9538 0 0 0 
29000 100 76.7 0 10 194.5 0 9.9381 1 55540.6 48.7406 0 0 0 
30000 100 58.71 0 10 198.09 0 9.94017 1 56915 49.8898 0 0 0 
31000 100 56.44 0 10 202.9 0 9.9421 1 54923.8 48.1222 0 0 0 
32000 100 70.03 0 10 208.15 0 9.9439 1 57925.4 50.6069 0 0 0 
33000 100 84.98 0 10 217.2 0 9.9456 1 55744.4 48.7377 0 0 0 
34000 100 85.71 0 10 227.42 0 9.9472 1 48019.6 41.9251 0 0 0 
35000 100 81.88 0 10 234.65 0 9.94871 1 53884.9 46.9541 0 0 0 
36000 100 97.91 0 10 242.34 0 9.95014 1 56289.9 49.1708 0 0 0 
37000 100 80.52 0 10 248.65 0 9.95149 1 50832.8 44.4132 0 0 0 
38000 100 76.76 0 10 256.04 0 9.95276 1 53031.5 46.3802 0 0 0 
39000 100 96.7 0 10 265.42 0 9.95397 1 51858.7 45.3471 0 0 0 
40000 100 111.01 0 10 272.28 0 9.95512 1 53714.5 47.1138 0 0 0 
41000 100 95.84 0 10 279.68 0 9.95622 1 52933.7 46.4297 0 0 0 
42000 100 111.3 0 10 286.91 0 9.95726 1 54467.9 47.7431 0 0 0 
43000 100 97.62 0 10 296.07 0 9.95825 1 56087.6 49.1254 0 0 0 
44000 100 90.09 0 10 300.2 0 9.9592 1 57525.8 50.4972 0 0 0 
45000 100 104.97 0 10 304.8 0 9.96011 1 58668.7 51.792 0 0 0 
46000 100 101.8 0 10 308.69 0 9.96098 1 54586.5 48.2534 0 0 0 
47000 100 90.07 0 10 317.02 0 9.96181 1 55921.4 49.1536 0 0 0 
48000 100 108.47 0 10 320.94 0 9.9626 1 58675.3 51.558 0 0 0 
49000 100 93.26 0 10 330.68 0 9.96337 1 52653.1 46.5445 0 0 0 
50000 100 103.25 0 10 338.86 0 9.9641 1 53021.2 46.956 0 0 0 
51000 100 73.89 0 10 347.23 0 9.9648 1 55091.4 49.1027 0 0 0 
52000 100 89.15 0 10 352.2 0 9.96548 1 55798.6 49.6638 0 0 0 
53000 100 82.66 0 10 364.04 0 9.96613 1 52662.8 46.8275 0 0 0 
54000 100 94.68 0 10 374.35 0 9.96676 1 53214.8 47.3507 0 0 0 
55000 100 83.44 0 10 384.09 0 9.96736 1 53329.9 47.5526 0 0 0 
56000 100 78.47 0 10 389.16 0 9.96795 1 54786.1 48.8917 0 0 0 
57000 100 72.28 0 10 398.94 0 9.96851 1 52579.6 46.9633 0 0 0 
58000 100 71.41 0 10 405.27 0 9.96905 1 55018.2 49.1551 0 0 0 
59000 100 80.18 0 10 422.34 0 9.96958 1 55684.1 49.7372 0 0 0 
60000 100 84.17 0 10 430.92 0 9.97008 1 52989.8 47.3125 0 0 0 
61000 100 87.48 0 10 441.12 0 9.97057 1 55406.1 49.5965 0 0 0 
62000 100 65.48 0 10 451.58 0 9.97105 1 57491.9 51.3585 0 0 0 
63000 100 78.73 0 10 468.31 0 9.97151 1 51267.6 45.8188 0 0 0 
64000 100 79.02 0 10 475.78 0 9.97195 1 52454.7 46.9331 0 0 0 
65000 100 89.11 0 10 490.97 0 9.97238 1 57203.2 51.1933 0 0 0 
66000 100 70.7 0 10 500.12 0 9.9728 1 52777.6 47.3732 0 0 0 
67000 100 73.6 0 10 504.92 0 9.97321 1 53967.5 48.6003 0 0 0 
68000 100 74.16 0 10 513.76 0 9.9736 1 53488.7 48.1046 0 0 0 
69000 100 89.47 0 10 521.39 0 9.97398 1 56447.1 50.7748 0 0 0 
70000 100 80.45 0 10 528.98 0 9.97436 1 54393.7 48.9987 0 0 0 
71000 100 81.2 0 10 536.53 0 9.97472 1 54521.4 48.8617 0 0 0 
72000 100 101.43 0 10 546.6 0 9.97507 1 50996.8 45.7172 0 0 0 
73000 100 94.32 0 10 550.28 0 9.97541 1 53279.5 47.5568 0 0 0 
74000 100 93.2 0 10 558.35 0 9.97574 1 56388.8 49.9576 0 0 0 
75000 100 77.41 0 10 566.35 0 9.97607 1 53225.4 47.0679 0 0 0 
76000 100 83.73 0 10 572.7 0 9.97638 1 54778.2 48.6225 0 0 0 
77000 100 86.22 0 10 580.44 0 9.97669 1 51841.8 46.1008 0 0 0 
78000 100 88.6 0 10 587.46 0 9.97699 1 53618.6 47.5672 0 0 0 
79000 100 96.81 0 10 604.76 0 9.97728 1 51211.2 45.1905 0 0 0 
80000 100 97.54 0 10 610.92 0 9.97756 1 58741.6 51.8988 0 0 0 
81000 100 77.02 0 10 615.08 0 9.97784 1 53996.8 47.7013 0 0 0 
82000 100 85.58 0 10 621.91 0 9.97811 1 54442.1 47.8019 0 0 0 
83000 100 78.86 0 10 632.39 0 9.97837 1 53974.9 47.3907 0 0 0 
84000 100 79.41 0 10 639.68 0 9.97863 1 56238.6 49.3438 0 0 0 
85000 100 69.01 0 10 648.76 0 9.97888 1 57716 50.5946 0 0 0 
86000 100 70.44 0 10 639.31 0 9.97913 1 54474 48.2695 0 0 0 
87000 100 62.23 0 10 649.38 0 9.97937 1 55434.8 48.8497 0 0 0 
88000 100 61.83 0 10 649.99 0 9.9796 1 55800.2 49.5455 0 0 0 
89000 100 84.29 0 10 661.71 0 9.97983 1 52878 46.9023 0 0 0 
90000 100 73.69 0 10 670.97 0 9.98005 1 55444.1 49.2429 0 0 0 
91000 100 58.34 0 10 684.14 0 9.98027 1 55517.8 49.219 0 0 0 
92000 100 102.47 0 10 697.59 0 9.98049 1 56917.8 50.0826 0 0 0 
93000 100 93.93 0 10 696.84 0 9.9807 1 54785.6 48.3858 0 0 0 
94000 100 87.09 0 10 695.58 0 9.9809 1 54409.3 48.1569 0 0 0 
95000 100 71.69 0 10 698.9 0 9.9811 1 56548.1 50.4027 0 0 0 
96000 100 73.47 0 10 702.51 0 9.9813 1 56672.2 50.4967 0 0 0 
97000 100 74.24 0 10 700.7 0 9.98149 1 55417.5 49.5861 0 0 0 
98000 100 84.29 0 10 704.46 0 9.98168 1 56147 50.3866 0 0 0 
99000 100 75.88 0 10 703.69 0 9.98187 1 58201.9 52.6132 0 0 0 
100000 100 65.89 0 10 708.07 0 9.98205 1 53910.8 48.7625 0 0 0 
101000 100 61.33 0 10 714.98 0 9.98223 1 56051.2 50.5686 0 0 0 
102000 100 76.36 0 10 718.78 0 9.9824 1 55738.6 50.2153 0 0 0 
103000 100 77.24 0 10 726.56 0 9.98257 1 55310.3 49.6173 0 0 0 
104000 100 70.57 0 10 733.96 0 9.98274 1 56789 50.9714 0 0 0 
105000 100 84.13 0 10 741.78 0 9.9829 1 54842.3 49.0119 0 0 0 
106000 100 74.43 0 10 749.01 0 9.98307 1 53130.3 47.5606 0 0 0 
107000 100 77.19 0 10 754.67 0 9.98322 1 58776 52.5753 0 0 0 
108000 100 94.01 0 10 759.01 0 9.98338 1 57514.5 51.3496 0 0 0 
109000 100 76.69 0 10 766.34 0 9.98353 1 56840.9 50.8696 0 0 0 
110000 100 77.91 0 10 772.8 0 9.98368 1 57870.2 51.8675 0 0 0 
111000 100 75.95 0 10 778.87 0 9.98383 1 56098.9 50.137 0 0 0 
112000 100 82.23 0 10 785.6 0 9.98397 1 54672.3 48.7814 0 0 0 
113000 100 89.04 0 10 793.23 0 9.98411 1 58080.2 51.8203 0 0 0 
114000 100 80.08 0 10 801.3 0 9.98425 1 54664.9 48.7913 0 0 0 
115000 100 82.77 0 10 807.74 0 9.98439 1 55213.5 49.1642 0 0 0 
116000 100 80.09 0 10 811.55 0 9.98453 1 56862.9 50.5444 0 0 0 
117000 100 88.8 0 10 816.83 0 9.98466 1 56462.2 50.3373 0 0 0 
118000 100 88.23 0 10 823.98 0 9.98479 1 54603.7 48.5772 0 0 0 
119000 100 94.29 0 10 831.6 0 9.98492 1 56120.2 49.7292 0 0 0 
120000 100 104.1 0 10 843.29 0 9.98504 1 56778.7 50.1248 0 0 0 
121000 100 119.45 0 10 850.91 0 9.98516 1 54443.9 47.9777 0 0 0 
122000 100 100.01 0 10 856.75 0 9.98529 1 56463.3 49.8895 0 0 0 
123000 100 96.58 0 10 864.14 0 9.98541 1 56920.3 50.3003 0 0 0 
124000 100 92.63 0 10 872.76 0 9.98552 1 53746.6 47.5453 0 0 0 
125000 100 89.96 0 10 877.18 0 9.98564 1 58133.9 51.4261 0 0 0 
126000 100 80.28 0 10 884.97 0 9.98575 1 54024.4 47.8441 0 0 0 
127000 100 72.4 0 10 893.35 0 9.98587 1 54581.9 48.5097 0 0 0 
128000 100 76.66 0 10 905.48 0 9.98598 1 53795.8 47.6903 0 0 0 
129000 100 78.58 0 10 910.6 0 9.98608 1 56192.9 49.6681 0 0 0 
130000 100 83.56 0 10 918.38 0 9.98619 1 54865.9 48.6355 0 0 0 
131000 100 89.07 0 10 925.46 0 9.9863 1 57433.2 50.9825 0 0 0 
132000 100 79.39 0 10 937.56 0 9.9864 1 54777.2 48.161 0 0 0 
133000 100 81.36 0 10 943.78 0 9.9865 1 59120 51.9394 0 0 0 
134000 100 96.26 0 10 949.89 0 9.9866 1 57488.6 50.504 0 0 0 
135000 100 108.13 0 10 957.68 0 9.9867 1 54903.5 48.1252 0 0 0 
136000 100 91.19 0 10 967.07 0 9.9868 1 56835.3 49.8963 0 0 0 
137000 100 83.8 0 10 978.13 0 9.9869 1 55389.7 48.4288 0 0 0 
138000 100 64.39 0 10 983.48 0 9.98699 1 57954 50.7599 0 0 0 
139000 100 62.22 0 10 990.53 0 9.98709 1 54963.5 48.2189 0 0 0 
140000 100 58.76 0 10 996.28 0 9.98718 1 56611.4 49.7847 0 0 0 
141000 100 51.95 0 10 1005.02 0 9.98727 1 55154.2 48.5231 0 0 0 
142000 100 72.15 0 10 1013.83 0 9.98736 1 55889.3 49.0745 0 0 0 
143000 100 85.73 0 10 1019.68 0 9.98745 1 57452.6 50.4244 0 0 0 
144000 100 69.22 0 10 1027.19 0 9.98753 1 53818.2 47.1976 0 0 0 
145000 100 65.08 0 10 1035.87 0 9.98762 1 55828.1 48.9986 0 0 0 
146000 100 84.24 0 10 1042.88 0 9.9877 1 56066.9 49.3775 0 0 0 
147000 100 91.47 0 10 1045.98 0 9.98779 1 56145.9 49.658 0 0 0 
148000 100 91.72 0 10 1056.27 0 9.98787 1 56598.4 50.0029 0 0 0 
149000 100 95.82 0 10 1058.31 0 9.98795 1 57824.4 51.3874 0 0 0 
150000 100 109.98 0 10 1063.04 0 9.98803 1 56744.8 50.1791 0 0 0 
151000 100 93.78 0 10 1072.86 0 9.98811 1 57368 50.7347 0 0 0 
152000 100 119.62 0 10 1076.41 0 9.98819 1 59919 53.2053 0 0 0 
153000 100 113.66 0 10 1079.52 0 9.98827 1 60042.4 53.2489 0 0 0 
154000 100 100.2 0 10 1087.01 0 9.98834 1 59983.1 52.9231 0 0 0 
155000 100 105.75 0 10 1092.8 0 9.98842 1 60029.4 52.8521 0 0 0 
156000 100 115.01 0 10 1096.29 0 9.98849 1 60106.2 52.9383 0 0 0 
157000 100 116.23 0 10 1101.67 0 9.98857 1 60081.2 52.8371 0 0 0 
158000 100 108.03 0 10 1107 0 9.98864 1 59759.1 52.3808 0 0 0 
159000 100 92.37 0 10 1115.31 0 9.98871 1 58020.6 50.9302 0 0 0 
160000 100 105.83 0 10 1120.81 0 9.98878 1 57865.5 51.0922 0 0 0 
161000 100 108.56 0 10 1126.65 0 9.98885 1 58353.5 51.1368 0 0 0 
162000 100 119.79 0 10 1130.97 0 9.98892 1 56138.6 49.4342 0 0 0 
163000 100 122.23 0 10 1137.87 0 9.98899 1 59750.6 52.4918 0 0 0 
164000 100 127.39 0 10 1142.53 0 9.98905 1 59768 52.4603 0 0 0 
165000 100 119.83 0 10 1149.36 0 9.98912 1 58832.4 51.6683 0 0 0 
166000 100 127.48 0 10 1154 0 9.98919 1 60001.9 52.9396 0 0 0 
167000 100 120.6 0 10 1161.32 0 9.98925 1 55808.7 49.5278 0 0 0 
168000 100 118.45 0 10 1169.63 0 9.98931 1 55276.1 48.8694 0 0 0 
169000 100 109.67 0 10 1174.87 0 9.98938 1 58206.1 51.6629 0 0 0 
170000 100 103.65 0 10 1183.92 0 9.98944 1 55943.3 49.6831 0 0 0 
171000 100 92.32 0 10 1191.1 0 9.9895 1 56105.7 49.92 0 0 0 
172000 100 87.28 0 10 1205.01 0 9.98956 1 52240.6 46.1887 0 0 0 
173000 100 82.12 0 10 1214.93 0 9.98962 1 55391.4 48.7614 0 0 0 
174000 100 76.4 0 10 1222.14 0 9.98968 1 56241.1 49.497 0 0 0 
175000 100 78.06 0 10 1229.86 0 9.98974 1 51484.6 45.5033 0 0 0 
176000 100 92.68 0 10 1240.02 0 9.9898 1 56593 49.8635 0 0 0 
177000 100 95.23 0 10 1243.93 0 9.98986 1 59488.3 52.3755 0 0 0 
178000 100 90.59 0 10 1255.17 0 9.98992 1 56166 49.2243 0 0 0 
179000 100 95.5 0 10 1261.78 0 9.98997 1 54678.7 47.8898 0 0 0 
180000 100 87.8 0 10 1266.94 0 9.99003 1 56177.1 49.0678 0 0 0 
181000 100 97.92 0 10 1276.39 0 9.99008 1 57889 50.7748 0 0 0 
182000 100 97.53 0 10 1282.1 0 9.99014 1 57128.8 50.2942 0 0 0 
183000 100 90.62 0 10 1280.76 0 9.99019 1 57740.6 50.8683 0 0 0 
184000 100 92.86 0 10 1290.18 0 9.99024 1 56455.9 49.7169 0 0 0 
185000 100 97.25 0 10 1293.87 0 9.9903 1 57099.7 50.2222 0 0 0 
186000 100 93.73 0 10 1304.25 0 9.99035 1 55535.7 48.7189 0 0 0 
187000 100 73.44 0 10 1310.74 0 9.9904 1 58055 50.9217 0 0 0 
188000 100 73.75 0 10 1320.85 0 9.99045 1 55198.5 48.2794 0 0 0 
189000 100 98.55 0 10 1326.6 0 9.9905 1 58679 51.3627 0 0 0 
190000 100 99.84 0 10 1329.31 0 9.99055 1 57316.6 49.9735 0 0 0 
191000 100 105.03 0 10 1335.09 0 9.9906 1 54898.7 47.7766 0 0 0 
192000 100 87.79 0 10 1343.55 0 9.99065 1 54770.1 47.7376 0 0 0 
193000 100 90.78 0 10 1351.1 0 9.9907 1 55269 48.1958 0 0 0 
194000 100 73.55 0 10 1359.33 0 9.99075 1 57812.9 50.4593 0 0 0 
195000 100 76.01 0 10 1367.85 0 9.99079 1 55645.2 48.5569 0 0 0 
196000 100 75.63 0 10 1377.41 0 9.99084 1 55242.2 48.2656 0 0 0 
197000 100 61.08 0 10 1385.25 0 9.99089 1 55924.1 48.7417 0 0 0 
198000 100 65.14 0 10 1392.13 0 9.99093 1 57170 49.8685 0 0 0 
199000 100 68 0 10 1396.59 0 9.99098 1 57073.8 49.8158 0 0 0 
200000 100 66.77 0 10 1404.14 0 9.99102 1 55232.3 48.2895 0 0 0 
201000 100 57 0 10 1410.07 0 9.99107 1 56345.5 49.2111 0 0 0 
202000 100 72.1 0 10 1416.46 0 9.99111 1 54573.9 47.8148 0 0 0 
203000 100 70.68 0 10 1427.12 0 9.99116 1 57755 50.6401 0 0 0 
204000 100 54.61 0 10 1430.89 0 9.9912 1 59979.4 52.4669 0 0 0 
205000 100 71.97 0 10 1440.47 0 9.99124 1 57171.9 50.1664 0 0 0 
206000 100 83.15 0 10 1443.99 0 9.99129 1 56545.2 49.4768 0 0 0 
207000 100 90.63 0 10 1452.12 0 9.99133 1 58951 51.7358 0 0 0 
208000 100 101.08 0 10 1457.09 0 9.99137 1 55732.6 48.9833 0 0 0 
209000 100 100.53 0 10 1467.14 0 9.99141 1 54099.2 47.5057 0 0 0 
210000 100 87.89 0 10 1471.57 0 9.99145 1 56475.1 49.4842 0 0 0 
211000 100 106.62 0 10 1475.21 0 9.99149 1 58660 51.3756 0 0 0 
212000 100 101.23 0 10 1484.33 0 9.99153 1 56296.1 49.4714 0 0 0 
213000 100 107.93 0 10 1489.7 0 9.99157 1 59912.5 52.7071 0 0 0 
214000 100 105.04 0 10 1495.79 0 9.99161 1 57501.4 50.8056 0 0 0 
215000 100 122.25 0 10 1496.24 0 9.99165 1 58537.9 51.7412 0 0 0 
216000 100 120.92 0 10 1499.59 0 9.99169 1 60087.5 53.0857 0 0 0 
217000 100 114.4 0 10 1507.59 0 9.99173 1 57041.9 50.4287 0 0 0 
218000 100 116.89 0 10 1513.72 0 9.99177 1 56084.1 49.7985 0 0 0 
219000 100 118.43 0 10 1519.79 0 9.9918 1 58834.2 52.4877 0 0 0 
220000 100 109.99 0 10 1523.33 0 9.99184 1 58761.3 52.5031 0 0 0 
221000 100 107.96 0 10 1530.28 0 9.99188 1 58595.3 52.5243 0 0 0 
222000 100 104.34 0 10 1538.12 0 9.99191 1 58310.1 52.5215 0 0 0 
223000 100 88.16 0 10 1548.02 0 9.99195 1 58048.1 52.2702 0 0 0 
224000 100 74.62 0 10 1553.75 0 9.99199 1 59236 53.2804 0 0 0 
225000 100 84.48 0 10 1558.29 0 9.99202 1 56307.1 50.7984 0 0 0 
226000 100 104.15 0 10 1559.93 0 9.99206 1 58208.2 52.2888 0 0 0 
227000 100 94.25 0 10 1572 0 9.99209 1 54864.9 49.4082 0 0 0 
228000 100 92.23 0 10 1577.78 0 9.99213 1 57311.3 51.8599 0 0 0 
229000 100 87.61 0 10 1585.49 0 9.99216 1 58121.1 52.5103 0 0 0 
230000 100 92.52 0 10 1592.24 0 9.9922 1 57776.6 52.0291 0 0 0 
231000 100 84.64 0 10 1598.14 0 9.99223 1 58247.1 52.2374 0 0 0 
232000 100 71.39 0 10 1604.19 0 9.99226 1 58564.6 52.3954 0 0 0 
233000 100 64.79 0 10 1608.97 0 9.9923 1 57185.4 51.1707 0 0 0 
234000 100 80.79 0 10 1613.53 0 9.99233 1 58686.5 52.7584 0 0 0 
235000 100 90.01 0 10 1618.19 0 9.99236 1 57384.6 51.6746 0 0 0 
236000 100 76.34 0 10 1624.62 0 9.99239 1 59538.9 53.5852 0 0 0 
237000 100 81.25 0 10 1628.09 0 9.99243 1 59810.3 53.7258 0 0 0 
238000 100 72.55 0 10 1635.07 0 9.99246 1 60003.7 53.6219 0 0 0 
239000 100 77.7 0 10 1640.2 0 9.99249 1 58988.4 52.9974 0 0 0 
240000 100 90.84 0 10 1648.68 0 9.99252 1 57814.4 52.2565 0 0 0 
241000 100 98.58 0 10 1654.53 0 9.99255 1 56000.9 51.1162 0 0 0 
242000 100 104.06 0 10 1658.07 0 9.99258 1 56837.9 52.1144 0 0 0 
243000 100 100.26 0 10 1662.96 0 9.99261 1 59020.9 54.2652 0 0 0 
244000 100 103.25 0 10 1670.12 0 9.99264 1 58081.2 53.3218 0 0 0 
245000 100 92.95 0 10 1678.7 0 9.99267 1 54638.5 50.1062 0 0 0 
246000 100 98.69 0 10 1687 0 9.9927 1 53612.5 48.743 0 0 0 
247000 100 80.76 0 10 1696.49 0 9.99273 1 56242.8 50.8659 0 0 0 
248000 100 73.89 0 10 1705.77 0 9.99276 1 53659.7 48.208 0 0 0 
249000 100 66.09 0 10 1720.62 0 9.99279 1 53535 47.8071 0 0 0 
250000 100 80.59 0 10 1733.89 0 9.99282 1 53638.3 48.5231 0 0 0 