# Avida Average Deme Data
# Wed Apr 16 21:26:05 2014
#  1: Update
#  2: Count
#  3: Age
#  4: Births
#  5: Organisms
#  6: Generation
#  7: Births (at last replication)
#  8: Organisms (at last replication)
#  9: Merit
# 10: Gestation Time
# 11: Time Used (normalized by org fitness)
# 12: Generations between current and last founders
# 13: Events killed
# 14: Attempts to kill event

0 100 0 0 1 0 0 0 1 0 0 0 0 0 
1000 100 22.21 0 10 5.9 0 8.16713 1 56245.2 48.465 0 0 0 
2000 100 38.22 0 10 12.98 0 9.08311 1 55897.2 48.1271 0 0 0 
3000 100 52.04 0 10 19.46 0 9.38864 1 55476.2 47.8417 0 0 0 
4000 100 75.62 0 10 25.6 0 9.54144 1 57453.9 49.6113 0 0 0 
5000 100 71.9 0 10 31.19 0 9.63313 1 55127.5 47.5012 0 0 0 
6000 100 77.81 0 10 35.34 0 9.69427 1 55301.1 47.4456 0 0 0 
7000 100 72.25 0 10 42.2 0 9.73794 1 53813.1 46.2996 0 0 0 
8000 100 68.95 0 10 47.85 0 9.77069 1 55752.4 47.881 0 0 0 
9000 100 77.88 0 10 53.41 0 9.79617 1 57694.3 49.4415 0 0 0 
10000 100 96.1 0 10 58.2 0 9.81655 1 53216.2 45.7936 0 0 0 
11000 100 101.07 0 10 65.22 0 9.83322 1 55669.7 47.975 0 0 0 
12000 100 91.03 0 10 70.58 0 9.84712 1 57089.6 49.4137 0 0 0 
13000 100 87.5 0 10 81.11 0 9.85888 1 58233.4 50.8951 0 0 0 
14000 100 80.3 0 10 89.64 0 9.86896 1 54266.8 47.49 0 0 0 
15000 100 96.31 0 10 94.9 0 9.87769 1 55548.3 48.7592 0 0 0 
16000 100 89.65 0 10 100.29 0 9.88534 1 56610.9 49.8416 0 0 0 
17000 100 98.48 0 10 105.41 0 9.89208 1 55841.6 49.103 0 0 0 
18000 100 94.9 0 10 112.33 0 9.89808 1 56641.2 49.7023 0 0 0 
19000 100 84.85 0 10 120.94 0 9.90344 1 55471.1 48.7287 0 0 0 
20000 100 78.92 0 10 128.34 0 9.90827 1 56308.4 49.4502 0 0 0 
21000 100 83.19 0 10 133.56 0 9.91264 1 57626 50.5889 0 0 0 
22000 100 81.57 0 10 141.67 0 9.91661 1 54746.8 48.1005 0 0 0 
23000 100 82 0 10 150.08 0 9.92023 1 53345 46.9009 0 0 0 
24000 100 95.62 0 10 162.2 0 9.92356 1 57488.3 50.4928 0 0 0 
25000 100 85.93 0 10 166.94 0 9.92661 1 55020.8 48.3583 0 0 0 
26000 100 96.21 0 10 173.75 0 9.92944 1 55407.7 48.7147 0 0 0 
27000 100 92.6 0 10 178.04 0 9.93205 1 55260.4 48.5669 0 0 0 
28000 100 96.87 0 10 183.93 0 9.93448 1 56429.4 49.6223 0 0 0 
29000 100 99.1 0 10 194.83 0 9.93674 1 56683.8 49.8832 0 0 0 
30000 100 95.94 0 10 201.23 0 9.93885 1 55011.3 48.3762 0 0 0 
31000 100 88.3 0 10 204.3 0 9.94082 1 56375.8 49.444 0 0 0 
32000 100 83.35 0 10 208.35 0 9.94267 1 55268 48.5841 0 0 0 
33000 100 94.09 0 10 213.19 0 9.9444 1 57264.1 50.2774 0 0 0 
34000 100 83.26 0 10 218.05 0 9.94604 1 56230.6 49.3895 0 0 0 
35000 100 82.18 0 10 226.73 0 9.94758 1 53005.2 46.8166 0 0 0 
36000 100 81.45 0 10 233.52 0 9.94904 1 54975.5 48.4645 0 0 0 
37000 100 74.1 0 10 240.43 0 9.95041 1 55325.3 48.4908 0 0 0 
38000 100 78.98 0 10 249.82 0 9.95172 1 54405.2 47.5477 0 0 0 
39000 100 90.41 0 10 256.75 0 9.95296 1 55963.2 48.8245 0 0 0 
40000 100 97.2 0 10 261.3 0 9.95413 1 55153 48.5828 0 0 0 
41000 100 88.36 0 10 267.15 0 9.95525 1 57875.2 50.9351 0 0 0 
42000 100 100.59 0 10 273.81 0 9.95632 1 58776.7 51.2713 0 0 0 
43000 100 98.89 0 10 281.23 0 9.95733 1 57473.1 50.0938 0 0 0 
44000 100 100.01 0 10 289.15 0 9.9583 1 58268.6 50.6383 0 0 0 
45000 100 88.91 0 10 296.52 0 9.95923 1 57205.9 49.7703 0 0 0 
46000 100 87.38 0 10 304.18 0 9.96012 1 56235.2 48.698 0 0 0 
47000 100 88.86 0 10 308.33 0 9.96096 1 59140.2 51.9888 0 0 0 
48000 100 79.8 0 10 316.4 0 9.96178 1 53673.8 47.5838 0 0 0 
49000 100 89.06 0 10 324.17 0 9.96256 1 56369.4 49.9522 0 0 0 
50000 100 76.56 0 10 332.54 0 9.96331 1 55128.1 48.4412 0 0 0 
51000 100 80.19 0 10 339.9 0 9.96403 1 56160.9 49.1848 0 0 0 
52000 100 73.69 0 10 349.56 0 9.96472 1 55894.9 49.0836 0 0 0 
53000 100 85.31 0 10 358.19 0 9.96538 1 56374.5 49.4851 0 0 0 
54000 100 77.16 0 10 368 0 9.96602 1 57647.6 50.4077 0 0 0 
55000 100 84.13 0 10 368.08 0 9.96664 1 56622.8 50.0275 0 0 0 
56000 100 71.19 0 10 374.78 0 9.96724 1 55711.5 49.4143 0 0 0 
57000 100 67.58 0 10 386.15 0 9.96781 1 56517.9 49.3701 0 0 0 
58000 100 70 0 10 392.18 0 9.96837 1 57708.5 50.3592 0 0 0 
59000 100 82.44 0 10 398.5 0 9.9689 1 53926.2 47.2393 0 0 0 
60000 100 83.35 0 10 402.72 0 9.96942 1 56438.9 49.4828 0 0 0 
61000 100 108.74 0 10 409.56 0 9.96992 1 58955.7 51.5655 0 0 0 
62000 100 92.86 0 10 417.48 0 9.97041 1 58495.7 50.7032 0 0 0 
63000 100 83.35 0 10 425.77 0 9.97088 1 56534 48.9172 0 0 0 
64000 100 84.94 0 10 429.61 0 9.97133 1 58925.1 50.7434 0 0 0 
65000 100 100.97 0 10 438.46 0 9.97177 1 57599.2 49.6627 0 0 0 
66000 100 122.29 0 10 444.42 0 9.9722 1 56751.6 49.4798 0 0 0 
67000 100 109.1 0 10 450.3 0 9.97262 1 56313.9 49.1131 0 0 0 
68000 100 88.74 0 10 460.81 0 9.97302 1 53976.7 46.5982 0 0 0 
69000 100 89.39 0 10 468.3 0 9.97341 1 53611.6 46.5273 0 0 0 
70000 100 75.91 0 10 478.99 0 9.97379 1 55492.9 47.9689 0 0 0 
71000 100 84.35 0 10 487.99 0 9.97416 1 57282.4 49.5721 0 0 0 
72000 100 77.82 0 10 493.3 0 9.97452 1 58231.4 50.5073 0 0 0 
73000 100 77.24 0 10 503.41 0 9.97487 1 56855.9 49.4785 0 0 0 
74000 100 65.95 0 10 509.25 0 9.97521 1 57024 49.5157 0 0 0 
75000 100 71.18 0 10 521.49 0 9.97554 1 54883.2 47.4264 0 0 0 
76000 100 66.72 0 10 533.28 0 9.97586 1 53305.6 46.0756 0 0 0 
77000 100 90.49 0 10 538.27 0 9.97617 1 53643 46.3962 0 0 0 
78000 100 86.15 0 10 544.1 0 9.97648 1 52840.2 45.5348 0 0 0 
79000 100 86.48 0 10 552.57 0 9.97678 1 56443.3 48.3871 0 0 0 
80000 100 81.05 0 10 557.33 0 9.97707 1 54761.2 47.0772 0 0 0 
81000 100 104.17 0 10 561.12 0 9.97735 1 57666.9 49.4843 0 0 0 
82000 100 93.28 0 10 569.63 0 9.97763 1 55279.4 47.7119 0 0 0 
83000 100 85.53 0 10 576.08 0 9.9779 1 55668.1 48.1743 0 0 0 
84000 100 104.42 0 10 584.23 0 9.97816 1 56476.2 48.9323 0 0 0 
85000 100 93.62 0 10 591.74 0 9.97842 1 57057.6 49.7815 0 0 0 
86000 100 100.95 0 10 598.55 0 9.97867 1 58759.9 51.2366 0 0 0 
87000 100 99.81 0 10 603.91 0 9.97891 1 59620.2 51.729 0 0 0 
88000 100 86.45 0 10 617.09 0 9.97915 1 59139.3 51.4627 0 0 0 
89000 100 70.86 0 10 626.12 0 9.97939 1 57120.4 49.6915 0 0 0 
90000 100 77.81 0 10 632.48 0 9.97961 1 55555.2 48.2918 0 0 0 
91000 100 96.25 0 10 638.04 0 9.97984 1 57312.8 49.6714 0 0 0 
92000 100 99.27 0 10 635.92 0 9.98006 1 59266.4 51.5853 0 0 0 
93000 100 96.63 0 10 646.08 0 9.98027 1 59528.4 51.6861 0 0 0 
94000 100 104.07 0 10 645.05 0 9.98048 1 55932.2 48.5478 0 0 0 
95000 100 108.05 0 10 655.82 0 9.98069 1 58150.8 50.4125 0 0 0 
96000 100 101.29 0 10 667.8 0 9.98089 1 56105.3 48.349 0 0 0 
97000 100 118.32 0 10 670.41 0 9.98109 1 58220 50.0445 0 0 0 
98000 100 108.46 0 10 680.88 0 9.98128 1 60023.1 51.447 0 0 0 
99000 100 106.83 0 10 688.95 0 9.98147 1 58538.6 49.8862 0 0 0 
100000 100 97.21 0 10 702 0 9.98165 1 59981.4 50.9005 0 0 0 
101000 100 98.43 0 10 704.26 0 9.98183 1 59161.8 50.2357 0 0 0 
102000 100 97.87 0 10 716.77 0 9.98201 1 57702.8 48.7845 0 0 0 
103000 100 97.67 0 10 728.97 0 9.98219 1 58280.8 49.2777 0 0 0 
104000 100 105.4 0 10 734.72 0 9.98236 1 58532.3 49.5795 0 0 0 
105000 100 93.13 0 10 743.32 0 9.98253 1 57059.5 48.1499 0 0 0 
106000 100 80.29 0 10 750.53 0 9.98269 1 52151.1 43.9582 0 0 0 
107000 100 85.64 0 10 757.93 0 9.98285 1 56481.1 47.4762 0 0 0 
108000 100 96.01 0 10 764.97 0 9.98301 1 53991.2 45.3669 0 0 0 
109000 100 86.41 0 10 777.46 0 9.98317 1 55688.2 46.8619 0 0 0 
110000 100 82.49 0 10 781.44 0 9.98332 1 54484.7 45.7028 0 0 0 
111000 100 97.22 0 10 785.53 0 9.98347 1 54103.5 45.2161 0 0 0 
112000 100 87.82 0 10 794.3 0 9.98362 1 56139.9 46.7892 0 0 0 
113000 100 94.03 0 10 801.62 0 9.98376 1 56288.2 46.9694 0 0 0 
114000 100 92.89 0 10 813.39 0 9.98391 1 57448.5 47.8572 0 0 0 
115000 100 100.02 0 10 820.47 0 9.98405 1 53025.2 44.1799 0 0 0 
116000 100 99.57 0 10 823.15 0 9.98418 1 58053.3 48.3493 0 0 0 
117000 100 89.42 0 10 831.91 0 9.98432 1 54143.6 44.8976 0 0 0 
118000 100 90.61 0 10 839.37 0 9.98445 1 54626 45.3487 0 0 0 
119000 100 92.16 0 10 849.79 0 9.98458 1 54544.2 45.0984 0 0 0 
120000 100 90.86 0 10 854.78 0 9.98471 1 57654.2 47.5941 0 0 0 
121000 100 91.86 0 10 864.87 0 9.98484 1 53132 44.0179 0 0 0 
122000 100 86.83 0 10 871.57 0 9.98496 1 56051.2 46.4877 0 0 0 
123000 100 88.72 0 10 875.77 0 9.98508 1 58084.3 48.286 0 0 0 
124000 100 89.12 0 10 880.67 0 9.9852 1 58151 48.5023 0 0 0 
125000 100 93.53 0 10 885.23 0 9.98532 1 58619.5 48.9398 0 0 0 
126000 100 93.93 0 10 890.6 0 9.98544 1 60049.9 50.2549 0 0 0 
127000 100 91.29 0 10 895.85 0 9.98555 1 60027.9 50.1698 0 0 0 
128000 100 86.43 0 10 903.25 0 9.98567 1 59281.4 49.7433 0 0 0 
129000 100 88.95 0 10 909.89 0 9.98578 1 55325.1 46.4924 0 0 0 
130000 100 87.35 0 10 918.29 0 9.98589 1 58276.9 49.181 0 0 0 
131000 100 79.82 0 10 926.63 0 9.98599 1 60059.8 50.9293 0 0 0 
132000 100 89.12 0 10 931.83 0 9.9861 1 58972.1 50.0259 0 0 0 
133000 100 84.02 0 10 937.72 0 9.98621 1 59260.4 50.2048 0 0 0 
134000 100 83.1 0 10 944.08 0 9.98631 1 58437.5 49.7011 0 0 0 
135000 100 97.14 0 10 949.88 0 9.98641 1 60123.2 51.1036 0 0 0 
136000 100 91.49 0 10 956.32 0 9.98651 1 60002.1 51.0269 0 0 0 
137000 100 87.27 0 10 961.17 0 9.98661 1 59854.2 50.9457 0 0 0 
138000 100 92.09 0 10 971.76 0 9.98671 1 57198.2 48.7477 0 0 0 
139000 100 85.7 0 10 977.16 0 9.9868 1 59184 50.4526 0 0 0 
140000 100 63.6 0 10 985.71 0 9.9869 1 59173.4 50.6415 0 0 0 
141000 100 75.74 0 10 991.25 0 9.98699 1 59756.2 51.2926 0 0 0 
142000 100 74.75 0 10 997.42 0 9.98708 1 59441.4 50.9884 0 0 0 
143000 100 84.61 0 10 1003.23 0 9.98717 1 58391.2 49.8087 0 0 0 
144000 100 87.76 0 10 1011.6 0 9.98726 1 54871.8 46.6978 0 0 0 
145000 100 94.06 0 10 1016.79 0 9.98735 1 57484.2 48.9632 0 0 0 
146000 100 109.42 0 10 1021.84 0 9.98743 1 57091.5 48.4624 0 0 0 
147000 100 120.39 0 10 1027.99 0 9.98752 1 58876.6 49.7321 0 0 0 
148000 100 125.21 0 10 1034.31 0 9.9876 1 58106.1 49.0841 0 0 0 
149000 100 128.85 0 10 1040.01 0 9.98769 1 58946.6 49.7641 0 0 0 
150000 100 145.2 0 10 1046.33 0 9.98777 1 59811.7 50.4825 0 0 0 
151000 100 140.04 0 10 1046.62 0 9.98785 1 59886 50.5372 0 0 0 
152000 100 144.22 0 10 1049.62 0 9.98793 1 59959.8 50.7918 0 0 0 
153000 100 149.44 0 10 1053.52 0 9.98801 1 60054.3 50.8895 0 0 0 
154000 100 145.37 0 10 1057.84 0 9.98809 1 59072 50.0269 0 0 0 
155000 100 153.9 0 10 1061.73 0 9.98816 1 59900.8 50.759 0 0 0 
156000 100 162.74 0 10 1065.96 0 9.98824 1 60089.1 50.7593 0 0 0 
157000 100 160.14 0 10 1070.43 0 9.98831 1 59717.8 50.823 0 0 0 
158000 100 161.18 0 10 1074.87 0 9.98839 1 60074.6 51.1531 0 0 0 
159000 100 156.08 0 10 1078.75 0 9.98846 1 60109.5 51.096 0 0 0 
160000 100 159.5 0 10 1084.52 0 9.98853 1 60024.6 50.9151 0 0 0 
161000 100 155.27 0 10 1088.53 0 9.9886 1 59944.8 50.7586 0 0 0 
162000 100 154.74 0 10 1094.51 0 9.98867 1 60077.3 50.6173 0 0 0 
163000 100 164.66 0 10 1100.67 0 9.98874 1 60025.9 50.4197 0 0 0 
164000 100 166.34 0 10 1105.67 0 9.98881 1 60040.8 50.4711 0 0 0 
165000 100 171.11 0 10 1111.66 0 9.98888 1 59443.6 49.679 0 0 0 
166000 100 165.5 0 10 1115.46 0 9.98895 1 59979.4 50.2215 0 0 0 
167000 100 164.28 0 10 1120.93 0 9.98901 1 57981.8 48.6748 0 0 0 
168000 100 151.28 0 10 1124.88 0 9.98908 1 59959.7 50.1497 0 0 0 
169000 100 152.1 0 10 1128.81 0 9.98914 1 59954.8 50.1879 0 0 0 
170000 100 151.86 0 10 1134.69 0 9.98921 1 59968.8 50.1284 0 0 0 
171000 100 147.03 0 10 1140.31 0 9.98927 1 58374.4 48.7975 0 0 0 
172000 100 143 0 10 1145.84 0 9.98933 1 59726.9 49.5876 0 0 0 
173000 100 148 0 10 1150.27 0 9.98939 1 59995.4 49.9257 0 0 0 
174000 100 140.52 0 10 1156.04 0 9.98946 1 60017.6 50.1068 0 0 0 
175000 100 141.42 0 10 1161.18 0 9.98952 1 60009.6 50.091 0 0 0 
176000 100 129.1 0 10 1165.97 0 9.98958 1 59974.9 50.1798 0 0 0 
177000 100 140.12 0 10 1171.78 0 9.98963 1 59931.3 50.3246 0 0 0 
178000 100 131.29 0 10 1177.16 0 9.98969 1 60040.9 50.4547 0 0 0 
179000 100 125.38 0 10 1182.11 0 9.98975 1 60020 50.3057 0 0 0 
180000 100 96.17 0 10 1187.46 0 9.98981 1 58941.3 49.2259 0 0 0 
181000 100 107.39 0 10 1191.65 0 9.98986 1 59592.3 49.8609 0 0 0 
182000 100 96.37 0 10 1197.33 0 9.98992 1 59435.6 49.4769 0 0 0 
183000 100 104.23 0 10 1200.8 0 9.98997 1 60009.4 50.0204 0 0 0 
184000 100 99.98 0 10 1206.13 0 9.99003 1 59553.1 49.4932 0 0 0 
185000 100 89.23 0 10 1212.95 0 9.99008 1 60135.9 49.7857 0 0 0 
186000 100 88.31 0 10 1217.78 0 9.99014 1 59934.8 49.7263 0 0 0 
187000 100 92.86 0 10 1223.65 0 9.99019 1 60079.7 49.7764 0 0 0 
188000 100 101.47 0 10 1228.44 0 9.99024 1 59969 49.6556 0 0 0 
189000 100 99.52 0 10 1233.26 0 9.99029 1 59611.5 49.265 0 0 0 
190000 100 104.77 0 10 1238.77 0 9.99034 1 60018.4 49.5857 0 0 0 
191000 100 112.97 0 10 1244.47 0 9.99039 1 59972.3 49.421 0 0 0 
192000 100 117.2 0 10 1249.61 0 9.99044 1 60046.7 49.4414 0 0 0 
193000 100 97.53 0 10 1253.89 0 9.99049 1 59681.6 49.1601 0 0 0 
194000 100 102.07 0 10 1258.87 0 9.99054 1 59218.6 48.7753 0 0 0 
195000 100 109.04 0 10 1264.1 0 9.99059 1 59715.3 49.0705 0 0 0 
196000 100 104.54 0 10 1269.48 0 9.99064 1 59275.6 48.8686 0 0 0 
197000 100 118.93 0 10 1273.07 0 9.99069 1 60010.9 49.4363 0 0 0 
198000 100 121.75 0 10 1277.64 0 9.99073 1 59853.2 49.2011 0 0 0 
199000 100 131.35 0 10 1282.94 0 9.99078 1 60047.7 49.3772 0 0 0 
200000 100 135.91 0 10 1287.28 0 9.99083 1 59632.5 49.0856 0 0 0 
201000 100 131.18 0 10 1291.48 0 9.99087 1 59957.2 49.429 0 0 0 
202000 100 129.16 0 10 1296.32 0 9.99092 1 59963 49.4662 0 0 0 
203000 100 126.08 0 10 1302.47 0 9.99096 1 58964.9 48.9134 0 0 0 
204000 100 121.65 0 10 1308.26 0 9.99101 1 59967 49.6667 0 0 0 
205000 100 117.87 0 10 1312.96 0 9.99105 1 59943.7 49.5688 0 0 0 
206000 100 118.75 0 10 1318.24 0 9.99109 1 58906.2 48.778 0 0 0 
207000 100 123.23 0 10 1322.49 0 9.99114 1 59861.2 49.7722 0 0 0 
208000 100 117.47 0 10 1326.92 0 9.99118 1 58703.3 48.7636 0 0 0 
209000 100 129.69 0 10 1332.41 0 9.99122 1 59890.4 49.7592 0 0 0 
210000 100 120.34 0 10 1340.23 0 9.99126 1 58719.1 48.8367 0 0 0 
211000 100 107.14 0 10 1345.65 0 9.9913 1 57146.1 47.4719 0 0 0 
212000 100 95.1 0 10 1351.77 0 9.99135 1 59502.5 49.529 0 0 0 
213000 100 93.92 0 10 1357.01 0 9.99139 1 58795 48.8226 0 0 0 
214000 100 83.43 0 10 1362.63 0 9.99143 1 59459.3 49.5322 0 0 0 
215000 100 84.93 0 10 1366.67 0 9.99147 1 59804.5 50.0416 0 0 0 
216000 100 101.03 0 10 1371.81 0 9.99151 1 59592.8 49.81 0 0 0 
217000 100 109 0 10 1376.22 0 9.99155 1 58969.7 49.6024 0 0 0 
218000 100 114.43 0 10 1382.73 0 9.99158 1 60093.1 49.8664 0 0 0 
219000 100 118.98 0 10 1388.02 0 9.99162 1 58421.5 48.7657 0 0 0 
220000 100 116.04 0 10 1394.1 0 9.99166 1 58581 48.5661 0 0 0 
221000 100 110.04 0 10 1400.96 0 9.9917 1 55073.3 45.97 0 0 0 
222000 100 102.93 0 10 1409.74 0 9.99174 1 57083.7 47.4633 0 0 0 
223000 100 87.04 0 10 1416.16 0 9.99177 1 59346.8 49.427 0 0 0 
224000 100 75.64 0 10 1422.58 0 9.99181 1 59103.7 49.1926 0 0 0 
225000 100 87.8 0 10 1431.85 0 9.99185 1 58140.5 48.0887 0 0 0 
226000 100 82.55 0 10 1438.84 0 9.99188 1 58823.3 48.4297 0 0 0 
227000 100 84.12 0 10 1445.94 0 9.99192 1 59412.5 48.7594 0 0 0 
228000 100 84.47 0 10 1452.09 0 9.99195 1 59501.4 48.8836 0 0 0 
229000 100 92.79 0 10 1457.86 0 9.99199 1 58705.7 48.2734 0 0 0 
230000 100 73.8 0 10 1460.29 0 9.99202 1 57630.8 47.5366 0 0 0 
231000 100 94.33 0 10 1473.5 0 9.99206 1 58628.1 47.753 0 0 0 
232000 100 73.24 0 10 1474.06 0 9.99209 1 58969.4 48.501 0 0 0 
233000 100 70.57 0 10 1478.7 0 9.99213 1 59343 49.0884 0 0 0 
234000 100 76.47 0 10 1490.2 0 9.99216 1 56920.8 46.3406 0 0 0 
235000 100 91.86 0 10 1500.04 0 9.99219 1 51830.5 42.0695 0 0 0 
236000 100 88.66 0 10 1514.31 0 9.99223 1 55697.7 45.2965 0 0 0 
237000 100 84.82 0 10 1521.54 0 9.99226 1 57472.4 46.6466 0 0 0 
238000 100 78.39 0 10 1528.28 0 9.99229 1 57132.5 46.4314 0 0 0 
239000 100 65.52 0 10 1539.33 0 9.99232 1 55201.1 45.0099 0 0 0 
240000 100 69.82 0 10 1549.87 0 9.99236 1 57584.7 46.9972 0 0 0 
241000 100 76.18 0 10 1561.58 0 9.99239 1 52109.8 42.4466 0 0 0 
242000 100 73.03 0 10 1575.99 0 9.99242 1 52762.2 42.7554 0 0 0 
243000 100 93.67 0 10 1590.17 0 9.99245 1 50287.6 40.8165 0 0 0 
244000 100 84.79 0 10 1604.72 0 9.99248 1 47525.8 38.5322 0 0 0 
245000 100 110.85 0 10 1619.33 0 9.99251 1 49831.2 40.363 0 0 0 
246000 100 94.82 0 10 1622.18 0 9.99254 1 55305.8 44.8738 0 0 0 
247000 100 73.78 0 10 1636.36 0 9.99257 1 52168 42.193 0 0 0 
248000 100 56.83 0 10 1646.72 0 9.9926 1 55942.2 45.233 0 0 0 
249000 100 79.48 0 10 1651.06 0 9.99263 1 38420.9 30.6785 0 0 0 
250000 100 86.27 0 10 1670.52 0 9.99266 1 42646.3 34.1726 0 0 0 