# Avida Average Deme Data
# Tue Apr 15 16:40:40 2014
#  1: Update
#  2: Count
#  3: Age
#  4: Births
#  5: Organisms
#  6: Generation
#  7: Births (at last replication)
#  8: Organisms (at last replication)
#  9: Merit
# 10: Gestation Time
# 11: Time Used (normalized by org fitness)
# 12: Generations between current and last founders
# 13: Events killed
# 14: Attempts to kill event

0 100 0 0 1 0 0 0 1 0 0 0 0 0 
1000 100 36.04 0 10 6.11 0 8.19271 1 56019.3 48.3014 0 0 0 
2000 100 39.21 0 10 11.88 0 9.0959 1 54745.7 47.2477 0 0 0 
3000 100 54.28 0 10 19.01 0 9.39717 1 54994.6 47.5379 0 0 0 
4000 100 56.21 0 10 24.95 0 9.54784 1 56746.8 49.0179 0 0 0 
5000 100 54.79 0 10 31.42 0 9.63825 1 56888.3 49.1314 0 0 0 
6000 100 66.73 0 10 38.02 0 9.69853 1 56458.3 48.8309 0 0 0 
7000 100 62.26 0 10 45 0 9.74159 1 58804.6 50.745 0 0 0 
8000 100 70.97 0 10 51.41 0 9.77389 1 57237.6 49.5241 0 0 0 
9000 100 69.83 0 10 59.45 0 9.79901 1 55225.9 47.6802 0 0 0 
10000 100 83.15 0 10 65.79 0 9.81911 1 54328.9 47.1475 0 0 0 
11000 100 88.48 0 10 73.26 0 9.83555 1 56451 48.9744 0 0 0 
12000 100 90.04 0 10 82.54 0 9.84925 1 56688 48.953 0 0 0 
13000 100 74.77 0 10 87.07 0 9.86085 1 59173.2 51.2082 0 0 0 
14000 100 55.7 0 10 93.37 0 9.87079 1 56458.1 48.9409 0 0 0 
15000 100 60.43 0 10 95.93 0 9.8794 1 58684.2 50.9345 0 0 0 
16000 100 70.96 0 10 100.84 0 9.88694 1 58533.6 50.7603 0 0 0 
17000 100 77.17 0 10 108.19 0 9.89359 1 54361.9 47.1035 0 0 0 
18000 100 73.66 0 10 112.01 0 9.8995 1 56439.5 48.8947 0 0 0 
19000 100 87.16 0 10 119.8 0 9.90479 1 56169.3 48.7716 0 0 0 
20000 100 85.14 0 10 126.9 0 9.90955 1 58213.4 50.5109 0 0 0 
21000 100 93.61 0 10 132.62 0 9.91386 1 58124.5 50.3414 0 0 0 
22000 100 94.54 0 10 138.47 0 9.91777 1 58413.3 50.6359 0 0 0 
23000 100 93.17 0 10 148.39 0 9.92135 1 54838.6 47.6116 0 0 0 
24000 100 83.72 0 10 156.63 0 9.92462 1 55743.5 48.7559 0 0 0 
25000 100 82.4 0 10 162.41 0 9.92764 1 54863.6 47.6864 0 0 0 
26000 100 93.4 0 10 169.89 0 9.93042 1 55358.3 47.4468 0 0 0 
27000 100 104.73 0 10 179.12 0 9.933 1 57129.8 49.3963 0 0 0 
28000 100 91.25 0 10 186.19 0 9.93539 1 58828.7 50.0954 0 0 0 
29000 100 93.83 0 10 193 0 9.93762 1 57570.7 48.8001 0 0 0 
30000 100 73.69 0 10 200.87 0 9.9397 1 54989.1 46.3294 0 0 0 
31000 100 71.22 0 10 210.17 0 9.94164 1 56730.6 47.9617 0 0 0 
32000 100 86.75 0 10 215.52 0 9.94347 1 53421 44.4489 0 0 0 
33000 100 99.83 0 10 221.28 0 9.94518 1 53046.1 44.0737 0 0 0 
34000 100 103.5 0 10 227.17 0 9.94679 1 53486.1 44.3109 0 0 0 
35000 100 102.86 0 10 231.14 0 9.94831 1 57946 48.2621 0 0 0 
36000 100 80.69 0 10 235.67 0 9.94975 1 56123.9 46.9626 0 0 0 
37000 100 86.6 0 10 246.67 0 9.95111 1 53083.2 44.1808 0 0 0 
38000 100 95.96 0 10 254.82 0 9.95239 1 55818.3 46.1317 0 0 0 
39000 100 98.04 0 10 259.64 0 9.95361 1 54535.3 44.9192 0 0 0 
40000 100 85.14 0 10 270.41 0 9.95477 1 49752.1 40.723 0 0 0 
41000 100 82.48 0 10 286.91 0 9.95588 1 54574.1 44.9521 0 0 0 
42000 100 81.99 0 10 294.99 0 9.95693 1 52291.2 42.9662 0 0 0 
43000 100 76.54 0 10 300.84 0 9.95793 1 55163.5 45.3211 0 0 0 
44000 100 101.97 0 10 307.11 0 9.95889 1 55436.1 45.5089 0 0 0 
45000 100 103.94 0 10 314.16 0 9.9598 1 58772.8 48.2387 0 0 0 
46000 100 98.48 0 10 317.6 0 9.96067 1 55128.1 45.1003 0 0 0 
47000 100 92.7 0 10 327.04 0 9.96151 1 52027 42.4891 0 0 0 
48000 100 108.64 0 10 332.26 0 9.96231 1 55642.6 45.3307 0 0 0 
49000 100 94.32 0 10 340.07 0 9.96308 1 51853.7 42.1092 0 0 0 
50000 100 80.43 0 10 348.85 0 9.96382 1 55872.2 45.4504 0 0 0 
51000 100 80.57 0 10 359.09 0 9.96453 1 54850.1 44.8718 0 0 0 
52000 100 80.91 0 10 371.87 0 9.96521 1 53574.4 43.7362 0 0 0 
53000 100 79.76 0 10 380.69 0 9.96587 1 53924 43.9924 0 0 0 
54000 100 76.44 0 10 384.52 0 9.9665 1 54695 44.5645 0 0 0 
55000 100 79.52 0 10 391.73 0 9.96711 1 52635.6 42.9031 0 0 0 
56000 100 76.21 0 10 398.52 0 9.9677 1 56300.8 45.9631 0 0 0 
57000 100 94.31 0 10 407.51 0 9.96826 1 56835.6 46.1523 0 0 0 
58000 100 81.37 0 10 410.84 0 9.96881 1 56714.8 46.0277 0 0 0 
59000 100 97.78 0 10 414 0 9.96934 1 51257.2 41.7369 0 0 0 
60000 100 100.38 0 10 424.75 0 9.96985 1 53764.6 43.6612 0 0 0 
61000 100 98.81 0 10 431.21 0 9.97034 1 55873.3 45.1808 0 0 0 
62000 100 97.49 0 10 443.44 0 9.97082 1 52474.4 42.5188 0 0 0 
63000 100 102.29 0 10 458.45 0 9.97128 1 56123.6 45.4553 0 0 0 
64000 100 92.29 0 10 471.66 0 9.97173 1 53866.8 43.7804 0 0 0 
65000 100 89.77 0 10 481.94 0 9.97217 1 53404.1 43.5061 0 0 0 
66000 100 85.85 0 10 490.64 0 9.97259 1 51554.8 41.8115 0 0 0 
67000 100 88.59 0 10 502.52 0 9.973 1 51096.4 41.412 0 0 0 
68000 100 69.71 0 10 510.6 0 9.9734 1 53387.2 43.2173 0 0 0 
69000 100 76.83 0 10 514.33 0 9.97378 1 52051.3 42.2084 0 0 0 
70000 100 100.19 0 10 519.9 0 9.97416 1 57830.6 46.7663 0 0 0 
71000 100 91.93 0 10 529.14 0 9.97452 1 56684.5 46.0388 0 0 0 
72000 100 93.79 0 10 533.8 0 9.97487 1 55898.3 45.607 0 0 0 
73000 100 81.31 0 10 541.65 0 9.97522 1 57901.7 47.1513 0 0 0 
74000 100 107.95 0 10 547.54 0 9.97555 1 58901.9 47.9484 0 0 0 
75000 100 103.08 0 10 554.95 0 9.97588 1 55405.5 45.1688 0 0 0 
76000 100 92.56 0 10 561 0 9.9762 1 55595.6 45.4619 0 0 0 
77000 100 95.5 0 10 569.97 0 9.97651 1 55738.9 46.109 0 0 0 
78000 100 104.02 0 10 579.08 0 9.97681 1 53740.7 44.4254 0 0 0 
79000 100 107.48 0 10 588.95 0 9.9771 1 51903.4 43.091 0 0 0 
80000 100 91.96 0 10 601.41 0 9.97739 1 51627.9 43.1131 0 0 0 
81000 100 81.28 0 10 610.04 0 9.97767 1 54382.9 45.4959 0 0 0 
82000 100 83.81 0 10 620.93 0 9.97794 1 50758.4 42.3225 0 0 0 
83000 100 94.76 0 10 627.35 0 9.9782 1 54572.9 45.3111 0 0 0 
84000 100 80.85 0 10 637.64 0 9.97846 1 57290.6 47.5631 0 0 0 
85000 100 76.44 0 10 647.73 0 9.97872 1 52773.9 43.9974 0 0 0 
86000 100 64.51 0 10 652.03 0 9.97896 1 55764.3 46.3224 0 0 0 
87000 100 66.93 0 10 664.68 0 9.97921 1 57806.7 48.1427 0 0 0 
88000 100 66.23 0 10 671.13 0 9.97944 1 54085 44.9444 0 0 0 
89000 100 55.05 0 10 669.93 0 9.97967 1 59476.2 49.3561 0 0 0 
90000 100 45.97 0 10 670.47 0 9.9799 1 58738.7 48.8945 0 0 0 
91000 100 45.7 0 10 676.45 0 9.98012 1 55055.2 45.7804 0 0 0 
92000 100 46.48 0 10 690.58 0 9.98034 1 56948.7 47.2829 0 0 0 
93000 100 52.09 0 10 703.45 0 9.98055 1 55017.8 45.6462 0 0 0 
94000 100 68.94 0 10 710.53 0 9.98075 1 55535.5 46.05 0 0 0 
95000 100 62.5 0 10 712.99 0 9.98096 1 58232.2 48.3234 0 0 0 
96000 100 54.82 0 10 706.23 0 9.98116 1 60046.3 49.6745 0 0 0 
97000 100 73.89 0 10 710.21 0 9.98135 1 57650.1 47.6568 0 0 0 
98000 100 76.42 0 10 719.53 0 9.98154 1 53943.2 44.628 0 0 0 
99000 100 67.34 0 10 721.73 0 9.98173 1 55338.1 45.735 0 0 0 
100000 100 59.71 0 10 724.06 0 9.98191 1 56661 46.8352 0 0 0 
101000 100 61 0 10 727.71 0 9.98209 1 58172 48.0132 0 0 0 
102000 100 50.34 0 10 734.04 0 9.98226 1 58574 48.1383 0 0 0 
103000 100 51.26 0 10 740.19 0 9.98244 1 55557.3 45.5239 0 0 0 
104000 100 56.32 0 10 748.46 0 9.9826 1 54185.3 44.1332 0 0 0 
105000 100 70.35 0 10 756.15 0 9.98277 1 59033.8 47.9991 0 0 0 
106000 100 73.78 0 10 761.82 0 9.98293 1 57072.6 46.3467 0 0 0 
107000 100 67.56 0 10 769.94 0 9.98309 1 58477.6 47.2673 0 0 0 
108000 100 60.45 0 10 778.62 0 9.98325 1 58395.7 47.0618 0 0 0 
109000 100 59.64 0 10 782.18 0 9.9834 1 57842.9 46.7494 0 0 0 
110000 100 59.68 0 10 789.95 0 9.98355 1 56018 45.39 0 0 0 
111000 100 65.42 0 10 810.59 0 9.9837 1 54296.1 44.0143 0 0 0 
112000 100 86.05 0 10 815.81 0 9.98385 1 55570.4 44.7416 0 0 0 
113000 100 85.93 0 10 827.56 0 9.98399 1 50023.4 40.0565 0 0 0 
114000 100 100.11 0 10 837.36 0 9.98413 1 53947.8 43.4379 0 0 0 
115000 100 80.19 0 10 839.08 0 9.98427 1 56755.7 45.5102 0 0 0 
116000 100 75.28 0 10 848.11 0 9.9844 1 55303.8 44.5224 0 0 0 
117000 100 76.28 0 10 861.48 0 9.98454 1 58177.6 47.006 0 0 0 
118000 100 89.23 0 10 865.94 0 9.98467 1 56157.1 45.167 0 0 0 
119000 100 89.83 0 10 876.63 0 9.9848 1 56603.6 45.5397 0 0 0 
120000 100 85.13 0 10 886.84 0 9.98492 1 53074.2 42.8247 0 0 0 
121000 100 88.43 0 10 899.56 0 9.98505 1 53710.4 43.3188 0 0 0 
122000 100 84.85 0 10 910.99 0 9.98517 1 57575.9 46.2687 0 0 0 
123000 100 90.67 0 10 921.01 0 9.98529 1 57117.9 45.905 0 0 0 
124000 100 102.14 0 10 933.4 0 9.98541 1 50655 40.7993 0 0 0 
125000 100 98.27 0 10 944.27 0 9.98553 1 55820 44.9648 0 0 0 
126000 100 89.43 0 10 953.93 0 9.98564 1 53956.6 43.6025 0 0 0 
127000 100 84.03 0 10 963.25 0 9.98576 1 52906.6 42.7982 0 0 0 
128000 100 89.4 0 10 971.58 0 9.98587 1 54698.6 44.268 0 0 0 
129000 100 85.64 0 10 976.68 0 9.98598 1 51771.7 41.8642 0 0 0 
130000 100 80.27 0 10 986 0 9.98608 1 53670.2 43.3784 0 0 0 
131000 100 68.53 0 10 991.29 0 9.98619 1 55908.8 45.0184 0 0 0 
132000 100 71.16 0 10 997.55 0 9.98629 1 51274.5 41.2635 0 0 0 
133000 100 98.28 0 10 1002.91 0 9.9864 1 57986.9 46.7544 0 0 0 
134000 100 71.82 0 10 1007.92 0 9.9865 1 54893.3 44.129 0 0 0 
135000 100 80.55 0 10 1016.7 0 9.9866 1 52458.4 42.1707 0 0 0 
136000 100 77.86 0 10 1022.5 0 9.9867 1 54487.9 43.7105 0 0 0 
137000 100 85.34 0 10 1029.16 0 9.98679 1 53579.6 43.0683 0 0 0 
138000 100 84.02 0 10 1039.2 0 9.98689 1 54389.6 43.6598 0 0 0 
139000 100 81.11 0 10 1045.89 0 9.98698 1 52778.1 42.5089 0 0 0 
140000 100 83.34 0 10 1053.43 0 9.98708 1 55120.2 44.4224 0 0 0 
141000 100 76.64 0 10 1058.64 0 9.98717 1 56211.2 45.2844 0 0 0 
142000 100 77.29 0 10 1067.27 0 9.98726 1 54519.9 43.9072 0 0 0 
143000 100 90.81 0 10 1073.55 0 9.98735 1 56038.7 45.1869 0 0 0 
144000 100 80.04 0 10 1080.63 0 9.98744 1 55171.1 44.1985 0 0 0 
145000 100 88.39 0 10 1086.96 0 9.98752 1 59164.9 47.2359 0 0 0 
146000 100 106.92 0 10 1091 0 9.98761 1 53543.2 42.7388 0 0 0 
147000 100 88.57 0 10 1098.79 0 9.98769 1 55359.2 44.1059 0 0 0 
148000 100 81.46 0 10 1109.35 0 9.98778 1 52500.8 41.7291 0 0 0 
149000 100 89.96 0 10 1117.23 0 9.98786 1 55388.7 44.05 0 0 0 
150000 100 105.05 0 10 1124.18 0 9.98794 1 57634.9 45.8106 0 0 0 
151000 100 101.38 0 10 1131.85 0 9.98802 1 55207.2 43.7328 0 0 0 
152000 100 102.47 0 10 1139.77 0 9.9881 1 56933.5 45.1814 0 0 0 
153000 100 101.59 0 10 1153.45 0 9.98818 1 56535 44.9388 0 0 0 
154000 100 95.79 0 10 1160.93 0 9.98825 1 53751 42.8153 0 0 0 
155000 100 100.76 0 10 1170.54 0 9.98833 1 55661.3 44.2897 0 0 0 
156000 100 99.92 0 10 1180.16 0 9.9884 1 56851.2 45.3555 0 0 0 
157000 100 84.6 0 10 1192.19 0 9.98848 1 54789.6 43.6698 0 0 0 
158000 100 72.78 0 10 1202.92 0 9.98855 1 54900.5 43.7506 0 0 0 
159000 100 76.53 0 10 1218.93 0 9.98862 1 54783.6 43.5418 0 0 0 
160000 100 74.97 0 10 1227.92 0 9.98869 1 53982 42.8578 0 0 0 
161000 100 93.26 0 10 1239.61 0 9.98876 1 54970.3 43.6171 0 0 0 
162000 100 93.31 0 10 1248.35 0 9.98883 1 53123.6 42.2233 0 0 0 
163000 100 77.3 0 10 1248.71 0 9.9889 1 54738 43.4424 0 0 0 
164000 100 94.24 0 10 1256.21 0 9.98897 1 50651.8 40.256 0 0 0 
165000 100 97.89 0 10 1260.61 0 9.98904 1 53439.5 42.5434 0 0 0 
166000 100 77.5 0 10 1268.58 0 9.9891 1 53964 42.9277 0 0 0 
167000 100 67.9 0 10 1278.82 0 9.98917 1 54641.5 43.4453 0 0 0 
168000 100 65.92 0 10 1284.02 0 9.98923 1 58197.9 46.2886 0 0 0 
169000 100 80.09 0 10 1284.54 0 9.9893 1 55864.6 44.2428 0 0 0 
170000 100 87.77 0 10 1297.84 0 9.98936 1 55501 44.1662 0 0 0 
171000 100 85.63 0 10 1306.27 0 9.98942 1 54417.5 43.4209 0 0 0 
172000 100 81.12 0 10 1313.81 0 9.98948 1 52453.7 41.9466 0 0 0 
173000 100 75.32 0 10 1326.45 0 9.98954 1 51725.8 41.5477 0 0 0 
174000 100 92.27 0 10 1335.42 0 9.9896 1 59162.5 47.5036 0 0 0 
175000 100 69.31 0 10 1344.96 0 9.98966 1 50212.8 40.5434 0 0 0 
176000 100 80.63 0 10 1355.72 0 9.98972 1 52939.2 42.7788 0 0 0 
177000 100 91.57 0 10 1364.1 0 9.98978 1 54240.5 43.8254 0 0 0 
178000 100 86.38 0 10 1371.42 0 9.98984 1 55893.3 45.1793 0 0 0 
179000 100 81.14 0 10 1378.18 0 9.98989 1 49762.4 40.2565 0 0 0 
180000 100 96.79 0 10 1383.25 0 9.98995 1 56889.2 46.0734 0 0 0 
181000 100 94.42 0 10 1390.71 0 9.99001 1 49449 39.9432 0 0 0 
182000 100 91.72 0 10 1406.42 0 9.99006 1 50988.2 41.3273 0 0 0 
183000 100 70.41 0 10 1419.27 0 9.99011 1 51165.9 41.6234 0 0 0 
184000 100 78.08 0 10 1427.12 0 9.99017 1 54410.9 44.2551 0 0 0 
185000 100 69.75 0 10 1436.95 0 9.99022 1 56001.1 45.5541 0 0 0 
186000 100 83.39 0 10 1452.63 0 9.99027 1 51828.9 42.2342 0 0 0 
187000 100 77.01 0 10 1471.56 0 9.99033 1 49946.4 40.7979 0 0 0 
188000 100 81.82 0 10 1485.8 0 9.99038 1 52210.8 42.8271 0 0 0 
189000 100 75.32 0 10 1504.52 0 9.99043 1 49142.2 40.3659 0 0 0 
190000 100 73.42 0 10 1515.87 0 9.99048 1 52066.7 42.8723 0 0 0 
191000 100 101.09 0 10 1530.94 0 9.99053 1 49057.5 40.479 0 0 0 
192000 100 101 0 10 1544.33 0 9.99058 1 48124.2 39.7643 0 0 0 
193000 100 78.9 0 10 1558.3 0 9.99063 1 49062.9 40.5621 0 0 0 
194000 100 87.48 0 10 1564.99 0 9.99067 1 51787.5 42.9233 0 0 0 
195000 100 92.26 0 10 1572.97 0 9.99072 1 54484.7 45.0654 0 0 0 
196000 100 77.92 0 10 1583.51 0 9.99077 1 48492.5 40.0543 0 0 0 
197000 100 67.1 0 10 1600.99 0 9.99082 1 46671.1 38.3879 0 0 0 
198000 100 67.1 0 10 1618.6 0 9.99086 1 48134 39.3855 0 0 0 
199000 100 73.69 0 10 1633.3 0 9.99091 1 46436.5 38.1255 0 0 0 
200000 100 75.78 0 10 1653.39 0 9.99095 1 48253 39.801 0 0 0 
201000 100 86.3 0 10 1687.11 0 9.991 1 44403.4 36.9379 0 0 0 
202000 100 66.93 0 10 1713.58 0 9.99104 1 46370.5 38.5824 0 0 0 
203000 100 85.63 0 10 1722.97 0 9.99109 1 50054.4 41.5101 0 0 0 
204000 100 68.89 0 10 1738.81 0 9.99113 1 48691.1 40.4688 0 0 0 
205000 100 79.35 0 10 1760.13 0 9.99118 1 48736.3 40.7335 0 0 0 
206000 100 87.3 0 10 1772.26 0 9.99122 1 44018.9 36.7345 0 0 0 
207000 100 90.11 0 10 1784.11 0 9.99126 1 47363.6 39.7303 0 0 0 
208000 100 79.73 0 10 1792.46 0 9.9913 1 47954.8 40.1099 0 0 0 
209000 100 57.19 0 10 1805.14 0 9.99134 1 50524.5 42.263 0 0 0 
210000 100 51.78 0 10 1826.6 0 9.99139 1 47559.6 40.0118 0 0 0 
211000 100 94.77 0 10 1849.57 0 9.99143 1 54448.7 45.9541 0 0 0 
212000 100 82.08 0 10 1868.27 0 9.99147 1 49026.4 41.3569 0 0 0 
213000 100 89.71 0 10 1880.9 0 9.99151 1 49194.2 41.4128 0 0 0 
214000 100 81.54 0 10 1887.91 0 9.99155 1 49715.5 41.7011 0 0 0 
215000 100 85.18 0 10 1900.75 0 9.99159 1 49405.5 41.129 0 0 0 
216000 100 73.81 0 10 1907.95 0 9.99162 1 47845.8 39.6233 0 0 0 
217000 100 87.87 0 10 1923.44 0 9.99166 1 46415.4 38.3433 0 0 0 
218000 100 87.43 0 10 1929.92 0 9.9917 1 47201.4 38.8473 0 0 0 
219000 100 73.06 0 10 1941.41 0 9.99174 1 47963.3 39.4117 0 0 0 
220000 100 89.16 0 10 1946.39 0 9.99178 1 50074.9 40.8994 0 0 0 
221000 100 86.38 0 10 1951.23 0 9.99181 1 49734.6 40.5854 0 0 0 
222000 100 78.47 0 10 1972.76 0 9.99185 1 44384.4 36.2194 0 0 0 
223000 100 75.76 0 10 1988.37 0 9.99189 1 44047.2 36.0177 0 0 0 
224000 100 80.64 0 10 2000.24 0 9.99192 1 51296.6 41.7153 0 0 0 
225000 100 76.26 0 10 2013.84 0 9.99196 1 53712.8 43.4379 0 0 0 
226000 100 74.86 0 10 2021.32 0 9.992 1 47626.8 38.5552 0 0 0 
227000 100 65.66 0 10 2032.88 0 9.99203 1 49045.4 39.766 0 0 0 
228000 100 74.03 0 10 2050.26 0 9.99207 1 44931.8 36.3752 0 0 0 
229000 100 73.75 0 10 2060.19 0 9.9921 1 46690.8 37.7715 0 0 0 
230000 100 73.76 0 10 2068.23 0 9.99213 1 47573.2 38.5089 0 0 0 
231000 100 81.39 0 10 2077.7 0 9.99217 1 53872.2 43.586 0 0 0 
232000 100 86.91 0 10 2078.46 0 9.9922 1 50053.2 40.5687 0 0 0 
233000 100 92.67 0 10 2091.65 0 9.99224 1 54608.1 44.4364 0 0 0 
234000 100 85.07 0 10 2102.32 0 9.99227 1 46277.7 37.7139 0 0 0 
235000 100 86.81 0 10 2113.81 0 9.9923 1 47407.6 38.7694 0 0 0 
236000 100 89.11 0 10 2125.22 0 9.99233 1 49968.9 40.9052 0 0 0 
237000 100 85.97 0 10 2140 0 9.99237 1 50979.3 41.7402 0 0 0 
238000 100 93.69 0 10 2146.2 0 9.9924 1 47631.6 38.9965 0 0 0 
239000 100 83.38 0 10 2156.8 0 9.99243 1 48738.9 39.9606 0 0 0 
240000 100 91.76 0 10 2168.59 0 9.99246 1 50633.2 41.6023 0 0 0 
241000 100 92.44 0 10 2177.82 0 9.99249 1 49787.4 41.1233 0 0 0 
242000 100 103.58 0 10 2188.15 0 9.99252 1 48356 39.734 0 0 0 
243000 100 89.67 0 10 2207.99 0 9.99256 1 48901.7 40.3277 0 0 0 
244000 100 77.32 0 10 2226.35 0 9.99259 1 46592.1 38.4277 0 0 0 
245000 100 78.28 0 10 2234.12 0 9.99262 1 50338.8 41.5479 0 0 0 
246000 100 82.27 0 10 2242.11 0 9.99265 1 48618.9 40.0786 0 0 0 
247000 100 74.48 0 10 2253.01 0 9.99268 1 49757.2 41.1096 0 0 0 
248000 100 71.22 0 10 2258.31 0 9.99271 1 54377.7 44.9179 0 0 0 
249000 100 74.44 0 10 2265.75 0 9.99273 1 50814.8 41.8477 0 0 0 
250000 100 87.03 0 10 2277.97 0 9.99276 1 52700.1 43.2456 0 0 0 