# Avida Average Deme Data
# Tue Apr 15 21:48:34 2014
#  1: Update
#  2: Count
#  3: Age
#  4: Births
#  5: Organisms
#  6: Generation
#  7: Births (at last replication)
#  8: Organisms (at last replication)
#  9: Merit
# 10: Gestation Time
# 11: Time Used (normalized by org fitness)
# 12: Generations between current and last founders
# 13: Events killed
# 14: Attempts to kill event

0 100 0 0 1 0 0 0 1 0 0 0 0 0 
1000 100 24.29 0 10 5.81 0 8.18312 1 57022.3 49.207 0 0 0 
2000 100 51.2 0 10 11.38 0 9.0911 1 57038.8 49.3182 0 0 0 
3000 100 33.06 0 10 16.44 0 9.39397 1 56858 49.1553 0 0 0 
4000 100 40.42 0 10 21.53 0 9.54544 1 54996.4 47.5045 0 0 0 
5000 100 43.2 0 10 27 0 9.63633 1 58636 50.6869 0 0 0 
6000 100 46.59 0 10 32.57 0 9.69693 1 56609.1 48.8209 0 0 0 
7000 100 34.97 0 10 38.53 0 9.74022 1 58017.4 49.8391 0 0 0 
8000 100 33.73 0 10 43.18 0 9.77269 1 57500.6 49.4141 0 0 0 
9000 100 31.22 0 10 50.52 0 9.79794 1 58537.3 50.3297 0 0 0 
10000 100 28.1 0 10 55.26 0 9.81815 1 58620.7 50.3972 0 0 0 
11000 100 30.96 0 10 59.19 0 9.83468 1 55799 47.9231 0 0 0 
12000 100 33.43 0 10 67 0 9.84845 1 58132.8 49.8824 0 0 0 
13000 100 29.95 0 10 72.53 0 9.86011 1 58574.4 50.5071 0 0 0 
14000 100 40.35 0 10 81.79 0 9.8701 1 57035.2 49.2058 0 0 0 
15000 100 25.24 0 10 82.92 0 9.87876 1 56788.5 48.6893 0 0 0 
16000 100 34.12 0 10 85.85 0 9.88634 1 59638.9 51.0058 0 0 0 
17000 100 36.06 0 10 91.84 0 9.89302 1 57100.2 48.7265 0 0 0 
18000 100 38 0 10 96.8 0 9.89897 1 59589.9 50.8135 0 0 0 
19000 100 62.05 0 10 105.13 0 9.90428 1 59092.9 50.2042 0 0 0 
20000 100 80.53 0 10 115.35 0 9.90907 1 58717.3 50.0155 0 0 0 
21000 100 70.08 0 10 121.85 0 9.9134 1 59525.2 50.6968 0 0 0 
22000 100 62.83 0 10 129 0 9.91734 1 56676.2 48.3414 0 0 0 
23000 100 81.78 0 10 139.08 0 9.92093 1 56465.6 48.4321 0 0 0 
24000 100 90.9 0 10 149.65 0 9.92422 1 57779.9 49.9376 0 0 0 
25000 100 94.9 0 10 156.03 0 9.92725 1 57733.4 49.9332 0 0 0 
26000 100 103.46 0 10 163 0 9.93005 1 55883.9 48.41 0 0 0 
27000 100 108.4 0 10 173.49 0 9.93264 1 55007.9 47.765 0 0 0 
28000 100 89.21 0 10 176.24 0 9.93505 1 55874.3 48.5062 0 0 0 
29000 100 87.92 0 10 187.33 0 9.93729 1 55898.3 48.5082 0 0 0 
30000 100 88.9 0 10 198.15 0 9.93938 1 58708.8 51.169 0 0 0 
31000 100 85.96 0 10 199.56 0 9.94133 1 56975.7 49.6938 0 0 0 
32000 100 66.7 0 10 205.47 0 9.94317 1 56132.4 48.9478 0 0 0 
33000 100 69.96 0 10 207.6 0 9.94489 1 53820.1 47.0253 0 0 0 
34000 100 83.05 0 10 210.47 0 9.94651 1 53020.4 46.4446 0 0 0 
35000 100 66.77 0 10 214.58 0 9.94804 1 56570.3 49.5714 0 0 0 
36000 100 85.08 0 10 220.04 0 9.94948 1 53262.6 46.6693 0 0 0 
37000 100 93.58 0 10 225.54 0 9.95085 1 56421.7 49.4596 0 0 0 
38000 100 78.8 0 10 231.02 0 9.95214 1 53255.8 46.7971 0 0 0 
39000 100 69.33 0 10 237.43 0 9.95337 1 58847.6 51.676 0 0 0 
40000 100 64.43 0 10 246.21 0 9.95453 1 55818.8 48.9912 0 0 0 
41000 100 79.39 0 10 251.13 0 9.95564 1 51879.8 45.4796 0 0 0 
42000 100 74.68 0 10 256.74 0 9.9567 1 57551.6 50.3167 0 0 0 
43000 100 65.97 0 10 261.74 0 9.95771 1 54848.7 47.9671 0 0 0 
44000 100 85.02 0 10 267.72 0 9.95867 1 56037.1 49.3314 0 0 0 
45000 100 105.26 0 10 272.1 0 9.95959 1 53590.4 47.2969 0 0 0 
46000 100 119.61 0 10 274.88 0 9.96046 1 58965.3 52.0257 0 0 0 
47000 100 99.12 0 10 282.18 0 9.96131 1 54402.6 48.0033 0 0 0 
48000 100 105.54 0 10 288.24 0 9.96211 1 57795.1 50.9814 0 0 0 
49000 100 90.19 0 10 297.89 0 9.96288 1 53924.9 47.6929 0 0 0 
50000 100 78.85 0 10 302.29 0 9.96363 1 53637.1 47.8373 0 0 0 
51000 100 76.37 0 10 308.15 0 9.96434 1 57115.3 50.8867 0 0 0 
52000 100 87.65 0 10 315.28 0 9.96503 1 57093.4 50.6013 0 0 0 
53000 100 87.97 0 10 319.26 0 9.96569 1 58745.9 52.2636 0 0 0 
54000 100 78.6 0 10 323.59 0 9.96632 1 57949.4 51.7403 0 0 0 
55000 100 72.97 0 10 327.1 0 9.96693 1 59168.1 53.0729 0 0 0 
56000 100 73.06 0 10 332.56 0 9.96752 1 57756.5 51.7579 0 0 0 
57000 100 76.62 0 10 336.07 0 9.96809 1 58477.8 52.4897 0 0 0 
58000 100 81.54 0 10 343.83 0 9.96864 1 59901.4 53.7141 0 0 0 
59000 100 92.2 0 10 349.84 0 9.96918 1 58131.4 52.8069 0 0 0 
60000 100 84.29 0 10 353.68 0 9.96969 1 59024 53.5817 0 0 0 
61000 100 84.78 0 10 360.06 0 9.97019 1 55504.4 50.2788 0 0 0 
62000 100 70.5 0 10 365.16 0 9.97067 1 59254.2 53.5176 0 0 0 
63000 100 66.33 0 10 369.35 0 9.97113 1 58671.6 52.9014 0 0 0 
64000 100 63.18 0 10 375.35 0 9.97158 1 58708.6 52.9017 0 0 0 
65000 100 59.21 0 10 379.78 0 9.97202 1 58286.2 52.4044 0 0 0 
66000 100 56.55 0 10 384.16 0 9.97244 1 60087.3 53.9282 0 0 0 
67000 100 68.82 0 10 389.42 0 9.97286 1 60113.8 54.0982 0 0 0 
68000 100 58.57 0 10 393.31 0 9.97325 1 59855.3 53.7506 0 0 0 
69000 100 58.39 0 10 398.31 0 9.97364 1 60028 53.7789 0 0 0 
70000 100 67.69 0 10 404.03 0 9.97402 1 59068.1 53.2368 0 0 0 
71000 100 43.12 0 10 407.77 0 9.97438 1 59994.6 53.9764 0 0 0 
72000 100 42.31 0 10 413.23 0 9.97474 1 59953.1 53.8716 0 0 0 
73000 100 42 0 10 418.16 0 9.97509 1 60010.7 53.8843 0 0 0 
74000 100 48.04 0 10 423.84 0 9.97542 1 59964 53.8236 0 0 0 
75000 100 45.59 0 10 429.55 0 9.97575 1 59405.3 53.4742 0 0 0 
76000 100 45.02 0 10 434.6 0 9.97607 1 60029.4 54.2168 0 0 0 
77000 100 44.89 0 10 439.32 0 9.97638 1 59951.4 54.0889 0 0 0 
78000 100 50.83 0 10 444.45 0 9.97668 1 59938.6 54.0475 0 0 0 
79000 100 43 0 10 450.89 0 9.97698 1 60058.8 54.2629 0 0 0 
80000 100 49.85 0 10 455.51 0 9.97727 1 60019.7 54.2231 0 0 0 
81000 100 55.18 0 10 459.92 0 9.97755 1 60058.5 54.3271 0 0 0 
82000 100 68.47 0 10 463.52 0 9.97782 1 59866.2 54.2901 0 0 0 
83000 100 58.97 0 10 467.11 0 9.97809 1 59846.7 54.0472 0 0 0 
84000 100 55.76 0 10 472.33 0 9.97835 1 60005.9 54.23 0 0 0 
85000 100 57.19 0 10 476.43 0 9.9786 1 59884.1 54.3803 0 0 0 
86000 100 64.12 0 10 481.17 0 9.97885 1 59946.8 54.2753 0 0 0 
87000 100 55.7 0 10 485.54 0 9.9791 1 59992.6 54.1458 0 0 0 
88000 100 56.48 0 10 490.82 0 9.97933 1 60011.3 54.0306 0 0 0 
89000 100 51.08 0 10 495.73 0 9.97957 1 59925.6 54.0501 0 0 0 
90000 100 40.04 0 10 500.85 0 9.97979 1 59881 54.1126 0 0 0 
91000 100 50 0 10 505.28 0 9.98001 1 60018.1 54.1971 0 0 0 
92000 100 45.68 0 10 510.64 0 9.98023 1 59952.3 54.0839 0 0 0 
93000 100 58.98 0 10 514.95 0 9.98044 1 60005.2 54.0928 0 0 0 
94000 100 54.46 0 10 521.06 0 9.98065 1 60142.5 54.1683 0 0 0 
95000 100 55.13 0 10 526.99 0 9.98086 1 60051.1 54.198 0 0 0 
96000 100 54.42 0 10 531.87 0 9.98106 1 59792.9 54.0481 0 0 0 
97000 100 62.02 0 10 535.67 0 9.98125 1 60066.7 54.4033 0 0 0 
98000 100 53.67 0 10 540.11 0 9.98144 1 59867.6 54.2281 0 0 0 
99000 100 68.84 0 10 545.85 0 9.98163 1 59991.6 54.3745 0 0 0 
100000 100 84.2 0 10 551.09 0 9.98181 1 60025.2 54.5938 0 0 0 
101000 100 98.76 0 10 555.52 0 9.98199 1 59950.7 54.7253 0 0 0 
102000 100 114.12 0 10 560.49 0 9.98217 1 60176.2 54.4433 0 0 0 
103000 100 118.28 0 10 565.61 0 9.98234 1 60018.8 54.1195 0 0 0 
104000 100 120.16 0 10 570.82 0 9.98251 1 60068.8 54.4386 0 0 0 
105000 100 121.76 0 10 575.82 0 9.98268 1 60010 54.0196 0 0 0 
106000 100 122 0 10 581 0 9.98284 1 60044.8 54.0606 0 0 0 
107000 100 122.16 0 10 586 0 9.983 1 60044.4 53.6134 0 0 0 
108000 100 122 0 10 591 0 9.98316 1 60127.3 53.3514 0 0 0 
109000 100 122 0 10 596 0 9.98331 1 59963.9 53.3585 0 0 0 
110000 100 122 0 10 601 0 9.98347 1 60080.5 53.6433 0 0 0 
111000 100 122 0 10 606 0 9.98362 1 60017.6 53.9835 0 0 0 
112000 100 122 0 10 611 0 9.98376 1 60006 54.3237 0 0 0 
113000 100 122 0 10 616 0 9.98391 1 60014.3 54.3214 0 0 0 
114000 100 120.74 0 10 621.02 0 9.98405 1 60013.8 54.5244 0 0 0 
115000 100 122.71 0 10 626.01 0 9.98419 1 59981.9 54.7226 0 0 0 
116000 100 123.09 0 10 631 0 9.98432 1 59863.3 54.6847 0 0 0 
117000 100 119.6 0 10 636.04 0 9.98446 1 59986.1 54.6149 0 0 0 
118000 100 113.28 0 10 641.08 0 9.98459 1 60123.3 54.9422 0 0 0 
119000 100 113.92 0 10 646.08 0 9.98472 1 60037 55.1302 0 0 0 
120000 100 111.9 0 10 651.1 0 9.98484 1 60045.8 55.0981 0 0 0 
121000 100 107.86 0 10 656.14 0 9.98497 1 60143.4 55.2582 0 0 0 
122000 100 102.81 0 10 661.19 0 9.98509 1 60029.7 55.0937 0 0 0 
123000 100 113.92 0 10 666.08 0 9.98521 1 60029 55.2703 0 0 0 
124000 100 119.98 0 10 671.02 0 9.98533 1 59893.6 55.4014 0 0 0 
125000 100 119.58 0 10 676.02 0 9.98545 1 60066.9 55.8245 0 0 0 
126000 100 122 0 10 681 0 9.98557 1 60029.6 55.8674 0 0 0 
127000 100 122 0 10 686 0 9.98568 1 59798.7 55.5072 0 0 0 
128000 100 122.76 0 10 691 0 9.98579 1 59757.8 55.3414 0 0 0 
129000 100 122 0 10 696 0 9.9859 1 60069.3 55.4508 0 0 0 
130000 100 122.56 0 10 701 0 9.98601 1 59889 55.1305 0 0 0 
131000 100 122.84 0 10 706 0 9.98612 1 59980.8 55.0733 0 0 0 
132000 100 122.84 0 10 711 0 9.98622 1 59959.6 54.8076 0 0 0 
133000 100 120.16 0 10 716.02 0 9.98633 1 59382.5 54.2419 0 0 0 
134000 100 121.38 0 10 721.12 0 9.98643 1 59950.7 54.7797 0 0 0 
135000 100 115.4 0 10 726.52 0 9.98653 1 59479.7 54.5427 0 0 0 
136000 100 107.79 0 10 731.82 0 9.98663 1 59720.7 54.6742 0 0 0 
137000 100 108.02 0 10 737.08 0 9.98672 1 59864.4 55.0177 0 0 0 
138000 100 107.25 0 10 742.23 0 9.98682 1 59630.9 54.8567 0 0 0 
139000 100 105.43 0 10 747.57 0 9.98692 1 58659.2 54.0939 0 0 0 
140000 100 101.84 0 10 752.99 0 9.98701 1 58934.4 54.3487 0 0 0 
141000 100 108.1 0 10 757.89 0 9.9871 1 60026.1 55.2983 0 0 0 
142000 100 108.79 0 10 763.07 0 9.98719 1 59024.9 54.2624 0 0 0 
143000 100 104.24 0 10 768.86 0 9.98728 1 59291.7 54.8619 0 0 0 
144000 100 94.84 0 10 774.37 0 9.98737 1 57943.1 53.7318 0 0 0 
145000 100 114.85 0 10 779.06 0 9.98746 1 59988.4 55.5141 0 0 0 
146000 100 114.45 0 10 783.94 0 9.98754 1 59350.6 54.6639 0 0 0 
147000 100 123.58 0 10 788.83 0 9.98763 1 59943.7 55.3761 0 0 0 
148000 100 124.79 0 10 793.93 0 9.98771 1 59337.2 54.9771 0 0 0 
149000 100 120.22 0 10 798.65 0 9.98779 1 60033.2 55.5606 0 0 0 
150000 100 120.04 0 10 803.13 0 9.98788 1 59974 55.434 0 0 0 
151000 100 110.08 0 10 808.33 0 9.98796 1 60000.2 55.4733 0 0 0 
152000 100 114.1 0 10 812.9 0 9.98803 1 59988.3 55.2934 0 0 0 
153000 100 113.76 0 10 817.38 0 9.98811 1 59900.1 55.2889 0 0 0 
154000 100 111.56 0 10 822.15 0 9.98819 1 60001.3 55.4695 0 0 0 
155000 100 110.9 0 10 827.03 0 9.98827 1 59966.6 55.5344 0 0 0 
156000 100 115.66 0 10 831.9 0 9.98834 1 59997.8 55.5278 0 0 0 
157000 100 116.8 0 10 836.84 0 9.98842 1 59972.8 55.3453 0 0 0 
158000 100 113.25 0 10 842.29 0 9.98849 1 59922 55.4682 0 0 0 
159000 100 114.57 0 10 847.36 0 9.98856 1 59929.4 55.4644 0 0 0 
160000 100 115.7 0 10 852.18 0 9.98863 1 60063.8 55.5126 0 0 0 
161000 100 119.37 0 10 857 0 9.9887 1 60144.6 55.4476 0 0 0 
162000 100 118.22 0 10 862.72 0 9.98877 1 59921.6 55.4834 0 0 0 
163000 100 115.34 0 10 867.77 0 9.98884 1 60028.8 55.6853 0 0 0 
164000 100 110.91 0 10 872.9 0 9.98891 1 60035.4 55.4704 0 0 0 
165000 100 111.76 0 10 878.47 0 9.98898 1 59950.9 55.4998 0 0 0 
166000 100 121.01 0 10 883.06 0 9.98904 1 59992.3 55.4203 0 0 0 
167000 100 118.59 0 10 888.22 0 9.98911 1 59803.5 55.131 0 0 0 
168000 100 119.27 0 10 893 0 9.98917 1 59956.4 54.9866 0 0 0 
169000 100 116.37 0 10 898.08 0 9.98924 1 59930.6 55.0284 0 0 0 
170000 100 115.7 0 10 903.31 0 9.9893 1 59848.2 55.0637 0 0 0 
171000 100 113.26 0 10 907.67 0 9.98936 1 60054.1 55.1364 0 0 0 
172000 100 119.58 0 10 912.28 0 9.98943 1 59936.5 54.9973 0 0 0 
173000 100 113.06 0 10 917.6 0 9.98949 1 59877.2 55.1859 0 0 0 
174000 100 116.32 0 10 922.44 0 9.98955 1 59984.2 55.0564 0 0 0 
175000 100 119.02 0 10 927.66 0 9.98961 1 60033.9 54.7755 0 0 0 
176000 100 118.74 0 10 932.61 0 9.98967 1 59910.1 54.6379 0 0 0 
177000 100 119.05 0 10 937.46 0 9.98972 1 59940.9 54.7601 0 0 0 
178000 100 121.06 0 10 942 0 9.98978 1 60340.3 54.3998 0 0 0 
179000 100 120.98 0 10 948.02 0 9.98984 1 59992.9 54.1355 0 0 0 
180000 100 118.68 0 10 952.77 0 9.9899 1 59780.6 54.1189 0 0 0 
181000 100 121.84 0 10 958.04 0 9.98995 1 60008 54.4832 0 0 0 
182000 100 123.38 0 10 962.84 0 9.99001 1 60019.2 54.5436 0 0 0 
183000 100 123.2 0 10 967.6 0 9.99006 1 60016.4 54.3278 0 0 0 
184000 100 123.26 0 10 972.68 0 9.99012 1 60085.6 54.4108 0 0 0 
185000 100 123.2 0 10 977.6 0 9.99017 1 60019.2 53.9653 0 0 0 
186000 100 123.56 0 10 983.08 0 9.99022 1 60040.5 54.0708 0 0 0 
187000 100 123.77 0 10 988.36 0 9.99027 1 59768.3 54.0983 0 0 0 
188000 100 123.8 0 10 993.4 0 9.99033 1 59883.8 54.1245 0 0 0 
189000 100 123.77 0 10 998.36 0 9.99038 1 60239.2 54.3813 0 0 0 
190000 100 123.95 0 10 1003.6 0 9.99043 1 59950.8 54.3189 0 0 0 
191000 100 124.46 0 10 1009.28 0 9.99048 1 59935.1 54.5599 0 0 0 
192000 100 124.58 0 10 1014.44 0 9.99053 1 59942.2 54.5423 0 0 0 
193000 100 124.22 0 10 1018.96 0 9.99058 1 60013.5 54.3299 0 0 0 
194000 100 124.5 0 10 1023.88 0 9.99063 1 59877.9 54.207 0 0 0 
195000 100 121.95 0 10 1029.02 0 9.99067 1 59571.8 54.0917 0 0 0 
196000 100 119.68 0 10 1034.08 0 9.99072 1 59997.4 54.7463 0 0 0 
197000 100 115.23 0 10 1039.32 0 9.99077 1 60180.6 55.0857 0 0 0 
198000 100 114.32 0 10 1044.54 0 9.99081 1 60150.7 55.372 0 0 0 
199000 100 118.54 0 10 1049.6 0 9.99086 1 60125.9 55.5196 0 0 0 
200000 100 121.02 0 10 1054.84 0 9.99091 1 59484.4 54.9508 0 0 0 
201000 100 122.84 0 10 1060.06 0 9.99095 1 59923.5 55.6029 0 0 0 
202000 100 123.36 0 10 1065.06 0 9.991 1 59656.4 55.3869 0 0 0 
203000 100 124.2 0 10 1070.08 0 9.99104 1 59958.9 55.5024 0 0 0 
204000 100 124 0 10 1075.1 0 9.99108 1 60081.7 55.6261 0 0 0 
205000 100 124.1 0 10 1080.09 0 9.99113 1 59941 55.5157 0 0 0 
206000 100 123.1 0 10 1085.19 0 9.99117 1 60011.1 55.7723 0 0 0 
207000 100 124.2 0 10 1090.08 0 9.99121 1 59987.5 55.7608 0 0 0 
208000 100 124.8 0 10 1095.02 0 9.99126 1 60017.9 55.737 0 0 0 
209000 100 125 0 10 1100 0 9.9913 1 60021 55.6627 0 0 0 
210000 100 125 0 10 1105 0 9.99134 1 60120.8 55.6983 0 0 0 
211000 100 125 0 10 1110 0 9.99138 1 59832.5 55.8351 0 0 0 
212000 100 125 0 10 1115 0 9.99142 1 59979.1 55.9717 0 0 0 
213000 100 125 0 10 1120 0 9.99146 1 59986.6 55.8846 0 0 0 
214000 100 125 0 10 1125 0 9.9915 1 59914.4 55.7866 0 0 0 
215000 100 125 0 10 1130 0 9.99154 1 60034.5 55.721 0 0 0 
216000 100 125 0 10 1135 0 9.99158 1 59891.2 55.5319 0 0 0 
217000 100 124.32 0 10 1140.02 0 9.99162 1 59030.9 54.7439 0 0 0 
218000 100 121.35 0 10 1145.04 0 9.99166 1 60021.9 55.57 0 0 0 
219000 100 118.2 0 10 1150.08 0 9.9917 1 59910.1 55.4101 0 0 0 
220000 100 110.02 0 10 1155.18 0 9.99173 1 60023.5 55.4442 0 0 0 
221000 100 115.12 0 10 1160.14 0 9.99177 1 59990.2 55.412 0 0 0 
222000 100 124.34 0 10 1165.06 0 9.99181 1 59933.9 55.5099 0 0 0 
223000 100 130.13 0 10 1170.02 0 9.99184 1 59249.8 54.9837 0 0 0 
224000 100 132 0 10 1175 0 9.99188 1 60000.3 55.4835 0 0 0 
225000 100 129.5 0 10 1180 0 9.99192 1 60061.6 55.6583 0 0 0 
226000 100 129.75 0 10 1185 0 9.99195 1 59990.7 55.3786 0 0 0 
227000 100 129.75 0 10 1190 0 9.99199 1 59957.9 55.4399 0 0 0 
228000 100 122.36 0 10 1196.28 0 9.99202 1 53901.8 49.8185 0 0 0 
229000 100 89.24 0 10 1213.96 0 9.99206 1 41187.8 37.5928 0 0 0 
230000 100 86.56 0 10 1246.05 0 9.99209 1 39214.3 35.5425 0 0 0 
231000 100 61.57 0 10 1285.72 0 9.99213 1 41250.7 37.2211 0 0 0 
232000 100 86.11 0 10 1334.91 0 9.99216 1 38390.7 34.4445 0 0 0 
233000 100 79.51 0 10 1406.57 0 9.99219 1 26244.6 23.3964 0 0 0 
234000 100 75.07 0 10 1470.94 0 9.99223 1 31122.2 27.7781 0 0 0 
235000 100 80.34 0 10 1559.99 0 9.99226 1 29911 26.6632 0 0 0 
236000 100 74.43 0 10 1630.27 0 9.99229 1 28503.8 25.5028 0 0 0 
237000 100 66.37 0 10 1708.49 0 9.99233 1 25975.4 23.4434 0 0 0 
238000 100 81.65 0 10 1789.59 0 9.99236 1 30835 27.7248 0 0 0 
239000 100 75.62 0 10 1868.94 0 9.99239 1 29709.4 26.7506 0 0 0 
240000 100 76.85 0 10 1944.02 0 9.99242 1 26153.9 23.5476 0 0 0 
241000 100 70.57 0 10 2099.59 0 9.99245 1 30638 27.5571 0 0 0 
242000 100 65.57 0 10 2203.71 0 9.99248 1 15676.5 14.0716 0 0 0 
243000 100 82.13 0 10 2301.7 0 9.99252 1 26521.2 23.5306 0 0 0 
244000 100 71.93 0 10 2417.23 0 9.99255 1 38075.4 34.2282 0 0 0 
245000 100 72.88 0 10 2539.64 0 9.99258 1 25519.5 22.9845 0 0 0 
246000 100 70.95 0 10 2644.9 0 9.99261 1 31498.7 28.3274 0 0 0 
247000 100 61.89 0 10 2788.4 0 9.99264 1 23587.2 21.2497 0 0 0 
248000 100 84.24 0 10 2872.24 0 9.99267 1 30379.6 27.4622 0 0 0 
249000 100 64.21 0 10 2930.78 0 9.9927 1 27514.8 24.8837 0 0 0 
250000 100 71.78 0 10 2971.26 0 9.99273 1 28154.3 25.5342 0 0 0 