# Avida Average Deme Data
# Thu Apr 17 04:25:08 2014
#  1: Update
#  2: Count
#  3: Age
#  4: Births
#  5: Organisms
#  6: Generation
#  7: Births (at last replication)
#  8: Organisms (at last replication)
#  9: Merit
# 10: Gestation Time
# 11: Time Used (normalized by org fitness)
# 12: Generations between current and last founders
# 13: Events killed
# 14: Attempts to kill event

0 100 0 0 1 0 0 0 1 0 0 0 0 0 
1000 100 39.81 0 10 5.86 0 8.21738 1 55850.8 48.15 0 0 0 
2000 100 42.66 0 10 11.78 0 9.10825 1 55508.3 47.8419 0 0 0 
3000 100 51.25 0 10 17.53 0 9.4054 1 53947.2 46.5432 0 0 0 
4000 100 64.3 0 10 22.62 0 9.55401 1 57101 49.1782 0 0 0 
5000 100 92 0 10 28.26 0 9.64319 1 55819.1 48.1067 0 0 0 
6000 100 100.22 0 10 35.34 0 9.70265 1 53990 46.5221 0 0 0 
7000 100 104.09 0 10 40.47 0 9.74512 1 55724.9 48.128 0 0 0 
8000 100 117.67 0 10 45.29 0 9.77698 1 54361.1 47.0251 0 0 0 
9000 100 120.59 0 10 52.73 0 9.80176 1 54487 47.3619 0 0 0 
10000 100 100.65 0 10 60.64 0 9.82158 1 58212.9 50.6394 0 0 0 
11000 100 91.76 0 10 66.15 0 9.8378 1 57468.4 50.1344 0 0 0 
12000 100 104.51 0 10 71.27 0 9.85131 1 56375.3 49.3163 0 0 0 
13000 100 99.64 0 10 78.87 0 9.86275 1 58685.4 51.2942 0 0 0 
14000 100 84.97 0 10 84.92 0 9.87255 1 58814.2 51.4067 0 0 0 
15000 100 84.09 0 10 91.96 0 9.88105 1 58212 50.8748 0 0 0 
16000 100 85.16 0 10 96.22 0 9.88848 1 57754.8 50.5197 0 0 0 
17000 100 87.55 0 10 100.89 0 9.89504 1 56504.5 49.4277 0 0 0 
18000 100 92.22 0 10 106.32 0 9.90087 1 59840.6 52.3839 0 0 0 
19000 100 97.86 0 10 110.73 0 9.90609 1 58706.8 51.6477 0 0 0 
20000 100 97.57 0 10 113.96 0 9.91078 1 60024.7 52.8069 0 0 0 
21000 100 87.4 0 10 119.62 0 9.91503 1 60045.2 52.6843 0 0 0 
22000 100 91.39 0 10 125.27 0 9.91889 1 59540.3 52.2811 0 0 0 
23000 100 86.06 0 10 131.55 0 9.92242 1 58385.2 51.0484 0 0 0 
24000 100 91.55 0 10 137.08 0 9.92565 1 58931 51.3984 0 0 0 
25000 100 76.32 0 10 144.81 0 9.92863 1 57634.2 50.2803 0 0 0 
26000 100 86.3 0 10 147.89 0 9.93137 1 57053 49.752 0 0 0 
27000 100 104.81 0 10 154.72 0 9.93391 1 58644.9 51.4476 0 0 0 
28000 100 108.52 0 10 163.96 0 9.93627 1 53755.1 47.3512 0 0 0 
29000 100 105.12 0 10 177.28 0 9.93847 1 54340 47.8848 0 0 0 
30000 100 111.43 0 10 190.15 0 9.94052 1 52740.6 46.3897 0 0 0 
31000 100 100.34 0 10 195.2 0 9.94244 1 54296.4 47.7757 0 0 0 
32000 100 91.75 0 10 201.28 0 9.94424 1 56831.6 50.0352 0 0 0 
33000 100 96.61 0 10 211.44 0 9.94593 1 58282.9 51.4657 0 0 0 
34000 100 87.96 0 10 220.9 0 9.94752 1 56335.7 49.5745 0 0 0 
35000 100 88.23 0 10 231.11 0 9.94902 1 53980.2 47.4142 0 0 0 
36000 100 84.07 0 10 237.4 0 9.95043 1 57391.2 50.4254 0 0 0 
37000 100 77.89 0 10 244.13 0 9.95177 1 49633.6 43.4812 0 0 0 
38000 100 80.94 0 10 260.69 0 9.95304 1 54127.2 47.2119 0 0 0 
39000 100 85.12 0 10 270.61 0 9.95425 1 56163 48.8538 0 0 0 
40000 100 85.54 0 10 280.55 0 9.95539 1 53321.4 46.4712 0 0 0 
41000 100 85.95 0 10 286.81 0 9.95648 1 55734.8 48.6485 0 0 0 
42000 100 86.88 0 10 290.09 0 9.95752 1 55648.7 48.5762 0 0 0 
43000 100 86.44 0 10 294.64 0 9.9585 1 52781.5 46.0354 0 0 0 
44000 100 89.54 0 10 300.96 0 9.95945 1 56938.5 49.6424 0 0 0 
45000 100 101.23 0 10 309.46 0 9.96035 1 55906.3 48.833 0 0 0 
46000 100 96.37 0 10 321.65 0 9.96121 1 55933.7 48.7643 0 0 0 
47000 100 93.16 0 10 330.46 0 9.96203 1 55564.2 48.4266 0 0 0 
48000 100 86.87 0 10 337.81 0 9.96283 1 58877.8 51.0758 0 0 0 
49000 100 70.87 0 10 347.77 0 9.96358 1 57706.9 49.9742 0 0 0 
50000 100 69.09 0 10 358.05 0 9.96431 1 55536.8 47.9844 0 0 0 
51000 100 71.05 0 10 366.77 0 9.96501 1 55628.4 48.121 0 0 0 
52000 100 70.04 0 10 373.3 0 9.96569 1 54397.9 47.159 0 0 0 
53000 100 70.82 0 10 378.54 0 9.96633 1 55285.1 47.9171 0 0 0 
54000 100 86.25 0 10 382.06 0 9.96696 1 53139.6 46.113 0 0 0 
55000 100 81.4 0 10 391.26 0 9.96756 1 55831.8 48.3162 0 0 0 
56000 100 90.34 0 10 397.97 0 9.96814 1 53531.3 46.3194 0 0 0 
57000 100 75.52 0 10 402.97 0 9.9687 1 57309.8 49.6916 0 0 0 
58000 100 67.16 0 10 408.94 0 9.96924 1 59164.3 51.1868 0 0 0 
59000 100 77.59 0 10 417.09 0 9.96976 1 57318.6 49.4435 0 0 0 
60000 100 71.92 0 10 421.86 0 9.97026 1 57881.2 49.9564 0 0 0 
61000 100 81.44 0 10 425.95 0 9.97075 1 55797.2 48.2006 0 0 0 
62000 100 77.6 0 10 432.83 0 9.97122 1 57761.7 49.9106 0 0 0 
63000 100 75.86 0 10 438.97 0 9.97168 1 58169 50.3072 0 0 0 
64000 100 79.17 0 10 445.55 0 9.97212 1 53321.4 46.1485 0 0 0 
65000 100 77.42 0 10 451.06 0 9.97255 1 59892.7 51.7787 0 0 0 
66000 100 66.45 0 10 457.93 0 9.97296 1 58687 51.013 0 0 0 
67000 100 62.52 0 10 461.19 0 9.97337 1 58372.6 50.7741 0 0 0 
68000 100 80.9 0 10 466.9 0 9.97376 1 58718.3 50.9503 0 0 0 
69000 100 77.49 0 10 471.65 0 9.97414 1 59477.1 51.5913 0 0 0 
70000 100 65.03 0 10 477.42 0 9.97451 1 59877.6 52.0494 0 0 0 
71000 100 76.1 0 10 484.57 0 9.97487 1 59254.5 51.559 0 0 0 
72000 100 69.54 0 10 489.25 0 9.97522 1 59963.9 52.1833 0 0 0 
73000 100 68.89 0 10 495.28 0 9.97556 1 60042.7 52.3477 0 0 0 
74000 100 69.74 0 10 503.08 0 9.97589 1 58442.9 51.1886 0 0 0 
75000 100 61.91 0 10 507.64 0 9.97621 1 58706.8 51.4071 0 0 0 
76000 100 59.58 0 10 512.17 0 9.97652 1 59896.9 52.7817 0 0 0 
77000 100 55.35 0 10 514.04 0 9.97683 1 59952.8 52.7614 0 0 0 
78000 100 54.63 0 10 519.88 0 9.97712 1 58937.6 51.7543 0 0 0 
79000 100 62.13 0 10 525.18 0 9.97741 1 60009.6 52.5109 0 0 0 
80000 100 68.36 0 10 529.91 0 9.9777 1 59214.4 51.6405 0 0 0 
81000 100 86.62 0 10 536.14 0 9.97797 1 59479.7 51.5716 0 0 0 
82000 100 63.55 0 10 543.74 0 9.97824 1 59244.2 51.8492 0 0 0 
83000 100 44.03 0 10 551.44 0 9.9785 1 59758.2 52.5025 0 0 0 
84000 100 47.48 0 10 558.4 0 9.97876 1 59823.3 52.6117 0 0 0 
85000 100 54.87 0 10 564.57 0 9.97901 1 57553.1 50.5405 0 0 0 
86000 100 55.26 0 10 569.93 0 9.97925 1 59406.2 52.2507 0 0 0 
87000 100 61.46 0 10 574.58 0 9.97949 1 59965.4 52.6057 0 0 0 
88000 100 57.86 0 10 581.83 0 9.97972 1 58959.6 51.7452 0 0 0 
89000 100 56.89 0 10 587.82 0 9.97995 1 56651 49.9099 0 0 0 
90000 100 65.83 0 10 591.69 0 9.98017 1 58452.5 51.1725 0 0 0 
91000 100 67.92 0 10 596.52 0 9.98039 1 59325.3 51.9377 0 0 0 
92000 100 61.33 0 10 600.66 0 9.9806 1 60057.2 52.4149 0 0 0 
93000 100 69.38 0 10 608.52 0 9.98081 1 57117 49.9206 0 0 0 
94000 100 71.8 0 10 614.87 0 9.98102 1 59837.3 52.4813 0 0 0 
95000 100 74.92 0 10 619.23 0 9.98122 1 59606.3 52.2366 0 0 0 
96000 100 92.87 0 10 627.65 0 9.98141 1 59248.8 52.0056 0 0 0 
97000 100 91.58 0 10 635.03 0 9.9816 1 59973 52.7469 0 0 0 
98000 100 97.65 0 10 639.65 0 9.98179 1 59956.9 52.5567 0 0 0 
99000 100 98.05 0 10 644.94 0 9.98198 1 58748.5 51.3809 0 0 0 
100000 100 89.84 0 10 654.6 0 9.98216 1 58837.2 51.6411 0 0 0 
101000 100 81.09 0 10 671.67 0 9.98233 1 57793.7 50.5126 0 0 0 
102000 100 69.75 0 10 692.77 0 9.98251 1 54971.6 48.2852 0 0 0 
103000 100 74.16 0 10 706.19 0 9.98268 1 55366.3 48.7448 0 0 0 
104000 100 69.39 0 10 716.15 0 9.98284 1 47786.2 42.2191 0 0 0 
105000 100 83.88 0 10 725.46 0 9.98301 1 48330.7 43.0486 0 0 0 
106000 100 84.89 0 10 736.23 0 9.98317 1 54599 48.689 0 0 0 
107000 100 78.55 0 10 747.74 0 9.98332 1 49918.3 44.7823 0 0 0 
108000 100 80.38 0 10 782.34 0 9.98348 1 33097.9 30.2371 0 0 0 
109000 100 73.74 0 10 813.71 0 9.98363 1 34446 31.7095 0 0 0 
110000 100 85.7 0 10 835.01 0 9.98378 1 33173.3 30.8074 0 0 0 
111000 100 69.05 0 10 883.97 0 9.98392 1 34156.7 31.8859 0 0 0 
112000 100 75.71 0 10 936.05 0 9.98407 1 36339.2 34.1559 0 0 0 
113000 100 82.94 0 10 983.69 0 9.98421 1 21548.7 20.2551 0 0 0 
114000 100 79.86 0 10 1033.34 0 9.98435 1 34376.2 32.1757 0 0 0 
115000 100 68.65 0 10 1102.95 0 9.98448 1 24082.2 22.6565 0 0 0 
116000 100 75.3 0 10 1183.19 0 9.98462 1 25402.8 23.8639 0 0 0 
117000 100 71.59 0 10 1238.03 0 9.98475 1 23940.4 22.1814 0 0 0 
118000 100 71.65 0 10 1298.23 0 9.98488 1 26646.2 24.5449 0 0 0 
119000 100 76.8 0 10 1352.75 0 9.98501 1 31042.8 28.4974 0 0 0 
120000 100 76.02 0 10 1412.08 0 9.98513 1 20283.9 18.5867 0 0 0 
121000 100 79.1 0 10 1493.24 0 9.98525 1 31145.2 28.3019 0 0 0 
122000 100 56.76 0 10 1532.47 0 9.98537 1 30645.5 27.8771 0 0 0 
123000 100 71.89 0 10 1580.34 0 9.98549 1 33018.2 29.7706 0 0 0 
124000 100 64.98 0 10 1647.73 0 9.98561 1 34756.2 30.9137 0 0 0 
125000 100 80.57 0 10 1690.26 0 9.98572 1 30788.2 27.1974 0 0 0 
126000 100 79.22 0 10 1727.76 0 9.98584 1 28869.4 25.3904 0 0 0 
127000 100 79.45 0 10 1808.52 0 9.98595 1 32045.2 28.2087 0 0 0 
128000 100 70.34 0 10 1888.63 0 9.98606 1 20126.3 17.7638 0 0 0 
129000 100 77.18 0 10 1984.82 0 9.98617 1 31397.9 27.6845 0 0 0 
130000 100 70.14 0 10 2047.88 0 9.98627 1 39793.2 34.9754 0 0 0 
131000 100 70.51 0 10 2172.15 0 9.98638 1 23068.2 20.2491 0 0 0 
132000 100 64.26 0 10 2258.35 0 9.98648 1 20731.8 18.2028 0 0 0 
133000 100 70.21 0 10 2306.36 0 9.98658 1 21322.9 18.7809 0 0 0 
134000 100 62.78 0 10 2360.87 0 9.98668 1 28749.5 25.4922 0 0 0 
135000 100 69.47 0 10 2397.36 0 9.98678 1 28602.3 25.3509 0 0 0 
136000 100 68.06 0 10 2456.72 0 9.98688 1 31805.3 28.3662 0 0 0 
137000 100 69.12 0 10 2523.29 0 9.98698 1 30532.2 27.0505 0 0 0 
138000 100 78.46 0 10 2558.55 0 9.98707 1 29598.8 26.1489 0 0 0 
139000 100 59.74 0 10 2635.31 0 9.98716 1 29779.2 26.3729 0 0 0 
140000 100 64.7 0 10 2709.15 0 9.98725 1 32411.2 28.5156 0 0 0 
141000 100 72.48 0 10 2785.13 0 9.98734 1 30130.5 26.559 0 0 0 
142000 100 73.15 0 10 2844.34 0 9.98743 1 26043.8 22.7537 0 0 0 
143000 100 67.96 0 10 2895.62 0 9.98752 1 21767 19.1088 0 0 0 
144000 100 65.5 0 10 3000.08 0 9.98761 1 30312.3 26.473 0 0 0 
145000 100 71.46 0 10 3080.46 0 9.98769 1 33481.9 29.027 0 0 0 
146000 100 56.29 0 10 3160.9 0 9.98778 1 32444.2 28.1285 0 0 0 
147000 100 66.18 0 10 3209.37 0 9.98786 1 33123.9 28.7301 0 0 0 
148000 100 63.99 0 10 3253.62 0 9.98794 1 26258.5 23.0016 0 0 0 
149000 100 73.86 0 10 3328.05 0 9.98802 1 25071.4 21.9434 0 0 0 
150000 100 65.55 0 10 3402.45 0 9.9881 1 28643.7 25.3056 0 0 0 
151000 100 72.51 0 10 3413.34 0 9.98818 1 23009.7 20.1979 0 0 0 
152000 100 82.46 0 10 3488.2 0 9.98826 1 25614.7 22.4404 0 0 0 
153000 100 69.3 0 10 3567.8 0 9.98834 1 21566.6 18.75 0 0 0 
154000 100 72.24 0 10 3693.02 0 9.98841 1 26171.7 22.7807 0 0 0 
155000 100 67.82 0 10 3739.99 0 9.98849 1 27967.1 24.3175 0 0 0 
156000 100 64.99 0 10 3831 0 9.98856 1 20983.9 18.3605 0 0 0 
157000 100 64.39 0 10 3927.69 0 9.98863 1 28229.3 24.7474 0 0 0 
158000 100 68.93 0 10 4048.85 0 9.98871 1 18058 15.8229 0 0 0 
159000 100 73.39 0 10 4153.79 0 9.98878 1 31434.3 27.4409 0 0 0 
160000 100 72.13 0 10 4235.95 0 9.98885 1 20405.4 17.6128 0 0 0 
161000 100 72.98 0 10 4336.35 0 9.98892 1 21962.8 18.9447 0 0 0 
162000 100 67.49 0 10 4414.34 0 9.98899 1 20083.2 17.3249 0 0 0 
163000 100 66 0 10 4445.18 0 9.98905 1 30219.9 26.0289 0 0 0 
164000 100 64.43 0 10 4617.71 0 9.98912 1 14411.1 12.4817 0 0 0 
165000 100 68.75 0 10 4672.12 0 9.98919 1 18843.6 16.3766 0 0 0 
166000 100 73.59 0 10 4773.78 0 9.98925 1 16303.4 14.1862 0 0 0 
167000 100 61.19 0 10 4832.36 0 9.98932 1 20413.8 17.9421 0 0 0 
168000 100 73.81 0 10 4876.6 0 9.98938 1 14698.7 12.7976 0 0 0 
169000 100 72.29 0 10 4932 0 9.98944 1 16052.2 13.8484 0 0 0 
170000 100 72.37 0 10 5005.34 0 9.9895 1 25391 21.9549 0 0 0 
171000 100 69.09 0 10 5080.8 0 9.98956 1 21477.2 18.5618 0 0 0 
172000 100 57.4 0 10 5127.45 0 9.98963 1 27573.8 23.9956 0 0 0 
173000 100 65.52 0 10 5181.41 0 9.98969 1 21841.2 18.9734 0 0 0 
174000 100 63.31 0 10 5331.72 0 9.98974 1 15544.4 13.5982 0 0 0 
175000 100 61.7 0 10 5396.88 0 9.9898 1 26177.5 22.7542 0 0 0 
176000 100 72.76 0 10 5509.84 0 9.98986 1 14992.6 12.9046 0 0 0 
177000 100 60.03 0 10 5695.88 0 9.98992 1 28048.6 24.1976 0 0 0 
178000 100 64.12 0 10 5882.08 0 9.98998 1 19595.4 16.8882 0 0 0 
179000 100 59.73 0 10 5916.15 0 9.99003 1 19924.4 17.1596 0 0 0 
180000 100 69.32 0 10 6063.41 0 9.99009 1 23590 20.3541 0 0 0 
181000 100 67.53 0 10 6173.59 0 9.99014 1 19114.1 16.3814 0 0 0 
182000 100 65.36 0 10 6330.27 0 9.9902 1 15566.6 13.4127 0 0 0 
183000 100 54.56 0 10 6423.76 0 9.99025 1 14718.2 12.647 0 0 0 
184000 100 76.27 0 10 6594.41 0 9.9903 1 17596.3 15.1303 0 0 0 
185000 100 64.43 0 10 6690.1 0 9.99035 1 20795.7 17.7265 0 0 0 
186000 100 64.43 0 10 6771.91 0 9.99041 1 14839.9 12.4917 0 0 0 
187000 100 74.48 0 10 6889.47 0 9.99046 1 22459.8 18.7436 0 0 0 
188000 100 62.7 0 10 6983.46 0 9.99051 1 26903.8 22.6365 0 0 0 
189000 100 47.86 0 10 7145.63 0 9.99056 1 16417 13.8563 0 0 0 
190000 100 64.3 0 10 7219.83 0 9.99061 1 13014.6 10.9467 0 0 0 
191000 100 56.99 0 10 7382.07 0 9.99066 1 12006.9 10.1767 0 0 0 
192000 100 61.02 0 10 7600.45 0 9.99071 1 10554.1 8.88309 0 0 0 
193000 100 55.27 0 10 7764.34 0 9.99075 1 7478.54 6.32441 0 0 0 
194000 100 66.94 0 10 7926.39 0 9.9908 1 11530.5 9.77166 0 0 0 
195000 100 74.42 0 10 8035.94 0 9.99085 1 12266 10.294 0 0 0 
196000 100 53.77 0 10 8213.46 0 9.9909 1 7260.63 6.0929 0 0 0 
197000 100 54.23 0 10 8373.53 0 9.99094 1 12928.5 10.901 0 0 0 
198000 100 69.02 0 10 8514.93 0 9.99099 1 14194.5 11.8464 0 0 0 
199000 100 54.07 0 10 8643.07 0 9.99103 1 15921.5 13.3257 0 0 0 
200000 100 62.14 0 10 8836.95 0 9.99108 1 7691.6 6.44369 0 0 0 
201000 100 62.03 0 10 8927.46 0 9.99112 1 6360.75 5.3862 0 0 0 
202000 100 52.42 0 10 9049.07 0 9.99117 1 9054.29 7.67743 0 0 0 
203000 100 70.09 0 10 9142.13 0 9.99121 1 17060 14.4385 0 0 0 
204000 100 64.24 0 10 9327.73 0 9.99125 1 13182.2 11.1794 0 0 0 
205000 100 61.42 0 10 9430.1 0 9.9913 1 10768.3 8.99025 0 0 0 
206000 100 58.54 0 10 9593.86 0 9.99134 1 15593.2 13.0031 0 0 0 
207000 100 49.09 0 10 9742.78 0 9.99138 1 10542.7 8.76772 0 0 0 
208000 100 51.85 0 10 9883.73 0 9.99142 1 15157.7 12.644 0 0 0 
209000 100 49.58 0 10 10016.5 0 9.99146 1 15325.2 12.8882 0 0 0 
210000 100 58.49 0 10 10100.7 0 9.9915 1 11135.2 9.28717 0 0 0 
211000 100 51.27 0 10 10205.5 0 9.99154 1 7348.66 6.0832 0 0 0 
212000 100 52.94 0 10 10371.9 0 9.99158 1 11558.1 9.55311 0 0 0 
213000 100 54.94 0 10 10421.9 0 9.99162 1 9852.66 8.17495 0 0 0 
214000 100 65.14 0 10 10497.6 0 9.99166 1 10040.4 8.45128 0 0 0 
215000 100 64.75 0 10 10606.5 0 9.9917 1 16212.4 13.7323 0 0 0 
216000 100 57.32 0 10 10799 0 9.99174 1 11026.5 9.37617 0 0 0 
217000 100 61.58 0 10 11004.9 0 9.99178 1 15248 13.0197 0 0 0 
218000 100 53.21 0 10 11123.7 0 9.99181 1 16397.2 14.0431 0 0 0 
219000 100 66.52 0 10 11258.3 0 9.99185 1 18733 16.1592 0 0 0 
220000 100 54.16 0 10 11432 0 9.99189 1 10470.8 8.99552 0 0 0 
221000 100 56.93 0 10 11564.9 0 9.99193 1 8771.97 7.54859 0 0 0 
222000 100 54.5 0 10 11707.5 0 9.99196 1 12982.8 11.1972 0 0 0 
223000 100 58.11 0 10 11814.8 0 9.992 1 17801.1 15.3607 0 0 0 
224000 100 58.37 0 10 11917.1 0 9.99203 1 11774.9 10.2022 0 0 0 
225000 100 59.03 0 10 12109.5 0 9.99207 1 8782.14 7.51073 0 0 0 
226000 100 68.78 0 10 12241.2 0 9.9921 1 15238.8 13.0385 0 0 0 
227000 100 54.13 0 10 12309.4 0 9.99214 1 16107.8 13.7478 0 0 0 
228000 100 63.49 0 10 12411.1 0 9.99217 1 24105.9 20.6882 0 0 0 
229000 100 74.34 0 10 12511.8 0 9.99221 1 24597.6 20.8081 0 0 0 
230000 100 48.63 0 10 12590.4 0 9.99224 1 16499.5 14.084 0 0 0 
231000 100 56.99 0 10 12713.7 0 9.99228 1 17599.2 15.0282 0 0 0 
232000 100 66.86 0 10 12773 0 9.99231 1 16411.7 13.9436 0 0 0 
233000 100 72.88 0 10 12922.4 0 9.99234 1 12379 10.4584 0 0 0 
234000 100 68.3 0 10 12988.1 0 9.99237 1 13355 11.2104 0 0 0 
235000 100 80.45 0 10 13125.2 0 9.99241 1 17187.2 14.3254 0 0 0 
236000 100 61.92 0 10 13276.8 0 9.99244 1 18823.8 15.7585 0 0 0 
237000 100 65.8 0 10 13394.2 0 9.99247 1 17031.9 14.2183 0 0 0 
238000 100 56.5 0 10 13520.7 0 9.9925 1 19957.9 16.6399 0 0 0 
239000 100 61.58 0 10 13628.2 0 9.99253 1 14803.4 12.3884 0 0 0 
240000 100 55.26 0 10 13786.6 0 9.99257 1 15998.6 13.4283 0 0 0 
241000 100 62.48 0 10 13920.8 0 9.9926 1 13447 11.3092 0 0 0 
242000 100 63.88 0 10 14018 0 9.99263 1 16800.6 14.1336 0 0 0 
243000 100 66.13 0 10 14184.2 0 9.99266 1 20365.7 16.9858 0 0 0 
244000 100 65.36 0 10 14327.7 0 9.99269 1 14866.4 12.4443 0 0 0 
245000 100 70.62 0 10 14456.8 0 9.99272 1 19989.8 16.5706 0 0 0 
246000 100 66.65 0 10 14525.9 0 9.99275 1 22077.8 18.4184 0 0 0 
247000 100 64.93 0 10 14679.2 0 9.99278 1 13147.2 10.8846 0 0 0 
248000 100 50.06 0 10 14800.2 0 9.9928 1 19445.2 16.2152 0 0 0 
249000 100 71.09 0 10 14968.1 0 9.99283 1 24287.2 20.2559 0 0 0 
250000 100 67.33 0 10 15092.3 0 9.99286 1 16643.5 13.8876 0 0 0 