# Avida Average Deme Data
# Wed Apr 16 02:47:06 2014
#  1: Update
#  2: Count
#  3: Age
#  4: Births
#  5: Organisms
#  6: Generation
#  7: Births (at last replication)
#  8: Organisms (at last replication)
#  9: Merit
# 10: Gestation Time
# 11: Time Used (normalized by org fitness)
# 12: Generations between current and last founders
# 13: Events killed
# 14: Attempts to kill event

0 100 0 0 1 0 0 0 1 0 0 0 0 0 
1000 100 22.07 0 10 6.19 0 8.16593 1 57405.3 49.4829 0 0 0 
2000 100 34.26 0 10 12.49 0 9.08251 1 57026.6 49.0433 0 0 0 
3000 100 51.23 0 10 20.61 0 9.38824 1 56671.6 48.5108 0 0 0 
4000 100 43.6 0 10 25.01 0 9.54114 1 54402.6 46.4874 0 0 0 
5000 100 67.08 0 10 34.28 0 9.63289 1 58777.9 50.2056 0 0 0 
6000 100 56.59 0 10 39.64 0 9.69407 1 56978.1 48.5344 0 0 0 
7000 100 63.57 0 10 45.98 0 9.73777 1 56860.9 48.5418 0 0 0 
8000 100 66.2 0 10 52.25 0 9.77054 1 55012.6 46.8859 0 0 0 
9000 100 68.24 0 10 57.9 0 9.79603 1 54265.2 46.3193 0 0 0 
10000 100 72.97 0 10 67.33 0 9.81643 1 53910.2 45.9305 0 0 0 
11000 100 71.04 0 10 73.59 0 9.83312 1 53963.9 45.7715 0 0 0 
12000 100 77.52 0 10 83.99 0 9.84702 1 53906.3 45.6178 0 0 0 
13000 100 79.97 0 10 90.35 0 9.85879 1 52953.5 44.7344 0 0 0 
14000 100 72.08 0 10 97.36 0 9.86887 1 56286.3 47.4283 0 0 0 
15000 100 70.34 0 10 106.28 0 9.87761 1 52560 44.1537 0 0 0 
16000 100 77.27 0 10 113.86 0 9.88526 1 56376.4 47.2916 0 0 0 
17000 100 66.58 0 10 128.03 0 9.89201 1 53652.4 44.9337 0 0 0 
18000 100 55.43 0 10 129.65 0 9.89801 1 57862.9 48.4108 0 0 0 
19000 100 70.1 0 10 137.92 0 9.90338 1 56808.1 47.4582 0 0 0 
20000 100 65.75 0 10 143.61 0 9.90821 1 55406.4 46.3875 0 0 0 
21000 100 56.24 0 10 143.05 0 9.91258 1 54350.4 45.4293 0 0 0 
22000 100 68.59 0 10 152.39 0 9.91655 1 55638 46.4746 0 0 0 
23000 100 69.57 0 10 163.49 0 9.92018 1 53440.1 44.6879 0 0 0 
24000 100 72.91 0 10 171.35 0 9.92351 1 57970.7 48.3379 0 0 0 
25000 100 71.56 0 10 175.44 0 9.92657 1 53520.8 44.7879 0 0 0 
26000 100 82.07 0 10 188.83 0 9.92939 1 56283.4 46.4975 0 0 0 
27000 100 67.64 0 10 199.79 0 9.93201 1 55107.5 45.5991 0 0 0 
28000 100 80.33 0 10 206.74 0 9.93443 1 57004.3 47.189 0 0 0 
29000 100 71.95 0 10 209.76 0 9.9367 1 60187.6 49.5824 0 0 0 
30000 100 81.91 0 10 215.24 0 9.93881 1 58858.8 48.724 0 0 0 
31000 100 96.6 0 10 220.66 0 9.94078 1 58829.8 48.6939 0 0 0 
32000 100 97.12 0 10 226.27 0 9.94263 1 57803.9 47.7674 0 0 0 
33000 100 91.31 0 10 236.34 0 9.94437 1 56574.2 47.0172 0 0 0 
34000 100 94.14 0 10 247.68 0 9.946 1 57532.3 47.8041 0 0 0 
35000 100 102.16 0 10 261.32 0 9.94755 1 54096.5 45.2252 0 0 0 
36000 100 98.88 0 10 264.77 0 9.949 1 58065.7 48.4705 0 0 0 
37000 100 87.11 0 10 271.83 0 9.95038 1 58835.6 49.2145 0 0 0 
38000 100 70.51 0 10 277.11 0 9.95169 1 59539.7 49.9042 0 0 0 
39000 100 64.66 0 10 285.75 0 9.95293 1 59704.9 50.0983 0 0 0 
40000 100 56.99 0 10 295.51 0 9.9541 1 57817.2 48.5091 0 0 0 
41000 100 66.27 0 10 304.41 0 9.95522 1 58969.5 49.4598 0 0 0 
42000 100 79.12 0 10 316.02 0 9.95629 1 53217.4 44.5494 0 0 0 
43000 100 87.74 0 10 325.85 0 9.95731 1 53087.9 44.3962 0 0 0 
44000 100 99.59 0 10 334.19 0 9.95828 1 53947.2 44.9596 0 0 0 
45000 100 81.32 0 10 347.28 0 9.9592 1 52363.6 43.5949 0 0 0 
46000 100 78.61 0 10 358.65 0 9.96009 1 49696 41.4676 0 0 0 
47000 100 90.51 0 10 368.25 0 9.96094 1 52434.6 43.8031 0 0 0 
48000 100 90.82 0 10 374.88 0 9.96175 1 55143.1 46.1407 0 0 0 
49000 100 97.52 0 10 386.72 0 9.96253 1 53320.1 44.4998 0 0 0 
50000 100 85 0 10 394.1 0 9.96328 1 57683.2 48.1367 0 0 0 
51000 100 75.06 0 10 401.12 0 9.964 1 50714.3 42.1096 0 0 0 
52000 100 68.62 0 10 406.4 0 9.96469 1 55094.3 45.7839 0 0 0 
53000 100 83.07 0 10 413.99 0 9.96536 1 53307.2 44.3017 0 0 0 
54000 100 104.67 0 10 420.22 0 9.966 1 55104.9 45.759 0 0 0 
55000 100 108.27 0 10 426.01 0 9.96662 1 58290.3 48.4323 0 0 0 
56000 100 107.3 0 10 430.23 0 9.96722 1 57676.4 47.9715 0 0 0 
57000 100 104.4 0 10 434.26 0 9.96779 1 59994.5 49.8915 0 0 0 
58000 100 104.48 0 10 440.07 0 9.96835 1 58199.5 48.463 0 0 0 
59000 100 93.12 0 10 447.67 0 9.96888 1 60099.3 50.1622 0 0 0 
60000 100 84.57 0 10 453.91 0 9.9694 1 57232.4 47.7936 0 0 0 
61000 100 91.05 0 10 462.09 0 9.9699 1 54501.8 45.1967 0 0 0 
62000 100 81.16 0 10 469.27 0 9.97039 1 57247.6 47.1997 0 0 0 
63000 100 88.4 0 10 474.35 0 9.97086 1 56209.2 46.3661 0 0 0 
64000 100 72.03 0 10 484.78 0 9.97131 1 55345.2 45.6509 0 0 0 
65000 100 68.11 0 10 490.14 0 9.97176 1 55667.4 45.8298 0 0 0 
66000 100 55.91 0 10 495.42 0 9.97218 1 56054.3 46.3171 0 0 0 
67000 100 67.69 0 10 506.12 0 9.9726 1 52471.3 43.2297 0 0 0 
68000 100 76.1 0 10 517.34 0 9.973 1 51887.8 42.7554 0 0 0 
69000 100 66.28 0 10 525.2 0 9.97339 1 50179 41.342 0 0 0 
70000 100 84.63 0 10 539.86 0 9.97377 1 50494.7 41.7084 0 0 0 
71000 100 70.37 0 10 545.14 0 9.97414 1 50302.5 41.4792 0 0 0 
72000 100 106.93 0 10 559.84 0 9.9745 1 48227.1 39.8122 0 0 0 
73000 100 97.1 0 10 568.17 0 9.97485 1 48789.7 40.3906 0 0 0 
74000 100 84.47 0 10 587.97 0 9.97519 1 46136.3 38.1897 0 0 0 
75000 100 74.87 0 10 606.36 0 9.97552 1 50957.3 42.3058 0 0 0 
76000 100 83.31 0 10 622.13 0 9.97584 1 48756.6 40.4553 0 0 0 
77000 100 77.16 0 10 630.4 0 9.97616 1 52661.2 43.5339 0 0 0 
78000 100 91.19 0 10 635.38 0 9.97646 1 47509.3 39.3765 0 0 0 
79000 100 78.69 0 10 669.02 0 9.97676 1 45519 37.8172 0 0 0 
80000 100 76.99 0 10 674.85 0 9.97705 1 50180.4 41.7788 0 0 0 
81000 100 80.56 0 10 690.07 0 9.97733 1 47233.8 39.2384 0 0 0 
82000 100 84.83 0 10 702.46 0 9.97761 1 47132.4 39.2617 0 0 0 
83000 100 82.55 0 10 708.75 0 9.97788 1 47626 39.7078 0 0 0 
84000 100 87.16 0 10 714.73 0 9.97814 1 51291.8 42.7926 0 0 0 
85000 100 99.19 0 10 728.55 0 9.9784 1 49985.4 41.7143 0 0 0 
86000 100 80.3 0 10 752.73 0 9.97865 1 53201.2 44.4731 0 0 0 
87000 100 79.16 0 10 765.02 0 9.9789 1 51016.6 42.9519 0 0 0 
88000 100 60.98 0 10 776.38 0 9.97914 1 51637.7 43.3957 0 0 0 
89000 100 75.89 0 10 792.98 0 9.97937 1 51581.6 43.191 0 0 0 
90000 100 76.41 0 10 805.15 0 9.9796 1 49595.3 41.4582 0 0 0 
91000 100 76.78 0 10 820.49 0 9.97983 1 43647.9 36.4642 0 0 0 
92000 100 91.34 0 10 844.81 0 9.98004 1 46552.2 38.862 0 0 0 
93000 100 71.91 0 10 863.77 0 9.98026 1 47855.5 39.9579 0 0 0 
94000 100 88.07 0 10 881.86 0 9.98047 1 45946.3 38.4438 0 0 0 
95000 100 76.42 0 10 890.62 0 9.98067 1 49259.2 41.3731 0 0 0 
96000 100 84.75 0 10 898.38 0 9.98088 1 45410.9 38.1097 0 0 0 
97000 100 72.09 0 10 918.74 0 9.98107 1 47067.1 39.3 0 0 0 
98000 100 80.5 0 10 930.02 0 9.98127 1 51426.1 42.6194 0 0 0 
99000 100 67.05 0 10 939.78 0 9.98146 1 48742.8 40.4293 0 0 0 
100000 100 76.77 0 10 969.5 0 9.98164 1 46903.9 38.6123 0 0 0 
101000 100 59.39 0 10 989.83 0 9.98182 1 53305 43.5639 0 0 0 
102000 100 73.73 0 10 1000.3 0 9.982 1 48864.5 39.8745 0 0 0 
103000 100 80.94 0 10 1010.08 0 9.98218 1 46464.1 37.7354 0 0 0 
104000 100 88.61 0 10 1025.18 0 9.98235 1 49095.9 39.878 0 0 0 
105000 100 75.52 0 10 1037.61 0 9.98252 1 55213.9 44.8779 0 0 0 
106000 100 95.79 0 10 1046.84 0 9.98268 1 55523.4 44.9856 0 0 0 
107000 100 89.2 0 10 1052.31 0 9.98284 1 51152.6 41.5193 0 0 0 
108000 100 88.91 0 10 1064.92 0 9.983 1 45866.5 37.0204 0 0 0 
109000 100 87.43 0 10 1076.63 0 9.98316 1 49586.4 40.0206 0 0 0 
110000 100 84.75 0 10 1092.66 0 9.98331 1 49455 39.9687 0 0 0 
111000 100 97.83 0 10 1106.87 0 9.98346 1 52438 42.4777 0 0 0 
112000 100 84.94 0 10 1125.48 0 9.98361 1 47143.3 38.2562 0 0 0 
113000 100 81.22 0 10 1138.54 0 9.98375 1 48471.6 39.3731 0 0 0 
114000 100 84.18 0 10 1141.65 0 9.9839 1 49911.5 40.4955 0 0 0 
115000 100 93.31 0 10 1149.14 0 9.98404 1 50031.4 40.5547 0 0 0 
116000 100 84.52 0 10 1149.42 0 9.98417 1 52254.1 42.2228 0 0 0 
117000 100 77.6 0 10 1156.82 0 9.98431 1 49626 40.0059 0 0 0 
118000 100 81.57 0 10 1168.45 0 9.98444 1 53618.5 43.042 0 0 0 
119000 100 71.51 0 10 1184.78 0 9.98457 1 53302.1 42.8728 0 0 0 
120000 100 81.17 0 10 1190.39 0 9.9847 1 51097.6 40.8032 0 0 0 
121000 100 82.26 0 10 1195.6 0 9.98483 1 50800.9 40.5991 0 0 0 
122000 100 91.44 0 10 1201.43 0 9.98495 1 49839 39.6936 0 0 0 
123000 100 79.32 0 10 1206.08 0 9.98507 1 47641.2 37.5107 0 0 0 
124000 100 65.35 0 10 1217.36 0 9.98519 1 49633.8 39.1627 0 0 0 
125000 100 71.43 0 10 1226.7 0 9.98531 1 56313.2 44.4126 0 0 0 
126000 100 78.3 0 10 1236.38 0 9.98543 1 52854.6 41.682 0 0 0 
127000 100 76.63 0 10 1245.64 0 9.98554 1 52730.3 41.5993 0 0 0 
128000 100 92.62 0 10 1251.18 0 9.98566 1 49541.8 39.0755 0 0 0 
129000 100 88.35 0 10 1267.64 0 9.98577 1 48878.1 38.5431 0 0 0 
130000 100 90.46 0 10 1270.52 0 9.98588 1 49537.9 39.0891 0 0 0 
131000 100 69.05 0 10 1283.94 0 9.98599 1 49575.2 39.1837 0 0 0 
132000 100 86.25 0 10 1293.31 0 9.98609 1 58091.8 45.9248 0 0 0 
133000 100 89.44 0 10 1296.14 0 9.9862 1 52201.4 41.5706 0 0 0 
134000 100 100.59 0 10 1298.52 0 9.9863 1 54246.7 43.0853 0 0 0 
135000 100 101.47 0 10 1305.53 0 9.9864 1 49648.6 39.5575 0 0 0 
136000 100 94.44 0 10 1319.51 0 9.9865 1 52483.5 41.7858 0 0 0 
137000 100 96.02 0 10 1334.43 0 9.9866 1 51052.7 40.7845 0 0 0 
138000 100 96.41 0 10 1346.2 0 9.9867 1 53596.2 42.8306 0 0 0 
139000 100 102.65 0 10 1348.87 0 9.98679 1 54431.1 43.476 0 0 0 
140000 100 78.38 0 10 1352.9 0 9.98689 1 56318 45.1331 0 0 0 
141000 100 80.02 0 10 1367.13 0 9.98698 1 56549.4 45.3639 0 0 0 
142000 100 66.14 0 10 1377.6 0 9.98707 1 51491.5 41.4646 0 0 0 
143000 100 68.94 0 10 1402.79 0 9.98716 1 52905 42.6963 0 0 0 
144000 100 75.71 0 10 1425.92 0 9.98725 1 49004 39.6136 0 0 0 
145000 100 73.83 0 10 1431.4 0 9.98734 1 55789.3 45.0687 0 0 0 
146000 100 81.14 0 10 1444.54 0 9.98743 1 54831.9 44.3556 0 0 0 
147000 100 93.49 0 10 1439.76 0 9.98751 1 56442.6 45.7636 0 0 0 
148000 100 94.89 0 10 1456.33 0 9.9876 1 54081.7 43.8002 0 0 0 
149000 100 99.19 0 10 1465.26 0 9.98768 1 51577.8 41.7447 0 0 0 
150000 100 98.22 0 10 1485.18 0 9.98776 1 52625.4 42.5483 0 0 0 
151000 100 89.72 0 10 1496.5 0 9.98784 1 55699.1 45.0311 0 0 0 
152000 100 85.64 0 10 1499.28 0 9.98792 1 55033.2 44.3084 0 0 0 
153000 100 89.9 0 10 1502.62 0 9.988 1 57347.1 46.119 0 0 0 
154000 100 80.49 0 10 1511.86 0 9.98808 1 56457.3 45.3748 0 0 0 
155000 100 99.24 0 10 1523.33 0 9.98816 1 58557.7 46.9423 0 0 0 
156000 100 83.27 0 10 1534.61 0 9.98823 1 54120.6 43.5992 0 0 0 
157000 100 89.55 0 10 1546.33 0 9.98831 1 53952.2 43.6736 0 0 0 
158000 100 105.36 0 10 1555.01 0 9.98838 1 53247.2 43.1188 0 0 0 
159000 100 83.36 0 10 1571.37 0 9.98845 1 50424.1 40.8587 0 0 0 
160000 100 87.3 0 10 1586.69 0 9.98853 1 50522.1 40.972 0 0 0 
161000 100 84.92 0 10 1595.05 0 9.9886 1 48629.8 39.4568 0 0 0 
162000 100 80.74 0 10 1604.36 0 9.98867 1 48075.1 39.0073 0 0 0 
163000 100 79.38 0 10 1636.47 0 9.98874 1 46586.4 37.6945 0 0 0 
164000 100 81.71 0 10 1646.86 0 9.98881 1 47189.4 38.1896 0 0 0 
165000 100 91.11 0 10 1671.2 0 9.98887 1 50270.1 40.8347 0 0 0 
166000 100 99.5 0 10 1702.52 0 9.98894 1 48911.1 39.798 0 0 0 
167000 100 99.48 0 10 1723.97 0 9.98901 1 46978.3 38.216 0 0 0 
168000 100 92.82 0 10 1754.08 0 9.98907 1 41653.6 33.8944 0 0 0 
169000 100 78 0 10 1761.37 0 9.98914 1 47442.7 38.7533 0 0 0 
170000 100 72.41 0 10 1803.39 0 9.9892 1 48861.8 39.7364 0 0 0 
171000 100 80.99 0 10 1845.72 0 9.98926 1 43637.6 35.3626 0 0 0 
172000 100 83.42 0 10 1895.25 0 9.98933 1 46157.3 37.4865 0 0 0 
173000 100 83.21 0 10 1926.78 0 9.98939 1 48176 39.1846 0 0 0 
174000 100 83.69 0 10 1944.04 0 9.98945 1 45588.8 37.1624 0 0 0 
175000 100 84.8 0 10 1968.07 0 9.98951 1 45818.6 37.562 0 0 0 
176000 100 77.96 0 10 1987 0 9.98957 1 45449.6 37.4478 0 0 0 
177000 100 92.86 0 10 2016.22 0 9.98963 1 43428.9 35.8105 0 0 0 
178000 100 77.92 0 10 2050.59 0 9.98969 1 39610.3 32.5629 0 0 0 
179000 100 83.96 0 10 2083.32 0 9.98974 1 41293.7 33.5144 0 0 0 
180000 100 74.52 0 10 2095.9 0 9.9898 1 40751.5 32.9121 0 0 0 
181000 100 80.5 0 10 2140.83 0 9.98986 1 45152.4 36.4845 0 0 0 
182000 100 70.81 0 10 2173.51 0 9.98991 1 41457 33.4908 0 0 0 
183000 100 80.96 0 10 2197 0 9.98997 1 45781.8 37.1575 0 0 0 
184000 100 86 0 10 2220.46 0 9.99002 1 43390.7 35.184 0 0 0 
185000 100 75.51 0 10 2226.01 0 9.99008 1 37416.1 30.3867 0 0 0 
186000 100 85.3 0 10 2240.91 0 9.99013 1 47212.1 38.2784 0 0 0 
187000 100 91.32 0 10 2255.59 0 9.99018 1 46254 37.5248 0 0 0 
188000 100 80.06 0 10 2259.38 0 9.99023 1 53422.6 43.3664 0 0 0 
189000 100 89.51 0 10 2270.41 0 9.99029 1 44059 35.6242 0 0 0 
190000 100 94.46 0 10 2280.34 0 9.99034 1 52822.4 42.6904 0 0 0 
191000 100 94.37 0 10 2287.19 0 9.99039 1 57587 46.5344 0 0 0 
192000 100 98.86 0 10 2296.2 0 9.99044 1 55045.1 44.6206 0 0 0 
193000 100 91.02 0 10 2312.56 0 9.99049 1 57317.9 46.7277 0 0 0 
194000 100 84.67 0 10 2327.73 0 9.99054 1 51394.5 42.0544 0 0 0 
195000 100 74.22 0 10 2343.7 0 9.99059 1 56455.3 46.232 0 0 0 
196000 100 75.59 0 10 2360.04 0 9.99063 1 51885.5 42.4706 0 0 0 
197000 100 86.73 0 10 2391.9 0 9.99068 1 48476.9 39.6311 0 0 0 
198000 100 85.34 0 10 2410.11 0 9.99073 1 56739.8 46.4272 0 0 0 
199000 100 65.96 0 10 2417.78 0 9.99077 1 53343.1 43.7608 0 0 0 
200000 100 64.88 0 10 2424.1 0 9.99082 1 57514.8 47.2621 0 0 0 
201000 100 81.43 0 10 2453.38 0 9.99087 1 46339.4 38.0625 0 0 0 
202000 100 91 0 10 2468.77 0 9.99091 1 53683.8 44.0696 0 0 0 
203000 100 69.72 0 10 2483.17 0 9.99096 1 41224.1 33.871 0 0 0 
204000 100 68.01 0 10 2503.87 0 9.991 1 51698.7 42.3881 0 0 0 
205000 100 81.48 0 10 2531.15 0 9.99104 1 46203.9 37.8007 0 0 0 
206000 100 87.31 0 10 2553.76 0 9.99109 1 49129.5 40.0977 0 0 0 
207000 100 80.11 0 10 2563.09 0 9.99113 1 46459.9 37.8443 0 0 0 
208000 100 80.44 0 10 2595.14 0 9.99117 1 45024.1 36.8973 0 0 0 
209000 100 75.03 0 10 2656.68 0 9.99122 1 42954.1 35.446 0 0 0 
210000 100 69.8 0 10 2689.59 0 9.99126 1 36190.4 29.8967 0 0 0 
211000 100 74.15 0 10 2722.08 0 9.9913 1 42825.6 35.4232 0 0 0 
212000 100 81.82 0 10 2734.72 0 9.99134 1 38374 31.6132 0 0 0 
213000 100 66.14 0 10 2746.78 0 9.99138 1 46638.4 38.5278 0 0 0 
214000 100 77.9 0 10 2749.81 0 9.99142 1 48730.4 40.1136 0 0 0 
215000 100 71.17 0 10 2752.82 0 9.99146 1 51542.8 42.5684 0 0 0 
216000 100 72.47 0 10 2756.69 0 9.9915 1 50427.9 41.7252 0 0 0 
217000 100 69.66 0 10 2762.88 0 9.99154 1 48671.1 39.9834 0 0 0 
218000 100 65.94 0 10 2776.74 0 9.99158 1 50219.9 41.1991 0 0 0 
219000 100 82.73 0 10 2787.94 0 9.99162 1 35363.8 28.8876 0 0 0 
220000 100 87.09 0 10 2804.07 0 9.99166 1 49705.1 40.5371 0 0 0 
221000 100 100.9 0 10 2823.26 0 9.99169 1 47482.9 38.9517 0 0 0 
222000 100 99.02 0 10 2846.09 0 9.99173 1 50280.4 40.8759 0 0 0 
223000 100 73.34 0 10 2857.94 0 9.99177 1 45706.6 37.2239 0 0 0 
224000 100 87.24 0 10 2889.8 0 9.9918 1 47368.2 38.682 0 0 0 
225000 100 71.38 0 10 2913.78 0 9.99184 1 50882.4 41.6791 0 0 0 
226000 100 75 0 10 2956.38 0 9.99188 1 46098.4 37.6843 0 0 0 
227000 100 69.42 0 10 2986.65 0 9.99191 1 47214.1 38.6607 0 0 0 
228000 100 70.43 0 10 3009.48 0 9.99195 1 43208.8 35.2637 0 0 0 
229000 100 73.27 0 10 3029.95 0 9.99198 1 46802.3 37.9128 0 0 0 
230000 100 80.41 0 10 3048.1 0 9.99202 1 42811 34.9667 0 0 0 
231000 100 82.85 0 10 3100.14 0 9.99205 1 44283 36.01 0 0 0 
232000 100 80.03 0 10 3150.68 0 9.99209 1 41935.9 33.8237 0 0 0 
233000 100 81.72 0 10 3177.76 0 9.99212 1 36078.4 29.1433 0 0 0 
234000 100 65.34 0 10 3215.06 0 9.99215 1 33721 27.085 0 0 0 
235000 100 74.21 0 10 3216.64 0 9.99219 1 45227.8 36.3546 0 0 0 
236000 100 76.99 0 10 3257.27 0 9.99222 1 37740.1 30.1304 0 0 0 
237000 100 82.12 0 10 3308.82 0 9.99225 1 46215.5 36.7354 0 0 0 
238000 100 86.78 0 10 3347.3 0 9.99229 1 37102.6 29.39 0 0 0 
239000 100 78.96 0 10 3353.62 0 9.99232 1 45523.8 36.0544 0 0 0 
240000 100 90.17 0 10 3371.14 0 9.99235 1 42492.6 33.7051 0 0 0 
241000 100 86.56 0 10 3388.05 0 9.99238 1 45750.3 36.301 0 0 0 
242000 100 88.1 0 10 3417.21 0 9.99241 1 48636.2 38.5096 0 0 0 
243000 100 86.27 0 10 3440.11 0 9.99244 1 50997.6 40.333 0 0 0 
244000 100 85.44 0 10 3479.23 0 9.99248 1 42593 33.7742 0 0 0 
245000 100 72.19 0 10 3495.24 0 9.99251 1 42758.5 33.8443 0 0 0 
246000 100 77.35 0 10 3516.33 0 9.99254 1 48546.1 38.2839 0 0 0 
247000 100 59.42 0 10 3518.03 0 9.99257 1 42582.4 33.5856 0 0 0 
248000 100 69.07 0 10 3545.62 0 9.9926 1 37200.9 29.2945 0 0 0 
249000 100 78.56 0 10 3567.11 0 9.99263 1 44697 35.2064 0 0 0 
250000 100 71.38 0 10 3580.66 0 9.99266 1 48560.9 38.322 0 0 0 