# Avida Average Deme Data
# Wed Apr 16 15:59:47 2014
#  1: Update
#  2: Count
#  3: Age
#  4: Births
#  5: Organisms
#  6: Generation
#  7: Births (at last replication)
#  8: Organisms (at last replication)
#  9: Merit
# 10: Gestation Time
# 11: Time Used (normalized by org fitness)
# 12: Generations between current and last founders
# 13: Events killed
# 14: Attempts to kill event

0 100 0 0 1 0 0 0 1 0 0 0 0 0 
1000 100 43.12 0 10 6.12 0 8.20949 1 55931.6 48.2035 0 0 0 
2000 100 43.6 0 10 12.06 0 9.1043 1 54426.8 46.8751 0 0 0 
3000 100 58 0 10 18.6 0 9.40277 1 58278.2 50.1997 0 0 0 
4000 100 70.02 0 10 27.37 0 9.55204 1 55712.5 48.0776 0 0 0 
5000 100 80.83 0 10 34.93 0 9.64161 1 52728.4 45.5127 0 0 0 
6000 100 84.37 0 10 42.58 0 9.70133 1 54235.9 46.8782 0 0 0 
7000 100 81.95 0 10 51.44 0 9.74399 1 55149.6 47.6106 0 0 0 
8000 100 85.16 0 10 57.4 0 9.77599 1 56527.7 48.8162 0 0 0 
9000 100 94.55 0 10 60.83 0 9.80088 1 55807.1 48.0994 0 0 0 
10000 100 90.98 0 10 66.79 0 9.82079 1 54196.5 46.5746 0 0 0 
11000 100 87.14 0 10 76.16 0 9.83708 1 55983.9 48.1717 0 0 0 
12000 100 87.3 0 10 84.08 0 9.85065 1 53357.9 45.9891 0 0 0 
13000 100 97.3 0 10 88.85 0 9.86214 1 54148.2 46.6019 0 0 0 
14000 100 95.28 0 10 95.26 0 9.87199 1 53573.9 46.0822 0 0 0 
15000 100 87.12 0 10 100.77 0 9.88052 1 53640.3 46.0245 0 0 0 
16000 100 85.52 0 10 105.3 0 9.88799 1 55244.7 47.3418 0 0 0 
17000 100 83.75 0 10 113.01 0 9.89458 1 52422.1 44.8807 0 0 0 
18000 100 82.62 0 10 122.19 0 9.90043 1 55893.5 47.5869 0 0 0 
19000 100 96.78 0 10 126 0 9.90567 1 52020 44.7281 0 0 0 
20000 100 101.98 0 10 133.31 0 9.91039 1 56724.9 48.5701 0 0 0 
21000 100 82.01 0 10 141.31 0 9.91466 1 52138.1 44.5561 0 0 0 
22000 100 80.76 0 10 151.84 0 9.91854 1 51215.5 43.5752 0 0 0 
23000 100 87.86 0 10 161.87 0 9.92208 1 51877.7 44.0513 0 0 0 
24000 100 102.28 0 10 165.95 0 9.92532 1 53466.5 45.5673 0 0 0 
25000 100 102.74 0 10 173.66 0 9.92831 1 56884.3 48.4411 0 0 0 
26000 100 115.64 0 10 184.93 0 9.93107 1 56183.8 47.9049 0 0 0 
27000 100 116.65 0 10 196.26 0 9.93362 1 53036 45.0974 0 0 0 
28000 100 112.38 0 10 202.62 0 9.93599 1 55988.7 47.4227 0 0 0 
29000 100 96.62 0 10 209.21 0 9.9382 1 54395.2 45.9456 0 0 0 
30000 100 98.31 0 10 215.4 0 9.94026 1 53175.7 44.9867 0 0 0 
31000 100 90.63 0 10 222.95 0 9.94219 1 58123.7 49.4816 0 0 0 
32000 100 84.8 0 10 230.26 0 9.94399 1 57394.3 48.5894 0 0 0 
33000 100 78.66 0 10 236.7 0 9.94569 1 57751.2 48.8543 0 0 0 
34000 100 102.6 0 10 240.29 0 9.94729 1 54325.8 45.9506 0 0 0 
35000 100 92.04 0 10 248.38 0 9.94879 1 52289.4 44.0606 0 0 0 
36000 100 89.53 0 10 254.8 0 9.95022 1 55012.6 46.3319 0 0 0 
37000 100 73.29 0 10 263.6 0 9.95156 1 53632.3 45.0128 0 0 0 
38000 100 79.59 0 10 268.68 0 9.95284 1 54645.3 45.7686 0 0 0 
39000 100 88.39 0 10 275.58 0 9.95404 1 58542.8 48.9322 0 0 0 
40000 100 80.63 0 10 282.68 0 9.95519 1 58032.9 48.516 0 0 0 
41000 100 82.79 0 10 289.79 0 9.95629 1 57488.1 47.8437 0 0 0 
42000 100 93.9 0 10 296.63 0 9.95733 1 58253.3 48.3501 0 0 0 
43000 100 104.4 0 10 303.11 0 9.95832 1 56932.6 46.9868 0 0 0 
44000 100 98.42 0 10 309.46 0 9.95927 1 54651.7 45.1946 0 0 0 
45000 100 96.38 0 10 315.66 0 9.96017 1 55039.8 45.4365 0 0 0 
46000 100 88.45 0 10 322.63 0 9.96104 1 53982.6 44.4392 0 0 0 
47000 100 86.17 0 10 330.88 0 9.96187 1 53536.2 44.1894 0 0 0 
48000 100 77 0 10 342.09 0 9.96266 1 54849.2 45.3819 0 0 0 
49000 100 81.26 0 10 348.15 0 9.96342 1 52583.6 43.3795 0 0 0 
50000 100 72.75 0 10 362.14 0 9.96415 1 55640.3 46.0722 0 0 0 
51000 100 68.58 0 10 369.57 0 9.96486 1 52750.6 43.7349 0 0 0 
52000 100 64.89 0 10 378.66 0 9.96553 1 54140 44.9406 0 0 0 
53000 100 73.17 0 10 393.63 0 9.96618 1 56439.5 47.0671 0 0 0 
54000 100 76.59 0 10 400.2 0 9.96681 1 51940.2 43.3864 0 0 0 
55000 100 79.41 0 10 393.36 0 9.96741 1 56203.2 46.7128 0 0 0 
56000 100 68.86 0 10 397.08 0 9.968 1 55053.2 45.4299 0 0 0 
57000 100 65.46 0 10 402.54 0 9.96856 1 54797.9 45.2325 0 0 0 
58000 100 78.7 0 10 404.05 0 9.9691 1 55117.3 45.3512 0 0 0 
59000 100 92.98 0 10 408.41 0 9.96962 1 58565 48.0848 0 0 0 
60000 100 84.34 0 10 413.17 0 9.97013 1 55804.6 45.6156 0 0 0 
61000 100 97.22 0 10 417.41 0 9.97062 1 57710.6 47.2473 0 0 0 
62000 100 91.98 0 10 424.77 0 9.97109 1 56424.1 46.1521 0 0 0 
63000 100 100.17 0 10 427.95 0 9.97155 1 56341.2 45.9624 0 0 0 
64000 100 88.85 0 10 431.2 0 9.972 1 56373.8 46.0275 0 0 0 
65000 100 75.36 0 10 435.67 0 9.97243 1 56604.2 46.2225 0 0 0 
66000 100 85.35 0 10 437.84 0 9.97284 1 60062.7 49.0033 0 0 0 
67000 100 86.62 0 10 441.57 0 9.97325 1 58772.8 48.1169 0 0 0 
68000 100 80.96 0 10 447.83 0 9.97364 1 56747.2 46.4805 0 0 0 
69000 100 82.83 0 10 453.07 0 9.97403 1 58118.9 47.5951 0 0 0 
70000 100 82.79 0 10 457.92 0 9.9744 1 58602.7 47.8987 0 0 0 
71000 100 80.49 0 10 464.55 0 9.97476 1 55240 45.2701 0 0 0 
72000 100 79.68 0 10 472.49 0 9.97511 1 52772.3 43.2764 0 0 0 
73000 100 81.51 0 10 480.25 0 9.97545 1 56053.1 46.0125 0 0 0 
74000 100 77.46 0 10 484.6 0 9.97578 1 53516.9 44.0071 0 0 0 
75000 100 75.9 0 10 490.88 0 9.9761 1 55109.9 45.1607 0 0 0 
76000 100 83.1 0 10 498.57 0 9.97642 1 54548.3 44.7802 0 0 0 
77000 100 82.4 0 10 503.7 0 9.97672 1 58540.8 48.1262 0 0 0 
78000 100 89.42 0 10 509.41 0 9.97702 1 56140.8 46.0553 0 0 0 
79000 100 94.53 0 10 515.4 0 9.97731 1 57015.5 46.5336 0 0 0 
80000 100 99.77 0 10 520.72 0 9.9776 1 56498.5 46.1587 0 0 0 
81000 100 107.16 0 10 523.1 0 9.97787 1 58290.5 47.557 0 0 0 
82000 100 97.65 0 10 528.59 0 9.97814 1 58006.1 47.3383 0 0 0 
83000 100 97.44 0 10 536.79 0 9.97841 1 56386 45.9856 0 0 0 
84000 100 90.76 0 10 539.47 0 9.97866 1 57538.7 47.0434 0 0 0 
85000 100 95.32 0 10 546.27 0 9.97891 1 58349.8 47.629 0 0 0 
86000 100 95.79 0 10 552.71 0 9.97916 1 58300.4 47.478 0 0 0 
87000 100 118.92 0 10 559.8 0 9.9794 1 57754.8 46.7468 0 0 0 
88000 100 118.89 0 10 567.87 0 9.97963 1 52982.1 42.8345 0 0 0 
89000 100 94.12 0 10 575.64 0 9.97986 1 52614 42.323 0 0 0 
90000 100 90.66 0 10 582.65 0 9.98009 1 55216.3 44.4184 0 0 0 
91000 100 68.45 0 10 588.49 0 9.9803 1 54818.9 44.0695 0 0 0 
92000 100 80.94 0 10 593.68 0 9.98052 1 56026.1 45.0244 0 0 0 
93000 100 67.77 0 10 599.19 0 9.98073 1 58112.8 46.6324 0 0 0 
94000 100 86.51 0 10 606.63 0 9.98093 1 56297.1 45.2875 0 0 0 
95000 100 97.59 0 10 613.19 0 9.98113 1 58215 46.9425 0 0 0 
96000 100 100.29 0 10 618.35 0 9.98133 1 54099.4 43.9318 0 0 0 
97000 100 94.14 0 10 630.93 0 9.98152 1 54257.2 43.8521 0 0 0 
98000 100 101.86 0 10 643.57 0 9.98171 1 57225.5 46.381 0 0 0 
99000 100 102.32 0 10 654.72 0 9.9819 1 54488.1 44.138 0 0 0 
100000 100 78.79 0 10 662.05 0 9.98208 1 53455.8 43.3505 0 0 0 
101000 100 66.54 0 10 666 0 9.98225 1 55007.3 44.7273 0 0 0 
102000 100 78.84 0 10 672.2 0 9.98243 1 55207.4 44.8063 0 0 0 
103000 100 74.53 0 10 679.19 0 9.9826 1 55521.5 45.1684 0 0 0 
104000 100 87.29 0 10 682.67 0 9.98277 1 53965.4 44.0814 0 0 0 
105000 100 85.27 0 10 688.48 0 9.98293 1 58330.2 47.7569 0 0 0 
106000 100 76.07 0 10 695.78 0 9.98309 1 55775.4 45.6639 0 0 0 
107000 100 88.43 0 10 703.94 0 9.98325 1 52847.5 43.4269 0 0 0 
108000 100 91.49 0 10 710.49 0 9.9834 1 56629.1 46.6484 0 0 0 
109000 100 96.76 0 10 720.21 0 9.98356 1 54745.5 45.1435 0 0 0 
110000 100 76.56 0 10 725.99 0 9.98371 1 56377.8 46.6329 0 0 0 
111000 100 64.05 0 10 734.6 0 9.98385 1 56715.9 46.9942 0 0 0 
112000 100 80.5 0 10 740.66 0 9.984 1 58632.7 48.5965 0 0 0 
113000 100 84.67 0 10 749.75 0 9.98414 1 59763.2 49.4713 0 0 0 
114000 100 95.42 0 10 753.88 0 9.98428 1 56413.7 46.7279 0 0 0 
115000 100 85.98 0 10 761.48 0 9.98441 1 58672.2 48.4752 0 0 0 
116000 100 93.11 0 10 767.12 0 9.98455 1 56377 46.5762 0 0 0 
117000 100 81.97 0 10 772.54 0 9.98468 1 56753.8 46.7465 0 0 0 
118000 100 95.99 0 10 775.91 0 9.98481 1 58354.9 48.0033 0 0 0 
119000 100 94.26 0 10 782.27 0 9.98494 1 56247.3 46.2738 0 0 0 
120000 100 101.51 0 10 784.48 0 9.98506 1 56149.7 46.2417 0 0 0 
121000 100 114.85 0 10 786.12 0 9.98519 1 53970.2 44.1709 0 0 0 
122000 100 100.02 0 10 793.77 0 9.98531 1 53530.9 43.8149 0 0 0 
123000 100 109.62 0 10 800.46 0 9.98543 1 55749.7 45.6876 0 0 0 
124000 100 110.14 0 10 806.71 0 9.98555 1 56395.2 46.2093 0 0 0 
125000 100 108.27 0 10 814.67 0 9.98566 1 57145.9 46.9347 0 0 0 
126000 100 100.87 0 10 823.16 0 9.98578 1 55117.4 45.4101 0 0 0 
127000 100 87 0 10 829.59 0 9.98589 1 56186.9 46.4469 0 0 0 
128000 100 89.57 0 10 836.8 0 9.986 1 56425.6 46.7652 0 0 0 
129000 100 86.64 0 10 843.1 0 9.98611 1 56102.6 46.2921 0 0 0 
130000 100 82.52 0 10 847.45 0 9.98621 1 56477 46.6022 0 0 0 
131000 100 89.1 0 10 851.42 0 9.98632 1 58006.1 47.7956 0 0 0 
132000 100 71.13 0 10 859.32 0 9.98642 1 53040 43.8043 0 0 0 
133000 100 83.98 0 10 864.39 0 9.98652 1 55859.3 46.1424 0 0 0 
134000 100 71.92 0 10 869.7 0 9.98662 1 59013.8 48.7579 0 0 0 
135000 100 87.76 0 10 877.37 0 9.98672 1 56002.4 46.3638 0 0 0 
136000 100 80.48 0 10 883.14 0 9.98682 1 56010.7 46.4018 0 0 0 
137000 100 86.92 0 10 889.39 0 9.98692 1 54459.3 45.1034 0 0 0 
138000 100 100.36 0 10 894.56 0 9.98701 1 58341.2 48.2981 0 0 0 
139000 100 93.23 0 10 900.78 0 9.98711 1 57649.8 47.7081 0 0 0 
140000 100 81.77 0 10 907.33 0 9.9872 1 56601 46.8788 0 0 0 
141000 100 76.27 0 10 916.09 0 9.98729 1 55605.5 45.9661 0 0 0 
142000 100 90.86 0 10 922.49 0 9.98738 1 58254.2 48.2182 0 0 0 
143000 100 72.1 0 10 934.86 0 9.98747 1 54298.8 44.9154 0 0 0 
144000 100 74.59 0 10 937.2 0 9.98755 1 56209.9 46.345 0 0 0 
145000 100 77.3 0 10 945.09 0 9.98764 1 55320.4 45.5445 0 0 0 
146000 100 70.76 0 10 949.27 0 9.98772 1 54340.5 44.6597 0 0 0 
147000 100 85.49 0 10 953.32 0 9.98781 1 54958.1 45.107 0 0 0 
148000 100 91.83 0 10 962.29 0 9.98789 1 55866.4 45.9042 0 0 0 
149000 100 76.61 0 10 967.13 0 9.98797 1 56380.2 46.4623 0 0 0 
150000 100 65.96 0 10 976.48 0 9.98805 1 57257 47.3816 0 0 0 
151000 100 70.81 0 10 985.26 0 9.98813 1 56856.6 47.0383 0 0 0 
152000 100 88.86 0 10 989.26 0 9.98821 1 56230 46.5385 0 0 0 
153000 100 93.56 0 10 997.34 0 9.98829 1 55500.8 45.8158 0 0 0 
154000 100 100.81 0 10 1002.04 0 9.98836 1 56989.5 47.1496 0 0 0 
155000 100 85.72 0 10 1007.35 0 9.98844 1 56018.6 46.4837 0 0 0 
156000 100 85.13 0 10 1012.27 0 9.98851 1 56301.1 46.7537 0 0 0 
157000 100 85.37 0 10 1022.67 0 9.98858 1 54353 45.2997 0 0 0 
158000 100 96.85 0 10 1027.43 0 9.98866 1 54256.1 45.0633 0 0 0 
159000 100 93.32 0 10 1034.52 0 9.98873 1 55559 45.8989 0 0 0 
160000 100 82.81 0 10 1041.2 0 9.9888 1 56143.4 46.43 0 0 0 
161000 100 90.86 0 10 1047.67 0 9.98887 1 51677.7 42.7938 0 0 0 
162000 100 84.69 0 10 1054.26 0 9.98894 1 54641.4 45.1809 0 0 0 
163000 100 94.07 0 10 1060.4 0 9.989 1 51746.1 43.0062 0 0 0 
164000 100 99.23 0 10 1069.6 0 9.98907 1 59051.5 48.9917 0 0 0 
165000 100 110.19 0 10 1078.36 0 9.98914 1 55252.2 45.7549 0 0 0 
166000 100 107.53 0 10 1089.2 0 9.9892 1 53405.9 44.2799 0 0 0 
167000 100 108.54 0 10 1098.9 0 9.98927 1 52470 43.2571 0 0 0 
168000 100 100.1 0 10 1104.37 0 9.98933 1 53136 43.9639 0 0 0 
169000 100 115.57 0 10 1112.41 0 9.98939 1 56137.6 46.2309 0 0 0 
170000 100 114.06 0 10 1119.38 0 9.98946 1 55382.3 45.5216 0 0 0 
171000 100 119.83 0 10 1131.96 0 9.98952 1 52202.8 42.6132 0 0 0 
172000 100 100.53 0 10 1139.65 0 9.98958 1 53972.7 44.0168 0 0 0 
173000 100 102.71 0 10 1150.25 0 9.98964 1 50566.1 41.2189 0 0 0 
174000 100 103 0 10 1164.9 0 9.9897 1 50125.6 40.8607 0 0 0 
175000 100 95.42 0 10 1179.22 0 9.98976 1 54353.8 44.1668 0 0 0 
176000 100 96.81 0 10 1182.98 0 9.98982 1 57306.5 46.4769 0 0 0 
177000 100 91.95 0 10 1192.01 0 9.98987 1 56043 45.3773 0 0 0 
178000 100 77.81 0 10 1199.4 0 9.98993 1 51148.6 41.3392 0 0 0 
179000 100 81.77 0 10 1216.42 0 9.98999 1 49133.7 39.6023 0 0 0 
180000 100 93.59 0 10 1220.7 0 9.99004 1 55193.8 44.5591 0 0 0 
181000 100 99.89 0 10 1233.29 0 9.9901 1 50180.4 40.5255 0 0 0 
182000 100 92.21 0 10 1237.7 0 9.99015 1 54997.1 44.394 0 0 0 
183000 100 103.9 0 10 1238.15 0 9.99021 1 56134 45.3909 0 0 0 
184000 100 88.8 0 10 1242.34 0 9.99026 1 56278.6 45.6152 0 0 0 
185000 100 81.37 0 10 1250.65 0 9.99031 1 55403.6 44.8658 0 0 0 
186000 100 102.57 0 10 1254.7 0 9.99036 1 55618.6 44.9858 0 0 0 
187000 100 86.66 0 10 1265.05 0 9.99042 1 53707 43.3299 0 0 0 
188000 100 94.43 0 10 1273.88 0 9.99047 1 50553.7 40.6605 0 0 0 
189000 100 96.26 0 10 1281.9 0 9.99052 1 53462.6 43.2144 0 0 0 
190000 100 91.06 0 10 1294.48 0 9.99057 1 53848.3 43.2473 0 0 0 
191000 100 87.48 0 10 1301.55 0 9.99062 1 52548.4 42.1069 0 0 0 
192000 100 89.99 0 10 1314.42 0 9.99067 1 51173.2 40.8895 0 0 0 
193000 100 96.07 0 10 1330.59 0 9.99071 1 53027.7 42.1248 0 0 0 
194000 100 75.14 0 10 1343.13 0 9.99076 1 50839.7 40.2632 0 0 0 
195000 100 85.95 0 10 1356.06 0 9.99081 1 51914.1 40.942 0 0 0 
196000 100 87.78 0 10 1366.35 0 9.99086 1 55859.5 43.9531 0 0 0 
197000 100 92.42 0 10 1373.09 0 9.9909 1 54722.5 43.0911 0 0 0 
198000 100 97.98 0 10 1375.17 0 9.99095 1 49380 38.8893 0 0 0 
199000 100 99.91 0 10 1386.66 0 9.99099 1 52336.8 40.9318 0 0 0 
200000 100 109.6 0 10 1399.89 0 9.99104 1 51038 39.8509 0 0 0 
201000 100 87.9 0 10 1411.79 0 9.99108 1 49868.7 38.7273 0 0 0 
202000 100 83.42 0 10 1420.89 0 9.99113 1 54084.7 41.997 0 0 0 
203000 100 88.85 0 10 1430.44 0 9.99117 1 54293.5 42.04 0 0 0 
204000 100 88.33 0 10 1436.25 0 9.99121 1 55424.2 43.1327 0 0 0 
205000 100 80.5 0 10 1444.99 0 9.99126 1 56323 43.823 0 0 0 
206000 100 93.3 0 10 1456.75 0 9.9913 1 57276.1 44.2823 0 0 0 
207000 100 89.04 0 10 1462.71 0 9.99134 1 57967.7 44.6856 0 0 0 
208000 100 87.72 0 10 1468.36 0 9.99138 1 59978 46.1302 0 0 0 
209000 100 82.89 0 10 1472.04 0 9.99142 1 57953.5 44.731 0 0 0 
210000 100 79.49 0 10 1479.63 0 9.99147 1 58091.2 44.5672 0 0 0 
211000 100 97.23 0 10 1483.77 0 9.99151 1 57863.9 44.5077 0 0 0 
212000 100 110.5 0 10 1486.61 0 9.99155 1 59913.2 46.2573 0 0 0 
213000 100 100.6 0 10 1499.51 0 9.99159 1 52315.2 40.1798 0 0 0 
214000 100 93.91 0 10 1512.94 0 9.99162 1 52120.8 39.992 0 0 0 
215000 100 90.96 0 10 1524.97 0 9.99166 1 54493.8 41.6608 0 0 0 
216000 100 74.35 0 10 1543.23 0 9.9917 1 52424.4 39.9288 0 0 0 
217000 100 93.47 0 10 1557.08 0 9.99174 1 55415.7 41.959 0 0 0 
218000 100 71.11 0 10 1569.44 0 9.99178 1 53254.7 40.4077 0 0 0 
219000 100 69.35 0 10 1582.13 0 9.99182 1 54067.9 40.93 0 0 0 
220000 100 61.88 0 10 1592.09 0 9.99185 1 57463.7 43.3713 0 0 0 
221000 100 75.01 0 10 1596.32 0 9.99189 1 57300.6 43.3435 0 0 0 
222000 100 57.63 0 10 1603 0 9.99193 1 55776.3 42.1784 0 0 0 
223000 100 76.36 0 10 1612.07 0 9.99196 1 56241.7 42.4406 0 0 0 
224000 100 66.38 0 10 1618.78 0 9.992 1 59134.6 44.6323 0 0 0 
225000 100 73.42 0 10 1629.61 0 9.99203 1 51772.8 39.1847 0 0 0 
226000 100 89.11 0 10 1630.47 0 9.99207 1 53566.8 40.3006 0 0 0 
227000 100 93.92 0 10 1630.84 0 9.9921 1 52868.5 39.6642 0 0 0 
228000 100 96.88 0 10 1635.43 0 9.99214 1 55612.3 41.6492 0 0 0 
229000 100 93.14 0 10 1647.65 0 9.99217 1 58173.1 43.6508 0 0 0 
230000 100 74.39 0 10 1656.45 0 9.99221 1 55031.6 41.1798 0 0 0 
231000 100 77.18 0 10 1670.45 0 9.99224 1 51668.6 38.6052 0 0 0 
232000 100 80.09 0 10 1676.03 0 9.99227 1 53871.1 40.2007 0 0 0 
233000 100 86.18 0 10 1693.05 0 9.99231 1 54972.7 40.9753 0 0 0 
234000 100 89.59 0 10 1701.63 0 9.99234 1 52106.2 38.8102 0 0 0 
235000 100 90.47 0 10 1714.1 0 9.99237 1 49928.4 37.3122 0 0 0 
236000 100 81.36 0 10 1698.65 0 9.99241 1 50188 37.4594 0 0 0 
237000 100 88.26 0 10 1704.38 0 9.99244 1 49796.3 37.1306 0 0 0 
238000 100 83.59 0 10 1711.8 0 9.99247 1 54080.9 40.4548 0 0 0 
239000 100 90.12 0 10 1717.9 0 9.9925 1 57253.9 42.8054 0 0 0 
240000 100 90.58 0 10 1724.42 0 9.99253 1 52223.2 39.1765 0 0 0 
241000 100 80.3 0 10 1738.22 0 9.99256 1 50942.6 38.3187 0 0 0 
242000 100 75.15 0 10 1744.62 0 9.99259 1 49947.6 37.6335 0 0 0 
243000 100 101.77 0 10 1749.32 0 9.99262 1 57902.6 43.5902 0 0 0 
244000 100 79.71 0 10 1759.62 0 9.99265 1 50706.6 38.2682 0 0 0 
245000 100 92.9 0 10 1766.34 0 9.99268 1 53469 40.4213 0 0 0 
246000 100 98.42 0 10 1771.89 0 9.99271 1 56696.7 42.9198 0 0 0 
247000 100 92.15 0 10 1778.95 0 9.99274 1 55282.9 41.8293 0 0 0 
248000 100 96.35 0 10 1789.25 0 9.99277 1 52013.3 39.3996 0 0 0 
249000 100 96.08 0 10 1798.31 0 9.9928 1 51519.9 39.23 0 0 0 
250000 100 77.15 0 10 1808.05 0 9.99283 1 50108.7 38.0615 0 0 0 