# Avida Average Deme Data
# Wed Apr 16 12:05:46 2014
#  1: Update
#  2: Count
#  3: Age
#  4: Births
#  5: Organisms
#  6: Generation
#  7: Births (at last replication)
#  8: Organisms (at last replication)
#  9: Merit
# 10: Gestation Time
# 11: Time Used (normalized by org fitness)
# 12: Generations between current and last founders
# 13: Events killed
# 14: Attempts to kill event

0 100 0 0 1 0 0 0 1 0 0 0 0 0 
1000 100 24.14 0 10 5.53 0 8.1971 1 54795.3 47.2532 0 0 0 
2000 100 64.25 0 10 12.5 0 9.0981 1 56033.4 48.3073 0 0 0 
3000 100 89.86 0 10 21.1 0 9.39863 1 51814.6 44.6697 0 0 0 
4000 100 86.67 0 10 28.18 0 9.54894 1 54069 46.5292 0 0 0 
5000 100 87.24 0 10 35.04 0 9.63913 1 55292.8 47.5472 0 0 0 
6000 100 80.73 0 10 40.73 0 9.69927 1 55971.7 48.385 0 0 0 
7000 100 94.25 0 10 47.65 0 9.74222 1 56377.7 48.6944 0 0 0 
8000 100 81.89 0 10 53.52 0 9.77444 1 58243.1 50.4741 0 0 0 
9000 100 76.45 0 10 60.59 0 9.7995 1 56047.5 48.6435 0 0 0 
10000 100 78.59 0 10 69.41 0 9.81955 1 57598.5 49.8978 0 0 0 
11000 100 92.32 0 10 76 0 9.83595 1 52812 45.6986 0 0 0 
12000 100 94.48 0 10 78.27 0 9.84962 1 54311.8 47.1649 0 0 0 
13000 100 99.18 0 10 82.85 0 9.86119 1 59585.9 51.5097 0 0 0 
14000 100 104.27 0 10 89.11 0 9.8711 1 54307.2 47.0701 0 0 0 
15000 100 92.87 0 10 97.68 0 9.87969 1 54718.5 47.4441 0 0 0 
16000 100 105.82 0 10 103.28 0 9.88721 1 57145.8 49.5022 0 0 0 
17000 100 92.24 0 10 112.07 0 9.89385 1 57301.7 49.9277 0 0 0 
18000 100 91.19 0 10 120.63 0 9.89974 1 57380 50.1555 0 0 0 
19000 100 106.01 0 10 131.41 0 9.90502 1 57082.3 49.6148 0 0 0 
20000 100 118.15 0 10 140.73 0 9.90977 1 55796.1 48.4559 0 0 0 
21000 100 110.27 0 10 145.7 0 9.91407 1 57307.7 49.7415 0 0 0 
22000 100 97.3 0 10 151.27 0 9.91797 1 59321.8 51.5937 0 0 0 
23000 100 102.91 0 10 153.45 0 9.92154 1 60135.7 52.3691 0 0 0 
24000 100 109.53 0 10 157.17 0 9.92481 1 58322.6 50.6963 0 0 0 
25000 100 113.88 0 10 157.57 0 9.92781 1 58808.9 50.7885 0 0 0 
26000 100 109.21 0 10 163.3 0 9.93059 1 58437.5 50.2437 0 0 0 
27000 100 106.87 0 10 171.26 0 9.93316 1 59687.8 51.1775 0 0 0 
28000 100 103.46 0 10 173.82 0 9.93555 1 60102.8 51.6751 0 0 0 
29000 100 112.96 0 10 176.54 0 9.93777 1 59605.7 51.3761 0 0 0 
30000 100 113.72 0 10 182.55 0 9.93985 1 58805.6 50.7557 0 0 0 
31000 100 118.98 0 10 185.11 0 9.94179 1 60009.5 51.7593 0 0 0 
32000 100 120.98 0 10 186.11 0 9.9436 1 59172.2 51.1406 0 0 0 
33000 100 125.45 0 10 194.17 0 9.94531 1 58262.7 50.5095 0 0 0 
34000 100 110.66 0 10 203.19 0 9.94692 1 56130.7 48.6935 0 0 0 
35000 100 110.96 0 10 210.73 0 9.94844 1 58750 51.0053 0 0 0 
36000 100 97.25 0 10 222.51 0 9.94987 1 57372 49.7398 0 0 0 
37000 100 96.77 0 10 228.17 0 9.95123 1 59187.9 51.1364 0 0 0 
38000 100 101.97 0 10 229.31 0 9.95251 1 58155.3 50.5175 0 0 0 
39000 100 99.46 0 10 237.24 0 9.95373 1 60098.2 52.1319 0 0 0 
40000 100 110.72 0 10 241.74 0 9.95488 1 59411 51.3825 0 0 0 
41000 100 87.13 0 10 252.05 0 9.95598 1 60257.1 52.0534 0 0 0 
42000 100 86.47 0 10 254.89 0 9.95703 1 59188.2 51.0488 0 0 0 
43000 100 82.12 0 10 260.73 0 9.95803 1 59440.4 50.9702 0 0 0 
44000 100 81.26 0 10 263.49 0 9.95899 1 59380.3 50.8596 0 0 0 
45000 100 70.02 0 10 269.9 0 9.9599 1 59162.3 50.8417 0 0 0 
46000 100 79.36 0 10 279.22 0 9.96077 1 54794.8 47.0368 0 0 0 
47000 100 90.82 0 10 287.36 0 9.9616 1 58728.1 50.2472 0 0 0 
48000 100 77.36 0 10 301.71 0 9.9624 1 58047.4 49.4892 0 0 0 
49000 100 67.26 0 10 306.97 0 9.96317 1 58442.5 49.7467 0 0 0 
50000 100 77.17 0 10 313.31 0 9.96391 1 57626.6 49.1491 0 0 0 
51000 100 75.64 0 10 323.85 0 9.96461 1 56554 48.2312 0 0 0 
52000 100 87.57 0 10 329.7 0 9.96529 1 56558.9 48.2514 0 0 0 
53000 100 84.42 0 10 331.69 0 9.96595 1 55662.3 47.4701 0 0 0 
54000 100 95.77 0 10 340.94 0 9.96658 1 58612 50.0713 0 0 0 
55000 100 77.24 0 10 356.03 0 9.96719 1 56822.2 48.5304 0 0 0 
56000 100 69.97 0 10 366.06 0 9.96777 1 57384.2 48.9796 0 0 0 
57000 100 70.19 0 10 369.98 0 9.96834 1 56390.8 48.0608 0 0 0 
58000 100 80.58 0 10 376.6 0 9.96889 1 54818.8 46.7507 0 0 0 
59000 100 75.44 0 10 383.38 0 9.96941 1 57653.6 49.1994 0 0 0 
60000 100 85.01 0 10 388.99 0 9.96992 1 56839.6 48.4897 0 0 0 
61000 100 82.05 0 10 397.18 0 9.97042 1 55817.9 47.5167 0 0 0 
62000 100 76.66 0 10 411.43 0 9.97089 1 55690.7 47.2257 0 0 0 
63000 100 78.43 0 10 419 0 9.97135 1 57264.6 48.4154 0 0 0 
64000 100 72.69 0 10 419.85 0 9.9718 1 56132.6 47.4226 0 0 0 
65000 100 86.65 0 10 422.86 0 9.97224 1 55884.4 47.09 0 0 0 
66000 100 89.1 0 10 433.34 0 9.97266 1 57650.8 48.6314 0 0 0 
67000 100 86.15 0 10 437.24 0 9.97306 1 58212.2 49.1036 0 0 0 
68000 100 75.48 0 10 443.45 0 9.97346 1 56718.1 47.7922 0 0 0 
69000 100 82.96 0 10 447.12 0 9.97385 1 57317.8 48.2916 0 0 0 
70000 100 77.97 0 10 456.82 0 9.97422 1 54410.8 45.8781 0 0 0 
71000 100 75.07 0 10 467.86 0 9.97458 1 58214.2 49.0894 0 0 0 
72000 100 79.09 0 10 482.34 0 9.97494 1 55269.6 46.6438 0 0 0 
73000 100 68.47 0 10 490.88 0 9.97528 1 58581.6 49.4592 0 0 0 
74000 100 61.42 0 10 495.94 0 9.97561 1 53526.2 45.1914 0 0 0 
75000 100 68.08 0 10 523.85 0 9.97594 1 55117.4 46.7936 0 0 0 
76000 100 75.73 0 10 538.85 0 9.97625 1 51146.7 43.5332 0 0 0 
77000 100 84.28 0 10 556.63 0 9.97656 1 56832.2 48.2974 0 0 0 
78000 100 80.33 0 10 565.22 0 9.97686 1 56600.9 48.0501 0 0 0 
79000 100 71.47 0 10 573.88 0 9.97716 1 56468.8 47.9402 0 0 0 
80000 100 59.08 0 10 580.41 0 9.97744 1 57674.8 48.7946 0 0 0 
81000 100 64.74 0 10 584.42 0 9.97772 1 55228.9 46.5643 0 0 0 
82000 100 73.41 0 10 593.42 0 9.97799 1 53316.8 45.1519 0 0 0 
83000 100 78.46 0 10 601.13 0 9.97826 1 55763.1 47.25 0 0 0 
84000 100 71.57 0 10 608.26 0 9.97852 1 56282.5 47.8903 0 0 0 
85000 100 73.61 0 10 615.84 0 9.97877 1 54446.9 46.5124 0 0 0 
86000 100 67.72 0 10 622.92 0 9.97902 1 53711.8 46.2746 0 0 0 
87000 100 77.37 0 10 630.02 0 9.97926 1 51897.2 44.8898 0 0 0 
88000 100 78.53 0 10 639.73 0 9.97949 1 55101.2 47.8198 0 0 0 
89000 100 76.51 0 10 647.82 0 9.97972 1 52740.7 45.6852 0 0 0 
90000 100 78.97 0 10 652.49 0 9.97995 1 56839.7 48.9593 0 0 0 
91000 100 74.11 0 10 659.72 0 9.98017 1 54382.6 47.2136 0 0 0 
92000 100 68.66 0 10 667.63 0 9.98038 1 55870.5 48.7274 0 0 0 
93000 100 69.79 0 10 675.09 0 9.98059 1 53525.2 46.7207 0 0 0 
94000 100 75.05 0 10 684.52 0 9.9808 1 54635.6 47.6952 0 0 0 
95000 100 65.18 0 10 694.61 0 9.981 1 51749.8 45.0915 0 0 0 
96000 100 68.2 0 10 699.8 0 9.9812 1 55143.1 48.107 0 0 0 
97000 100 86.21 0 10 709.66 0 9.9814 1 54445 47.4251 0 0 0 
98000 100 69.63 0 10 716.01 0 9.98158 1 54459 47.4043 0 0 0 
99000 100 71.43 0 10 728.55 0 9.98177 1 55295.5 48.3233 0 0 0 
100000 100 72.12 0 10 741.52 0 9.98195 1 50168.8 44.0708 0 0 0 
101000 100 76.27 0 10 748.3 0 9.98213 1 53351.9 46.7037 0 0 0 
102000 100 80.19 0 10 756.42 0 9.98231 1 52510.9 45.6861 0 0 0 
103000 100 78.39 0 10 762.58 0 9.98248 1 57662.1 49.8572 0 0 0 
104000 100 82.12 0 10 771.96 0 9.98265 1 56608.9 49.2303 0 0 0 
105000 100 91.3 0 10 778.66 0 9.98281 1 52923.9 46.0204 0 0 0 
106000 100 94.74 0 10 787.22 0 9.98297 1 55448 48.1608 0 0 0 
107000 100 94.65 0 10 795.09 0 9.98313 1 54015.4 47.095 0 0 0 
108000 100 95.94 0 10 805.24 0 9.98329 1 55973.6 48.604 0 0 0 
109000 100 84.66 0 10 815.28 0 9.98344 1 51642.7 44.7918 0 0 0 
110000 100 77.85 0 10 823.41 0 9.98359 1 52527.6 45.7299 0 0 0 
111000 100 78.81 0 10 836.02 0 9.98374 1 54643.1 47.2691 0 0 0 
112000 100 83.28 0 10 840.47 0 9.98389 1 52714.4 45.7004 0 0 0 
113000 100 88.1 0 10 845.46 0 9.98403 1 53536.3 46.5689 0 0 0 
114000 100 76.98 0 10 854.06 0 9.98417 1 54517 47.3726 0 0 0 
115000 100 81.69 0 10 861.68 0 9.98431 1 54135 47.0566 0 0 0 
116000 100 83.46 0 10 869.77 0 9.98444 1 53354.9 46.3993 0 0 0 
117000 100 94.79 0 10 880.36 0 9.98458 1 51254.5 44.7162 0 0 0 
118000 100 92.24 0 10 889.55 0 9.98471 1 53779.9 47.0973 0 0 0 
119000 100 87.75 0 10 899.8 0 9.98483 1 53110.2 46.6351 0 0 0 
120000 100 77.75 0 10 904.7 0 9.98496 1 56276.8 49.2308 0 0 0 
121000 100 73.72 0 10 911.36 0 9.98509 1 55262.7 48.3533 0 0 0 
122000 100 70.62 0 10 918.85 0 9.98521 1 54983.5 48.1135 0 0 0 
123000 100 74.28 0 10 921.98 0 9.98533 1 56510 49.4112 0 0 0 
124000 100 56.98 0 10 930.57 0 9.98545 1 54970.4 48.3396 0 0 0 
125000 100 78.79 0 10 938.46 0 9.98556 1 54581.8 47.7566 0 0 0 
126000 100 79.83 0 10 943.65 0 9.98568 1 55339 48.5205 0 0 0 
127000 100 73.02 0 10 946.68 0 9.98579 1 58248.5 51.0991 0 0 0 
128000 100 74.09 0 10 955.33 0 9.9859 1 52781.1 46.2145 0 0 0 
129000 100 79.93 0 10 964.66 0 9.98601 1 54213.6 47.9013 0 0 0 
130000 100 84.36 0 10 970.82 0 9.98612 1 58014.1 51.4303 0 0 0 
131000 100 78.26 0 10 977.36 0 9.98622 1 55950 49.8517 0 0 0 
132000 100 76.43 0 10 982.22 0 9.98633 1 58573.6 52.1426 0 0 0 
133000 100 69.34 0 10 989.51 0 9.98643 1 57027.6 50.81 0 0 0 
134000 100 68.18 0 10 998.68 0 9.98653 1 54529.6 48.9165 0 0 0 
135000 100 67.54 0 10 1007.03 0 9.98663 1 55806.3 50.122 0 0 0 
136000 100 62.28 0 10 1012.13 0 9.98673 1 58211.1 52.3992 0 0 0 
137000 100 55.76 0 10 1014.34 0 9.98683 1 56152.9 50.4222 0 0 0 
138000 100 74.08 0 10 1020.14 0 9.98692 1 55900.6 50.0926 0 0 0 
139000 100 73.65 0 10 1026.25 0 9.98702 1 54461.2 48.8408 0 0 0 
140000 100 82.04 0 10 1032.21 0 9.98711 1 57243.7 51.3668 0 0 0 
141000 100 85.53 0 10 1038.73 0 9.9872 1 54518.8 48.7446 0 0 0 
142000 100 66.47 0 10 1045.07 0 9.98729 1 56652.6 50.6414 0 0 0 
143000 100 68.38 0 10 1049.58 0 9.98738 1 57858.5 51.6737 0 0 0 
144000 100 72.79 0 10 1055.51 0 9.98747 1 53165.7 47.2769 0 0 0 
145000 100 75.4 0 10 1059.62 0 9.98755 1 58522.2 52.002 0 0 0 
146000 100 70.3 0 10 1068.47 0 9.98764 1 57396.3 50.969 0 0 0 
147000 100 69 0 10 1077.5 0 9.98772 1 57363.3 51.1093 0 0 0 
148000 100 73.37 0 10 1086.31 0 9.98781 1 54690.9 48.682 0 0 0 
149000 100 75.65 0 10 1092.37 0 9.98789 1 58723.4 52.2808 0 0 0 
150000 100 87.09 0 10 1098.89 0 9.98797 1 57113 50.9104 0 0 0 
151000 100 79 0 10 1109.67 0 9.98805 1 56205.1 50.2154 0 0 0 
152000 100 85.93 0 10 1118.98 0 9.98813 1 56456.6 50.4877 0 0 0 
153000 100 94.42 0 10 1127.64 0 9.9882 1 53120.3 47.603 0 0 0 
154000 100 110.65 0 10 1130.33 0 9.98828 1 52844.4 47.4352 0 0 0 
155000 100 103.2 0 10 1140.36 0 9.98836 1 53200.2 47.7298 0 0 0 
156000 100 106.88 0 10 1145.65 0 9.98843 1 54218.2 48.4609 0 0 0 
157000 100 98.71 0 10 1150.87 0 9.98851 1 56243.5 50.1837 0 0 0 
158000 100 92.32 0 10 1157.37 0 9.98858 1 57305.4 51.2504 0 0 0 
159000 100 86.39 0 10 1165.61 0 9.98865 1 56117.2 50.246 0 0 0 
160000 100 86.42 0 10 1177.02 0 9.98872 1 57549.9 51.443 0 0 0 
161000 100 85.69 0 10 1190.46 0 9.98879 1 53315.3 47.5882 0 0 0 
162000 100 79.35 0 10 1200.48 0 9.98886 1 54703.6 48.6945 0 0 0 
163000 100 80.69 0 10 1214.03 0 9.98893 1 53918.7 47.8275 0 0 0 
164000 100 80.76 0 10 1226.02 0 9.989 1 55459.6 49.2511 0 0 0 
165000 100 75.01 0 10 1238.32 0 9.98906 1 52373.9 46.4456 0 0 0 
166000 100 86.71 0 10 1246.82 0 9.98913 1 54402.3 48.4818 0 0 0 
167000 100 75.1 0 10 1251.93 0 9.98919 1 57675.2 51.4579 0 0 0 
168000 100 69.32 0 10 1259.23 0 9.98926 1 57548.4 51.2376 0 0 0 
169000 100 53.47 0 10 1271.96 0 9.98932 1 55091.9 49.0254 0 0 0 
170000 100 70.33 0 10 1280.92 0 9.98938 1 57863.6 51.3923 0 0 0 
171000 100 83.24 0 10 1281.24 0 9.98945 1 56827.2 50.5681 0 0 0 
172000 100 76.65 0 10 1292.59 0 9.98951 1 55531 49.2562 0 0 0 
173000 100 93.87 0 10 1305.89 0 9.98957 1 51915.1 45.8621 0 0 0 
174000 100 101.3 0 10 1313.05 0 9.98963 1 54119.6 47.7938 0 0 0 
175000 100 89.87 0 10 1323.61 0 9.98969 1 56878 50.2579 0 0 0 
176000 100 90.75 0 10 1331.5 0 9.98975 1 52907.4 46.8619 0 0 0 
177000 100 89.24 0 10 1338.35 0 9.9898 1 53728 47.7229 0 0 0 
178000 100 83.22 0 10 1345.82 0 9.98986 1 55816.3 49.6319 0 0 0 
179000 100 71.55 0 10 1353.77 0 9.98992 1 54441.5 48.2453 0 0 0 
180000 100 83.06 0 10 1361.23 0 9.98997 1 54927.1 48.7752 0 0 0 
181000 100 76.72 0 10 1370.22 0 9.99003 1 54553 48.9065 0 0 0 
182000 100 88.86 0 10 1375.67 0 9.99008 1 57746.6 51.6544 0 0 0 
183000 100 87.72 0 10 1382.95 0 9.99014 1 53319.2 47.7766 0 0 0 
184000 100 64.95 0 10 1389.73 0 9.99019 1 55071.9 49.3311 0 0 0 
185000 100 84.87 0 10 1393.63 0 9.99024 1 55535.1 50.3982 0 0 0 
186000 100 79.58 0 10 1400.45 0 9.9903 1 54670.2 49.7863 0 0 0 
187000 100 83.77 0 10 1408.31 0 9.99035 1 56658.6 51.7206 0 0 0 
188000 100 77.95 0 10 1414.89 0 9.9904 1 56143.7 50.9756 0 0 0 
189000 100 65.5 0 10 1423.88 0 9.99045 1 56080.9 51.0694 0 0 0 
190000 100 81.48 0 10 1435.96 0 9.9905 1 54730.8 49.3544 0 0 0 
191000 100 77.12 0 10 1449.52 0 9.99055 1 53909.9 47.9142 0 0 0 
192000 100 86.88 0 10 1459.48 0 9.9906 1 53020.2 47.2273 0 0 0 
193000 100 81.63 0 10 1467.14 0 9.99065 1 51613.9 45.8482 0 0 0 
194000 100 70.01 0 10 1476.23 0 9.9907 1 56546.2 50.2383 0 0 0 
195000 100 67.53 0 10 1484.73 0 9.99075 1 57125.5 50.551 0 0 0 
196000 100 80.35 0 10 1490.33 0 9.99079 1 56297.1 49.6676 0 0 0 
197000 100 77.75 0 10 1494.43 0 9.99084 1 53431.2 47.182 0 0 0 
198000 100 88.62 0 10 1500.47 0 9.99089 1 57052 50.333 0 0 0 
199000 100 87.4 0 10 1506.09 0 9.99093 1 56080.5 49.5909 0 0 0 
200000 100 86.16 0 10 1509.62 0 9.99098 1 56724.4 50.4331 0 0 0 
201000 100 86.44 0 10 1517.47 0 9.99102 1 54853 48.8428 0 0 0 
202000 100 74.6 0 10 1528.84 0 9.99107 1 52944.9 47.182 0 0 0 
203000 100 83.14 0 10 1542.54 0 9.99111 1 55180.8 49.3096 0 0 0 
204000 100 84.58 0 10 1551.08 0 9.99115 1 54377.9 48.6243 0 0 0 
205000 100 75.36 0 10 1557.19 0 9.9912 1 54363.1 48.785 0 0 0 
206000 100 72.97 0 10 1565.42 0 9.99124 1 55115.5 49.5819 0 0 0 
207000 100 82.75 0 10 1578.49 0 9.99128 1 52837.7 47.2364 0 0 0 
208000 100 91.68 0 10 1590.45 0 9.99132 1 48633.3 43.4676 0 0 0 
209000 100 87.05 0 10 1595.53 0 9.99137 1 54316.2 48.4426 0 0 0 
210000 100 81.77 0 10 1608.25 0 9.99141 1 54542.4 48.6973 0 0 0 
211000 100 91.46 0 10 1607.3 0 9.99145 1 53771 48.0006 0 0 0 
212000 100 97.25 0 10 1615.26 0 9.99149 1 54399.6 48.8126 0 0 0 
213000 100 86.04 0 10 1629.91 0 9.99153 1 54493.3 48.8251 0 0 0 
214000 100 67.77 0 10 1634.31 0 9.99157 1 53625.5 47.9232 0 0 0 
215000 100 63.1 0 10 1656.7 0 9.99161 1 54006.9 48.1954 0 0 0 
216000 100 63.6 0 10 1660.44 0 9.99164 1 53628.3 47.5846 0 0 0 
217000 100 64.04 0 10 1665.81 0 9.99168 1 54850.3 48.5305 0 0 0 
218000 100 93.64 0 10 1680.63 0 9.99172 1 52179.1 46.185 0 0 0 
219000 100 80.54 0 10 1695.75 0 9.99176 1 53502.1 47.7712 0 0 0 
220000 100 83.05 0 10 1697.77 0 9.9918 1 50328.8 44.764 0 0 0 
221000 100 86.72 0 10 1707.5 0 9.99183 1 51745.4 46.0681 0 0 0 
222000 100 85.93 0 10 1717.28 0 9.99187 1 51241.7 45.5341 0 0 0 
223000 100 91.43 0 10 1728.01 0 9.99191 1 51012.8 45.3207 0 0 0 
224000 100 88.68 0 10 1748.64 0 9.99194 1 55837.6 49.6743 0 0 0 
225000 100 89.39 0 10 1748.85 0 9.99198 1 58424.4 51.6923 0 0 0 
226000 100 92.23 0 10 1772.97 0 9.99201 1 53209.7 47.3646 0 0 0 
227000 100 103.8 0 10 1780.08 0 9.99205 1 56898.7 50.7957 0 0 0 
228000 100 95.85 0 10 1786.4 0 9.99208 1 53528.3 47.8229 0 0 0 
229000 100 107.63 0 10 1782.02 0 9.99212 1 54263.3 48.4394 0 0 0 
230000 100 114.41 0 10 1790.41 0 9.99215 1 56097.1 50.1441 0 0 0 
231000 100 122.77 0 10 1790.08 0 9.99219 1 56485.7 50.3395 0 0 0 
232000 100 104.94 0 10 1795.13 0 9.99222 1 57190.2 50.8477 0 0 0 
233000 100 95.6 0 10 1808.03 0 9.99225 1 55046.4 49.0475 0 0 0 
234000 100 104.22 0 10 1808.53 0 9.99229 1 55594.3 49.4506 0 0 0 
235000 100 99.3 0 10 1813.04 0 9.99232 1 56337.4 50.0502 0 0 0 
236000 100 83.55 0 10 1823.47 0 9.99235 1 54155.6 48.029 0 0 0 
237000 100 80.57 0 10 1830.54 0 9.99239 1 56673.3 50.3974 0 0 0 
238000 100 90.42 0 10 1846.54 0 9.99242 1 55795.5 49.5911 0 0 0 
239000 100 95.57 0 10 1854.7 0 9.99245 1 56482.8 50.1358 0 0 0 
240000 100 90.18 0 10 1867.44 0 9.99248 1 54682.9 48.5601 0 0 0 
241000 100 88.18 0 10 1890.36 0 9.99251 1 49663.4 43.6228 0 0 0 
242000 100 103.08 0 10 1900 0 9.99254 1 56101 49.1534 0 0 0 
243000 100 92.09 0 10 1912.69 0 9.99257 1 53478.2 46.6121 0 0 0 
244000 100 73.17 0 10 1916.28 0 9.9926 1 58961.1 51.4839 0 0 0 
245000 100 82.87 0 10 1923.49 0 9.99263 1 56589.8 49.3366 0 0 0 
246000 100 78.99 0 10 1928.6 0 9.99266 1 57573.2 50.3226 0 0 0 
247000 100 61.65 0 10 1938.67 0 9.99269 1 54106.2 47.1204 0 0 0 
248000 100 76.72 0 10 1947.52 0 9.99272 1 57159.2 49.7263 0 0 0 
249000 100 64.72 0 10 1954.7 0 9.99275 1 56013.6 48.7336 0 0 0 
250000 100 76.8 0 10 1960.7 0 9.99278 1 55687.1 48.5399 0 0 0 