# Avida Average Deme Data
# Wed Apr 16 16:25:22 2014
#  1: Update
#  2: Count
#  3: Age
#  4: Births
#  5: Organisms
#  6: Generation
#  7: Births (at last replication)
#  8: Organisms (at last replication)
#  9: Merit
# 10: Gestation Time
# 11: Time Used (normalized by org fitness)
# 12: Generations between current and last founders
# 13: Events killed
# 14: Attempts to kill event

0 100 0 0 1 0 0 0 1 0 0 0 0 0 
1000 100 35.83 0 10 6.36 0 8.2026 1 55392.6 47.7386 0 0 0 
2000 100 54.03 0 10 12.11 0 9.10085 1 55842.8 48.0424 0 0 0 
3000 100 49.29 0 10 17.36 0 9.40047 1 58026.6 49.8889 0 0 0 
4000 100 52.95 0 10 22.33 0 9.55031 1 58733 50.3261 0 0 0 
5000 100 58.47 0 10 28.31 0 9.64023 1 58967.8 50.6467 0 0 0 
6000 100 57.34 0 10 35.41 0 9.70018 1 58000.9 49.6434 0 0 0 
7000 100 66.79 0 10 40.84 0 9.74301 1 55280.5 47.4628 0 0 0 
8000 100 60.51 0 10 45.28 0 9.77513 1 58330.3 50.215 0 0 0 
9000 100 46.6 0 10 51.27 0 9.80011 1 58972.6 50.7849 0 0 0 
10000 100 58.15 0 10 60.18 0 9.8201 1 56878.5 48.9225 0 0 0 
11000 100 62.16 0 10 66.36 0 9.83645 1 60081.1 51.5845 0 0 0 
12000 100 62.39 0 10 73.86 0 9.85008 1 57557.8 49.3996 0 0 0 
13000 100 60.05 0 10 75.74 0 9.86161 1 59328.6 50.9877 0 0 0 
14000 100 41.85 0 10 78.83 0 9.87149 1 59637.1 51.3177 0 0 0 
15000 100 67.81 0 10 86.29 0 9.88006 1 58688.9 50.4931 0 0 0 
16000 100 71.91 0 10 92.83 0 9.88756 1 58640.4 50.2653 0 0 0 
17000 100 76.87 0 10 102.72 0 9.89417 1 58465.6 49.9537 0 0 0 
18000 100 84.81 0 10 110.45 0 9.90005 1 58916.6 50.2781 0 0 0 
19000 100 76.55 0 10 118.35 0 9.90531 1 57479.8 48.8621 0 0 0 
20000 100 69.4 0 10 128.15 0 9.91004 1 56621.1 47.9872 0 0 0 
21000 100 70.72 0 10 138.79 0 9.91433 1 58734.9 49.6468 0 0 0 
22000 100 63.43 0 10 147.7 0 9.91822 1 56665.3 47.84 0 0 0 
23000 100 86.3 0 10 161.9 0 9.92178 1 52667.6 44.4115 0 0 0 
24000 100 91.36 0 10 170.18 0 9.92504 1 52215.9 43.9957 0 0 0 
25000 100 86.54 0 10 176.25 0 9.92803 1 52728 44.4591 0 0 0 
26000 100 80.52 0 10 176.42 0 9.9308 1 54640.1 46.0312 0 0 0 
27000 100 77.16 0 10 181.1 0 9.93337 1 53642.9 45.1606 0 0 0 
28000 100 92.23 0 10 197.55 0 9.93575 1 57460.6 48.23 0 0 0 
29000 100 92.67 0 10 203.71 0 9.93796 1 58269 49.0566 0 0 0 
30000 100 90.01 0 10 218.29 0 9.94003 1 51595.7 43.3618 0 0 0 
31000 100 78.48 0 10 222.09 0 9.94196 1 58391.2 49.1436 0 0 0 
32000 100 88.19 0 10 227.54 0 9.94378 1 59982 50.6819 0 0 0 
33000 100 89.16 0 10 238.36 0 9.94548 1 59218 50.157 0 0 0 
34000 100 94.35 0 10 243.96 0 9.94708 1 59995.8 50.6424 0 0 0 
35000 100 94.54 0 10 247.82 0 9.9486 1 58908.5 49.7 0 0 0 
36000 100 88.53 0 10 255.69 0 9.95002 1 60018 50.5715 0 0 0 
37000 100 87.9 0 10 255.67 0 9.95137 1 59944.1 50.4283 0 0 0 
38000 100 71.55 0 10 258.1 0 9.95265 1 60058.6 50.3807 0 0 0 
39000 100 68 0 10 261.1 0 9.95387 1 59972.4 50.2155 0 0 0 
40000 100 74.43 0 10 265.29 0 9.95502 1 59945.5 50.2306 0 0 0 
41000 100 66.92 0 10 267.95 0 9.95612 1 59935 50.3483 0 0 0 
42000 100 66.5 0 10 275.53 0 9.95716 1 60049.8 50.3223 0 0 0 
43000 100 66.29 0 10 283.32 0 9.95816 1 58676.3 49.1151 0 0 0 
44000 100 63.58 0 10 293.99 0 9.95911 1 60029.9 50.2007 0 0 0 
45000 100 66.73 0 10 295.78 0 9.96002 1 59884.3 50.26 0 0 0 
46000 100 66.08 0 10 305.01 0 9.96089 1 59205.7 49.7236 0 0 0 
47000 100 68.78 0 10 311.97 0 9.96172 1 58194.9 48.9539 0 0 0 
48000 100 64.91 0 10 316.13 0 9.96252 1 60014.9 50.4368 0 0 0 
49000 100 65.69 0 10 317.91 0 9.96328 1 59929.7 50.573 0 0 0 
50000 100 69.92 0 10 319.58 0 9.96402 1 60032.1 50.7284 0 0 0 
51000 100 70.7 0 10 324.84 0 9.96472 1 59848.9 50.7757 0 0 0 
52000 100 65.73 0 10 331.59 0 9.9654 1 59974.2 50.9298 0 0 0 
53000 100 69.39 0 10 338.7 0 9.96605 1 59934.9 50.879 0 0 0 
54000 100 72.67 0 10 341.35 0 9.96668 1 60067.1 51.1289 0 0 0 
55000 100 83.06 0 10 343.98 0 9.96729 1 60036.1 51.0722 0 0 0 
56000 100 85.58 0 10 348.1 0 9.96787 1 60020.5 50.8349 0 0 0 
57000 100 104 0 10 353.11 0 9.96844 1 60064.2 50.9063 0 0 0 
58000 100 110.59 0 10 358.12 0 9.96898 1 59989.6 50.869 0 0 0 
59000 100 98.68 0 10 363.16 0 9.96951 1 60085.6 50.7312 0 0 0 
60000 100 126.78 0 10 368.08 0 9.97001 1 60073.5 51.0298 0 0 0 
61000 100 102.89 0 10 373.44 0 9.97051 1 60345.4 50.9619 0 0 0 
62000 100 100.35 0 10 378.44 0 9.97098 1 60183.4 50.7797 0 0 0 
63000 100 83.19 0 10 383.56 0 9.97144 1 59874.1 50.43 0 0 0 
64000 100 94.08 0 10 388.56 0 9.97189 1 60067.3 50.6725 0 0 0 
65000 100 89.12 0 10 393.74 0 9.97232 1 60025.8 50.625 0 0 0 
66000 100 107.72 0 10 398.7 0 9.97274 1 60126.1 50.6839 0 0 0 
67000 100 114.52 0 10 403.74 0 9.97315 1 60075.1 50.6536 0 0 0 
68000 100 111.12 0 10 408.72 0 9.97354 1 60019.6 50.6024 0 0 0 
69000 100 130.39 0 10 413.66 0 9.97393 1 59806.5 50.6228 0 0 0 
70000 100 156.82 0 10 418.39 0 9.9743 1 59977.6 50.7898 0 0 0 
71000 100 144.35 0 10 423.57 0 9.97466 1 59944.1 50.6767 0 0 0 
72000 100 159.67 0 10 428.44 0 9.97501 1 59428.2 50.1724 0 0 0 
73000 100 150.87 0 10 433.54 0 9.97535 1 60037.6 50.6949 0 0 0 
74000 100 140.28 0 10 438.64 0 9.97569 1 59373.1 50.3812 0 0 0 
75000 100 149.94 0 10 443.52 0 9.97601 1 59936.5 50.6689 0 0 0 
76000 100 154.53 0 10 448.44 0 9.97633 1 60055.1 50.5637 0 0 0 
77000 100 146.58 0 10 453.54 0 9.97663 1 59937.1 50.2406 0 0 0 
78000 100 148.05 0 10 458.5 0 9.97693 1 60085.6 50.1976 0 0 0 
79000 100 165.17 0 10 463.28 0 9.97723 1 60098.8 50.1455 0 0 0 
80000 100 138.89 0 10 468.61 0 9.97751 1 59892.3 49.7573 0 0 0 
81000 100 143.17 0 10 473.63 0 9.97779 1 60085.9 49.9264 0 0 0 
82000 100 152.95 0 10 478.5 0 9.97806 1 59574 49.6495 0 0 0 
83000 100 150.14 0 10 483.51 0 9.97832 1 60047.2 50.1782 0 0 0 
84000 100 153.87 0 10 488.5 0 9.97858 1 60064.9 50.163 0 0 0 
85000 100 128.84 0 10 493.71 0 9.97883 1 59762 49.6913 0 0 0 
86000 100 117.06 0 10 498.77 0 9.97908 1 58855.8 48.9586 0 0 0 
87000 100 142.64 0 10 503.63 0 9.97932 1 59881.7 49.8803 0 0 0 
88000 100 135.59 0 10 508.94 0 9.97955 1 59988.5 50.1027 0 0 0 
89000 100 131.44 0 10 513.94 0 9.97978 1 58463.2 48.8443 0 0 0 
90000 100 124.07 0 10 518.77 0 9.98001 1 59428 49.5107 0 0 0 
91000 100 146.94 0 10 523.67 0 9.98023 1 58971.2 49.2014 0 0 0 
92000 100 129.01 0 10 529.37 0 9.98044 1 58291.7 48.6057 0 0 0 
93000 100 143 0 10 534.07 0 9.98065 1 60004.9 49.892 0 0 0 
94000 100 146.05 0 10 539.1 0 9.98086 1 59992.9 49.7576 0 0 0 
95000 100 155 0 10 544.11 0 9.98106 1 59645.6 49.5591 0 0 0 
96000 100 148.23 0 10 549.04 0 9.98126 1 59274.9 49.2418 0 0 0 
97000 100 145.04 0 10 554.74 0 9.98145 1 58535.9 48.6155 0 0 0 
98000 100 136.31 0 10 560.3 0 9.98164 1 59062.1 48.9949 0 0 0 
99000 100 132.68 0 10 565.95 0 9.98183 1 57843 47.8754 0 0 0 
100000 100 138.16 0 10 570.4 0 9.98201 1 58733.2 48.5188 0 0 0 
101000 100 135.46 0 10 575.32 0 9.98219 1 58947.1 48.7076 0 0 0 
102000 100 130.82 0 10 580.04 0 9.98236 1 59382.4 48.9573 0 0 0 
103000 100 130.45 0 10 585 0 9.98253 1 59946.8 49.4568 0 0 0 
104000 100 129.15 0 10 589.98 0 9.9827 1 59938.1 49.4053 0 0 0 
105000 100 125.4 0 10 595.33 0 9.98286 1 59089.2 48.8941 0 0 0 
106000 100 121.2 0 10 600.27 0 9.98303 1 59526.5 49.2629 0 0 0 
107000 100 120.29 0 10 605.34 0 9.98319 1 59104.2 48.8898 0 0 0 
108000 100 125.25 0 10 610.28 0 9.98334 1 59454.4 49.3274 0 0 0 
109000 100 115.27 0 10 615.94 0 9.98349 1 59017.5 48.9848 0 0 0 
110000 100 127.77 0 10 620.61 0 9.98364 1 59916.5 49.7514 0 0 0 
111000 100 122.44 0 10 626.59 0 9.98379 1 59583.4 49.1419 0 0 0 
112000 100 120.07 0 10 631.89 0 9.98394 1 59485.7 49.1029 0 0 0 
113000 100 127.36 0 10 636.9 0 9.98408 1 60027.9 49.3976 0 0 0 
114000 100 154.15 0 10 640.36 0 9.98422 1 59634.4 48.9855 0 0 0 
115000 100 128.25 0 10 646.13 0 9.98435 1 59807.8 49.1986 0 0 0 
116000 100 114.94 0 10 651.36 0 9.98449 1 59690.7 49.1105 0 0 0 
117000 100 120.05 0 10 656.02 0 9.98462 1 59918 49.2749 0 0 0 
118000 100 151 0 10 659.81 0 9.98475 1 59442.5 48.683 0 0 0 
119000 100 150.91 0 10 665.33 0 9.98488 1 59781.6 48.9464 0 0 0 
120000 100 149.79 0 10 669.57 0 9.98501 1 59980.5 49.1444 0 0 0 
121000 100 161.12 0 10 674.18 0 9.98513 1 59955.9 49.144 0 0 0 
122000 100 166.42 0 10 678.89 0 9.98525 1 59968.3 49.1422 0 0 0 
123000 100 172.64 0 10 683.78 0 9.98537 1 60032.6 49.0985 0 0 0 
124000 100 168.97 0 10 689.73 0 9.98549 1 60018.1 49.0064 0 0 0 
125000 100 172.99 0 10 693.98 0 9.98561 1 60074.4 49.125 0 0 0 
126000 100 169.07 0 10 698.54 0 9.98572 1 59941.1 49.2813 0 0 0 
127000 100 170.54 0 10 703.48 0 9.98583 1 60054.6 49.3506 0 0 0 
128000 100 176 0 10 708 0 9.98594 1 59983.8 49.3249 0 0 0 
129000 100 176 0 10 713 0 9.98605 1 60047.6 49.5398 0 0 0 
130000 100 176 0 10 718 0 9.98616 1 59915.2 49.378 0 0 0 
131000 100 176 0 10 723 0 9.98627 1 59942.9 49.3608 0 0 0 
132000 100 176 0 10 728 0 9.98637 1 59955.6 49.3426 0 0 0 
133000 100 176 0 10 733 0 9.98647 1 59959.1 49.5129 0 0 0 
134000 100 176 0 10 738 0 9.98657 1 59799.4 49.4867 0 0 0 
135000 100 176 0 10 743 0 9.98667 1 60029.5 49.7422 0 0 0 
136000 100 171.71 0 10 748.05 0 9.98677 1 58911.1 48.9294 0 0 0 
137000 100 176 0 10 753 0 9.98687 1 60110.9 49.9538 0 0 0 
138000 100 176 0 10 758 0 9.98696 1 60053.6 49.4716 0 0 0 
139000 100 176 0 10 763 0 9.98706 1 60005.7 49.5093 0 0 0 
140000 100 176 0 10 768 0 9.98715 1 60133.6 49.3506 0 0 0 
141000 100 176 0 10 773 0 9.98724 1 60049 49.204 0 0 0 
142000 100 176 0 10 778 0 9.98733 1 59922.3 49.0044 0 0 0 
143000 100 176 0 10 783 0 9.98742 1 59883.9 49.1126 0 0 0 
144000 100 176 0 10 788 0 9.98751 1 59916.9 49.2335 0 0 0 
145000 100 176 0 10 793 0 9.98759 1 59922.4 49.2621 0 0 0 
146000 100 173.48 0 10 798.02 0 9.98768 1 60218.9 49.4563 0 0 0 
147000 100 169.82 0 10 803.06 0 9.98776 1 59940.7 49.2727 0 0 0 
148000 100 163.4 0 10 808.1 0 9.98784 1 59930.7 49.5548 0 0 0 
149000 100 144.3 0 10 813.28 0 9.98792 1 59103.5 48.7824 0 0 0 
150000 100 127.76 0 10 818.45 0 9.98801 1 59802.6 49.2524 0 0 0 
151000 100 152.64 0 10 823.28 0 9.98808 1 59884.7 49.0467 0 0 0 
152000 100 163.52 0 10 828.16 0 9.98816 1 59901.7 49.1921 0 0 0 
153000 100 164.84 0 10 833.18 0 9.98824 1 59897.8 49.3944 0 0 0 
154000 100 164.84 0 10 838.18 0 9.98832 1 59989.7 50.063 0 0 0 
155000 100 156.08 0 10 843.28 0 9.98839 1 60051.4 50.0278 0 0 0 
156000 100 152.54 0 10 848.27 0 9.98847 1 59802.1 50.3174 0 0 0 
157000 100 164.24 0 10 853.2 0 9.98854 1 60273.2 50.4036 0 0 0 
158000 100 165.44 0 10 858.16 0 9.98861 1 59740.9 50.3304 0 0 0 
159000 100 172.1 0 10 863.13 0 9.98868 1 60194.4 50.767 0 0 0 
160000 100 171.8 0 10 868.14 0 9.98876 1 60155.9 50.4374 0 0 0 
161000 100 168.2 0 10 873.26 0 9.98882 1 60012.3 50.4518 0 0 0 
162000 100 162.26 0 10 878.37 0 9.98889 1 60143.4 50.6894 0 0 0 
163000 100 165.5 0 10 883.35 0 9.98896 1 60039 50.7603 0 0 0 
164000 100 164.9 0 10 888.37 0 9.98903 1 59983.5 50.9806 0 0 0 
165000 100 162.5 0 10 893.45 0 9.9891 1 60063.5 50.924 0 0 0 
166000 100 164 0 10 898.4 0 9.98916 1 60123.4 51.335 0 0 0 
167000 100 167.6 0 10 903.28 0 9.98923 1 59992 51.5669 0 0 0 
168000 100 165.21 0 10 908.32 0 9.98929 1 59757.9 51.2885 0 0 0 
169000 100 165.8 0 10 913.34 0 9.98935 1 60157.9 51.4888 0 0 0 
170000 100 159.94 0 10 918.45 0 9.98942 1 59867 51.0328 0 0 0 
171000 100 158.62 0 10 923.45 0 9.98948 1 60038.2 51.2793 0 0 0 
172000 100 164 0 10 928.4 0 9.98954 1 60017.9 51.4994 0 0 0 
173000 100 166.4 0 10 933.32 0 9.9896 1 60090.6 51.8067 0 0 0 
174000 100 165.5 0 10 938.35 0 9.98966 1 59980.7 51.5647 0 0 0 
175000 100 164 0 10 943.4 0 9.98972 1 60206.3 51.7896 0 0 0 
176000 100 163.36 0 10 948.36 0 9.98978 1 59465.7 51.2719 0 0 0 
177000 100 160.96 0 10 953.44 0 9.98984 1 60158.5 51.8838 0 0 0 
178000 100 161.9 0 10 958.47 0 9.98989 1 60076.8 51.5946 0 0 0 
179000 100 160.7 0 10 963.51 0 9.98995 1 60019.4 51.4835 0 0 0 
180000 100 155.3 0 10 968.69 0 9.99 1 60126.3 51.3866 0 0 0 
181000 100 155.6 0 10 973.68 0 9.99006 1 59988.9 51.2457 0 0 0 
182000 100 156.8 0 10 978.64 0 9.99011 1 59980.2 51.244 0 0 0 
183000 100 155.9 0 10 983.67 0 9.99017 1 60212.3 51.4716 0 0 0 
184000 100 156.8 0 10 988.64 0 9.99022 1 60096.3 51.6564 0 0 0 
185000 100 158.9 0 10 993.57 0 9.99027 1 60152.3 51.696 0 0 0 
186000 100 155.9 0 10 998.67 0 9.99033 1 60316.7 51.6185 0 0 0 
187000 100 158.6 0 10 1003.58 0 9.99038 1 60050 51.4512 0 0 0 
188000 100 162.52 0 10 1008.46 0 9.99043 1 59996.3 51.6631 0 0 0 
189000 100 159.2 0 10 1013.56 0 9.99048 1 60037.8 51.2803 0 0 0 
190000 100 155.3 0 10 1018.69 0 9.99053 1 60159 51.3663 0 0 0 
191000 100 153.2 0 10 1023.76 0 9.99058 1 60239.7 51.2073 0 0 0 
192000 100 153.5 0 10 1028.75 0 9.99063 1 59920.2 50.8762 0 0 0 
193000 100 154.7 0 10 1033.71 0 9.99068 1 60049.4 51.1756 0 0 0 
194000 100 154.1 0 10 1038.73 0 9.99073 1 59940.3 51.1383 0 0 0 
195000 100 152.92 0 10 1043.73 0 9.99077 1 59776.1 51.0317 0 0 0 
196000 100 150.6 0 10 1048.77 0 9.99082 1 59815.1 50.9401 0 0 0 
197000 100 139.13 0 10 1053.91 0 9.99087 1 60062.8 51.2618 0 0 0 
198000 100 131.31 0 10 1059.08 0 9.99091 1 59727.7 50.7363 0 0 0 
199000 100 129.46 0 10 1064.16 0 9.99096 1 59910.9 50.8715 0 0 0 
200000 100 127.46 0 10 1069.44 0 9.991 1 58230.2 49.7806 0 0 0 
201000 100 119.99 0 10 1074.68 0 9.99105 1 60111.8 51.3642 0 0 0 
202000 100 133.84 0 10 1079.75 0 9.99109 1 60006.2 51.3397 0 0 0 
203000 100 127.06 0 10 1085.77 0 9.99114 1 59927.7 51.5246 0 0 0 
204000 100 128.86 0 10 1090.24 0 9.99118 1 59165.1 50.9813 0 0 0 
205000 100 114.64 0 10 1095.58 0 9.99122 1 60029.4 51.7497 0 0 0 
206000 100 109.04 0 10 1100.88 0 9.99127 1 60215.4 52.018 0 0 0 
207000 100 92.76 0 10 1106.9 0 9.99131 1 60149.1 51.8372 0 0 0 
208000 100 91.97 0 10 1112.19 0 9.99135 1 58588.5 50.6171 0 0 0 
209000 100 78.26 0 10 1116.87 0 9.99139 1 60180.1 51.6577 0 0 0 
210000 100 95.96 0 10 1121.5 0 9.99143 1 60070.9 51.7045 0 0 0 
211000 100 114.05 0 10 1125.64 0 9.99147 1 60028.2 51.633 0 0 0 
212000 100 106.15 0 10 1130.42 0 9.99151 1 59913.6 51.3165 0 0 0 
213000 100 108.55 0 10 1135.47 0 9.99155 1 59927.3 51.2229 0 0 0 
214000 100 120.68 0 10 1140.14 0 9.99159 1 60024.5 51.2156 0 0 0 
215000 100 127.24 0 10 1144.8 0 9.99163 1 60000.7 51.1256 0 0 0 
216000 100 114.55 0 10 1149.98 0 9.99167 1 60006.4 51.1127 0 0 0 
217000 100 115.33 0 10 1154.88 0 9.99171 1 59925.9 51.024 0 0 0 
218000 100 125.05 0 10 1159.88 0 9.99175 1 60063 51.2005 0 0 0 
219000 100 128.03 0 10 1164.73 0 9.99178 1 59121.8 50.2637 0 0 0 
220000 100 123.95 0 10 1169.82 0 9.99182 1 60034.2 50.9928 0 0 0 
221000 100 110.09 0 10 1175.28 0 9.99186 1 59897.6 51.0768 0 0 0 
222000 100 113.37 0 10 1180.53 0 9.9919 1 59940.2 51.5612 0 0 0 
223000 100 126.16 0 10 1185.01 0 9.99193 1 59422.4 50.7388 0 0 0 
224000 100 123.9 0 10 1190.07 0 9.99197 1 59864.2 51.2812 0 0 0 
225000 100 126.84 0 10 1195.44 0 9.992 1 59406.2 51.1536 0 0 0 
226000 100 130.54 0 10 1200.29 0 9.99204 1 59892 51.3397 0 0 0 
227000 100 127.1 0 10 1205.54 0 9.99207 1 60000.7 51.5215 0 0 0 
228000 100 123.38 0 10 1210.26 0 9.99211 1 60023.5 51.3504 0 0 0 
229000 100 133.18 0 10 1214.7 0 9.99214 1 59994.1 50.8206 0 0 0 
230000 100 136.16 0 10 1219.81 0 9.99218 1 59966.1 50.6724 0 0 0 
231000 100 131.66 0 10 1225.26 0 9.99221 1 59940.8 51.1613 0 0 0 
232000 100 127.55 0 10 1230.77 0 9.99224 1 59763.2 51.2992 0 0 0 
233000 100 135.36 0 10 1235.23 0 9.99228 1 60028 51.1091 0 0 0 
234000 100 131.79 0 10 1240.41 0 9.99231 1 59829.1 51.0654 0 0 0 
235000 100 133.65 0 10 1245.36 0 9.99234 1 60015 51.1452 0 0 0 
236000 100 134.86 0 10 1250.28 0 9.99238 1 60136.2 51.2627 0 0 0 
237000 100 135.61 0 10 1255.36 0 9.99241 1 59614.9 50.7913 0 0 0 
238000 100 133.52 0 10 1260.43 0 9.99244 1 59137.4 50.5196 0 0 0 
239000 100 137.93 0 10 1265.35 0 9.99247 1 60187.2 51.1973 0 0 0 
240000 100 126.53 0 10 1270.83 0 9.9925 1 59911.8 51.3339 0 0 0 
241000 100 140.68 0 10 1275.38 0 9.99253 1 59886.2 51.1017 0 0 0 
242000 100 143.59 0 10 1280.35 0 9.99257 1 60001.8 51.3086 0 0 0 
243000 100 136.71 0 10 1285.76 0 9.9926 1 59852.3 51.3625 0 0 0 
244000 100 138.61 0 10 1290.65 0 9.99263 1 60208.5 51.5975 0 0 0 
245000 100 135.53 0 10 1295.89 0 9.99266 1 60076 51.5015 0 0 0 
246000 100 138.1 0 10 1300.98 0 9.99269 1 60151.3 51.7475 0 0 0 
247000 100 136.43 0 10 1306.01 0 9.99272 1 60010.9 51.4276 0 0 0 
248000 100 134.97 0 10 1310.78 0 9.99275 1 59657.5 51.0552 0 0 0 
249000 100 135.45 0 10 1315.97 0 9.99277 1 59633.9 51.223 0 0 0 
250000 100 121.37 0 10 1321.69 0 9.9928 1 59973.5 51.4396 0 0 0 