# Avida Average Deme Data
# Tue Apr 15 16:41:37 2014
#  1: Update
#  2: Count
#  3: Age
#  4: Births
#  5: Organisms
#  6: Generation
#  7: Births (at last replication)
#  8: Organisms (at last replication)
#  9: Merit
# 10: Gestation Time
# 11: Time Used (normalized by org fitness)
# 12: Generations between current and last founders
# 13: Events killed
# 14: Attempts to kill event

0 100 0 0 1 0 0 0 1 0 0 0 0 0 
1000 100 20.95 0 10 5.89 0 8.1977 1 54846.4 47.2948 0 0 0 
2000 100 45.12 0 10 12.94 0 9.0984 1 53221.2 45.85 0 0 0 
3000 100 71.27 0 10 19.34 0 9.39883 1 56290.5 48.3616 0 0 0 
4000 100 58.8 0 10 24.18 0 9.54909 1 55982 48.1073 0 0 0 
5000 100 49.52 0 10 30.28 0 9.63925 1 58943.6 50.5824 0 0 0 
6000 100 42.84 0 10 35.24 0 9.69937 1 57521.1 49.2898 0 0 0 
7000 100 44.72 0 10 42.63 0 9.74231 1 56883.6 48.7437 0 0 0 
8000 100 42.03 0 10 48.9 0 9.77452 1 55468.3 47.575 0 0 0 
9000 100 47.62 0 10 52.3 0 9.79957 1 56579.2 48.5693 0 0 0 
10000 100 69.76 0 10 60.71 0 9.81961 1 52648.9 45.1733 0 0 0 
11000 100 74.71 0 10 70.26 0 9.83601 1 52812.5 45.287 0 0 0 
12000 100 78.28 0 10 77.11 0 9.84967 1 53981.8 46.33 0 0 0 
13000 100 79.14 0 10 85.21 0 9.86123 1 55596.7 47.8854 0 0 0 
14000 100 68.52 0 10 87.82 0 9.87114 1 53208.9 45.9166 0 0 0 
15000 100 84.07 0 10 100.39 0 9.87973 1 55963.2 48.1771 0 0 0 
16000 100 89.8 0 10 111.98 0 9.88725 1 53171.5 45.7924 0 0 0 
17000 100 93.2 0 10 121.39 0 9.89388 1 55349 47.7001 0 0 0 
18000 100 93.13 0 10 129.89 0 9.89978 1 52955.2 45.7491 0 0 0 
19000 100 87.82 0 10 138.45 0 9.90505 1 58074.9 50.1004 0 0 0 
20000 100 87.15 0 10 145.75 0 9.9098 1 54200.8 46.7589 0 0 0 
21000 100 93.48 0 10 148.56 0 9.91409 1 59823.5 51.7908 0 0 0 
22000 100 82.11 0 10 153.08 0 9.918 1 55382.5 47.8886 0 0 0 
23000 100 82.49 0 10 160.68 0 9.92156 1 60041.8 51.9615 0 0 0 
24000 100 73.1 0 10 166.81 0 9.92483 1 58539.6 50.6284 0 0 0 
25000 100 72.81 0 10 173.57 0 9.92784 1 56886.5 49.2125 0 0 0 
26000 100 68.61 0 10 182.31 0 9.93061 1 57318.1 49.5619 0 0 0 
27000 100 72.76 0 10 187.6 0 9.93318 1 55936.3 48.1481 0 0 0 
28000 100 85.05 0 10 195.81 0 9.93557 1 56319.2 48.5255 0 0 0 
29000 100 79.89 0 10 203 0 9.93779 1 54039.6 46.4081 0 0 0 
30000 100 88.84 0 10 209.77 0 9.93987 1 55950.7 48.061 0 0 0 
31000 100 109.44 0 10 216.77 0 9.94181 1 53510.6 45.7569 0 0 0 
32000 100 98.09 0 10 226.23 0 9.94362 1 54287.3 46.1638 0 0 0 
33000 100 62.48 0 10 238.6 0 9.94533 1 54565.9 46.5043 0 0 0 
34000 100 54.62 0 10 246.13 0 9.94694 1 53858.8 46.0842 0 0 0 
35000 100 58.79 0 10 253.66 0 9.94846 1 54740.6 46.7138 0 0 0 
36000 100 61.03 0 10 264.59 0 9.94989 1 51485.9 43.9564 0 0 0 
37000 100 74.26 0 10 275.41 0 9.95124 1 54769.8 46.8513 0 0 0 
38000 100 63.68 0 10 281.17 0 9.95252 1 56728.8 48.519 0 0 0 
39000 100 69.58 0 10 288.67 0 9.95374 1 53681.5 46.1263 0 0 0 
40000 100 85.4 0 10 293.78 0 9.9549 1 57630.6 49.5001 0 0 0 
41000 100 76.39 0 10 301.79 0 9.956 1 53317 46.0381 0 0 0 
42000 100 70.39 0 10 311.4 0 9.95705 1 55683.9 48.1978 0 0 0 
43000 100 88.64 0 10 323.66 0 9.95805 1 53320.2 46.2383 0 0 0 
44000 100 80.53 0 10 332.51 0 9.959 1 54261.6 46.9532 0 0 0 
45000 100 74.01 0 10 340.63 0 9.95991 1 56251.2 48.615 0 0 0 
46000 100 86.46 0 10 345.63 0 9.96078 1 54716.6 47.2395 0 0 0 
47000 100 92.09 0 10 349.05 0 9.96162 1 53788.2 46.4458 0 0 0 
48000 100 86.73 0 10 357.36 0 9.96242 1 56098.4 48.4727 0 0 0 
49000 100 95.7 0 10 363.65 0 9.96318 1 55558 48.0309 0 0 0 
50000 100 97.62 0 10 368.06 0 9.96392 1 55182.1 47.6829 0 0 0 
51000 100 110.36 0 10 374.75 0 9.96463 1 54169.5 46.5053 0 0 0 
52000 100 107.09 0 10 384.52 0 9.96531 1 56921.1 48.6703 0 0 0 
53000 100 82.88 0 10 392.03 0 9.96596 1 54036.9 46.0148 0 0 0 
54000 100 75.88 0 10 399.6 0 9.96659 1 57085.2 48.4078 0 0 0 
55000 100 79.01 0 10 402.24 0 9.9672 1 58487.4 49.5354 0 0 0 
56000 100 94.57 0 10 407.83 0 9.96778 1 58976 50.1163 0 0 0 
57000 100 98.55 0 10 412.08 0 9.96835 1 59335.2 50.5409 0 0 0 
58000 100 98.18 0 10 416.48 0 9.9689 1 54771.6 46.749 0 0 0 
59000 100 107.92 0 10 422.32 0 9.96942 1 58072.4 49.6322 0 0 0 
60000 100 118.79 0 10 431.46 0 9.96993 1 58022 49.7254 0 0 0 
61000 100 107.9 0 10 437.1 0 9.97043 1 56790.1 48.6959 0 0 0 
62000 100 89.28 0 10 445.18 0 9.9709 1 52994.1 45.5812 0 0 0 
63000 100 71.72 0 10 453.55 0 9.97136 1 58152.5 50.301 0 0 0 
64000 100 77.97 0 10 459.24 0 9.97181 1 55195.9 47.7149 0 0 0 
65000 100 68.05 0 10 464.74 0 9.97225 1 57962.2 50.023 0 0 0 
66000 100 66.29 0 10 473.11 0 9.97267 1 54826.8 47.4225 0 0 0 
67000 100 79.29 0 10 479.27 0 9.97307 1 56572.1 49.05 0 0 0 
68000 100 73.81 0 10 488.86 0 9.97347 1 57471.2 49.9461 0 0 0 
69000 100 83.15 0 10 495.16 0 9.97385 1 57015.7 49.6419 0 0 0 
70000 100 80.65 0 10 503.88 0 9.97423 1 56333.1 48.9709 0 0 0 
71000 100 73.58 0 10 510.08 0 9.97459 1 56475.5 49.16 0 0 0 
72000 100 80.9 0 10 519.29 0 9.97494 1 57300.4 49.875 0 0 0 
73000 100 89.84 0 10 529.52 0 9.97529 1 55783.5 48.5236 0 0 0 
74000 100 86.78 0 10 535.67 0 9.97562 1 57077.4 49.8024 0 0 0 
75000 100 91.67 0 10 541.51 0 9.97595 1 57770.9 50.4654 0 0 0 
76000 100 105.71 0 10 547.01 0 9.97626 1 54365.6 47.625 0 0 0 
77000 100 104.21 0 10 549.3 0 9.97657 1 57456 50.33 0 0 0 
78000 100 88.9 0 10 552.66 0 9.97687 1 56956.7 49.9532 0 0 0 
79000 100 84.67 0 10 560.87 0 9.97716 1 54416.9 47.7406 0 0 0 
80000 100 74.74 0 10 564.78 0 9.97745 1 54837.4 48.342 0 0 0 
81000 100 70.96 0 10 569.93 0 9.97773 1 54791 48.4385 0 0 0 
82000 100 77.49 0 10 577.43 0 9.978 1 53996.2 47.6928 0 0 0 
83000 100 70.31 0 10 582.79 0 9.97826 1 53838.5 47.6533 0 0 0 
84000 100 79.64 0 10 590.62 0 9.97852 1 54369.2 48.0709 0 0 0 
85000 100 69.11 0 10 596.37 0 9.97878 1 56257.3 49.8664 0 0 0 
86000 100 75.46 0 10 602.58 0 9.97902 1 56979.6 50.5418 0 0 0 
87000 100 78.65 0 10 610.45 0 9.97926 1 53533.4 47.5267 0 0 0 
88000 100 73.4 0 10 619.43 0 9.9795 1 54042.1 48.1038 0 0 0 
89000 100 92.08 0 10 625.5 0 9.97973 1 55707.1 49.682 0 0 0 
90000 100 86.99 0 10 631.83 0 9.97995 1 57922.8 51.6798 0 0 0 
91000 100 87.91 0 10 638.93 0 9.98017 1 56488.3 50.3977 0 0 0 
92000 100 77.03 0 10 649.29 0 9.98039 1 54044.7 48.3094 0 0 0 
93000 100 71.67 0 10 656.7 0 9.9806 1 54444.4 48.6572 0 0 0 
94000 100 77.51 0 10 665.94 0 9.98081 1 56375.8 50.6013 0 0 0 
95000 100 84.24 0 10 665.18 0 9.98101 1 55560.4 49.546 0 0 0 
96000 100 81.48 0 10 670.91 0 9.98121 1 58873.9 52.5341 0 0 0 
97000 100 83.94 0 10 677.9 0 9.9814 1 54311.4 48.5564 0 0 0 
98000 100 101.28 0 10 681.29 0 9.98159 1 57242.1 51.0995 0 0 0 
99000 100 101.27 0 10 687.26 0 9.98178 1 57574 51.4746 0 0 0 
100000 100 94.9 0 10 690.07 0 9.98196 1 57066 50.8944 0 0 0 
101000 100 96.04 0 10 694.39 0 9.98214 1 57303 50.7729 0 0 0 
102000 100 97.59 0 10 701.61 0 9.98231 1 56390.8 49.6049 0 0 0 
103000 100 99.32 0 10 702.82 0 9.98248 1 55195.1 48.2985 0 0 0 
104000 100 101.81 0 10 709.64 0 9.98265 1 55763.8 48.5633 0 0 0 
105000 100 96.2 0 10 716.9 0 9.98282 1 58526.8 50.7592 0 0 0 
106000 100 76.93 0 10 724.7 0 9.98298 1 55343.6 47.689 0 0 0 
107000 100 88.92 0 10 730.2 0 9.98314 1 56571.3 48.4846 0 0 0 
108000 100 91.66 0 10 735.64 0 9.9833 1 56161.8 48.2689 0 0 0 
109000 100 85.73 0 10 738.64 0 9.98345 1 59796.2 51.3926 0 0 0 
110000 100 95.7 0 10 742.71 0 9.9836 1 58686.7 50.454 0 0 0 
111000 100 83.81 0 10 747.48 0 9.98375 1 57340.3 49.4472 0 0 0 
112000 100 85.2 0 10 751.65 0 9.98389 1 58978.3 50.8169 0 0 0 
113000 100 93.59 0 10 755.96 0 9.98403 1 57860.6 49.9098 0 0 0 
114000 100 100.64 0 10 760.98 0 9.98417 1 57036.8 49.2163 0 0 0 
115000 100 97.75 0 10 768.88 0 9.98431 1 56593.7 48.9831 0 0 0 
116000 100 92.22 0 10 777.14 0 9.98445 1 57489.7 50.0882 0 0 0 
117000 100 100.71 0 10 783.76 0 9.98458 1 55972.7 48.6539 0 0 0 
118000 100 90.59 0 10 794.33 0 9.98471 1 56520.3 49.2961 0 0 0 
119000 100 81.68 0 10 804.78 0 9.98484 1 55056 48.2743 0 0 0 
120000 100 83.5 0 10 811.07 0 9.98497 1 56735.3 49.4495 0 0 0 
121000 100 82.04 0 10 822.5 0 9.98509 1 53216.8 46.8998 0 0 0 
122000 100 76.18 0 10 829.08 0 9.98521 1 52837 46.7219 0 0 0 
123000 100 97.76 0 10 838.05 0 9.98533 1 56861.1 50.2688 0 0 0 
124000 100 88.52 0 10 861.02 0 9.98545 1 50789.1 45.0852 0 0 0 
125000 100 74.97 0 10 873.34 0 9.98557 1 56053.8 49.5348 0 0 0 
126000 100 105.73 0 10 884.61 0 9.98568 1 57722.1 51.1234 0 0 0 
127000 100 97.57 0 10 891.72 0 9.98579 1 57899.1 51.349 0 0 0 
128000 100 97.82 0 10 899.53 0 9.98591 1 52864.6 46.8195 0 0 0 
129000 100 95.46 0 10 909.65 0 9.98601 1 55399 49.1187 0 0 0 
130000 100 97.64 0 10 915.38 0 9.98612 1 52772.4 46.7314 0 0 0 
131000 100 87.94 0 10 925.6 0 9.98623 1 52557.4 46.5405 0 0 0 
132000 100 94.43 0 10 931.55 0 9.98633 1 53677.2 47.5095 0 0 0 
133000 100 93.03 0 10 943.01 0 9.98644 1 53403.1 47.2954 0 0 0 
134000 100 86.77 0 10 951.9 0 9.98654 1 56691 50.108 0 0 0 
135000 100 80.15 0 10 963.33 0 9.98664 1 53809 47.534 0 0 0 
136000 100 98.16 0 10 972.99 0 9.98673 1 54602.2 48.1701 0 0 0 
137000 100 98.13 0 10 982.59 0 9.98683 1 52303.9 46.2455 0 0 0 
138000 100 93.53 0 10 990.45 0 9.98693 1 58919.4 52.3921 0 0 0 
139000 100 82.86 0 10 996.23 0 9.98702 1 53051.4 47.0534 0 0 0 
140000 100 56.7 0 10 1005.95 0 9.98711 1 54478.2 48.2951 0 0 0 
141000 100 72.28 0 10 1017.67 0 9.98721 1 50265.4 44.4512 0 0 0 
142000 100 73.32 0 10 1023.87 0 9.9873 1 54996.8 48.8382 0 0 0 
143000 100 71.09 0 10 1030.78 0 9.98738 1 55381.1 49.3541 0 0 0 
144000 100 87.72 0 10 1035.84 0 9.98747 1 53891.8 47.7711 0 0 0 
145000 100 82.79 0 10 1050.35 0 9.98756 1 53563.1 47.6866 0 0 0 
146000 100 76.85 0 10 1059.25 0 9.98764 1 54326 48.4611 0 0 0 
147000 100 73.22 0 10 1064.12 0 9.98773 1 55519.3 49.3509 0 0 0 
148000 100 76.15 0 10 1075.14 0 9.98781 1 57018.5 50.8082 0 0 0 
149000 100 67.27 0 10 1075.6 0 9.98789 1 55197 49.3694 0 0 0 
150000 100 87.14 0 10 1085.68 0 9.98797 1 53971.8 48.2178 0 0 0 
151000 100 103.61 0 10 1104.55 0 9.98805 1 56923.1 50.9835 0 0 0 
152000 100 101.92 0 10 1112.39 0 9.98813 1 53352.6 47.8892 0 0 0 
153000 100 100.05 0 10 1112.89 0 9.98821 1 55653.5 49.7803 0 0 0 
154000 100 100.17 0 10 1120.51 0 9.98829 1 58155.2 51.847 0 0 0 
155000 100 100.81 0 10 1135.13 0 9.98836 1 54599.7 48.788 0 0 0 
156000 100 105.18 0 10 1150.28 0 9.98844 1 58296 52.0182 0 0 0 
157000 100 113.33 0 10 1157.21 0 9.98851 1 53354.2 47.6325 0 0 0 
158000 100 102.72 0 10 1164.44 0 9.98858 1 56961.4 50.9705 0 0 0 
159000 100 99.55 0 10 1170.87 0 9.98865 1 53073.3 47.4862 0 0 0 
160000 100 104.27 0 10 1175.48 0 9.98872 1 57227.3 51.1137 0 0 0 
161000 100 112.8 0 10 1182.11 0 9.98879 1 56730.5 50.6997 0 0 0 
162000 100 113.59 0 10 1187.12 0 9.98886 1 54706.5 48.8026 0 0 0 
163000 100 113.23 0 10 1194.4 0 9.98893 1 54600.5 48.8624 0 0 0 
164000 100 105.84 0 10 1198.17 0 9.989 1 57171.8 51.1632 0 0 0 
165000 100 111.19 0 10 1201.57 0 9.98907 1 55069.1 49.4665 0 0 0 
166000 100 103.69 0 10 1206.86 0 9.98913 1 57040.3 51.2562 0 0 0 
167000 100 94.23 0 10 1212.76 0 9.9892 1 55881.1 50.1452 0 0 0 
168000 100 105.86 0 10 1217.32 0 9.98926 1 56618.1 50.7997 0 0 0 
169000 100 98.68 0 10 1224.27 0 9.98932 1 57984.6 52.0977 0 0 0 
170000 100 77.46 0 10 1231.56 0 9.98939 1 55195.1 49.5569 0 0 0 
171000 100 88.86 0 10 1235.35 0 9.98945 1 57286.3 51.4629 0 0 0 
172000 100 77.14 0 10 1240.5 0 9.98951 1 53455.2 48.0255 0 0 0 
173000 100 66.05 0 10 1251.32 0 9.98957 1 54299.1 48.7475 0 0 0 
174000 100 53.83 0 10 1256.68 0 9.98963 1 54704.9 49.3677 0 0 0 
175000 100 68.5 0 10 1263.09 0 9.98969 1 56223.6 50.7192 0 0 0 
176000 100 71.25 0 10 1269.24 0 9.98975 1 57616.9 51.8129 0 0 0 
177000 100 64.01 0 10 1277.51 0 9.98981 1 55469.7 49.8026 0 0 0 
178000 100 73 0 10 1287.69 0 9.98986 1 55226.1 49.7159 0 0 0 
179000 100 85.36 0 10 1291.5 0 9.98992 1 52452 47.2481 0 0 0 
180000 100 77.13 0 10 1308.97 0 9.98998 1 56212.6 50.5181 0 0 0 
181000 100 73.28 0 10 1318.88 0 9.99003 1 56772.1 50.9476 0 0 0 
182000 100 75.58 0 10 1325.57 0 9.99009 1 55735.8 50.125 0 0 0 
183000 100 78.64 0 10 1338.08 0 9.99014 1 56365.9 50.4475 0 0 0 
184000 100 75.14 0 10 1346.52 0 9.9902 1 55638.4 49.6915 0 0 0 
185000 100 102.17 0 10 1355.57 0 9.99025 1 53904.4 48.2832 0 0 0 
186000 100 90.77 0 10 1363.34 0 9.9903 1 53959 48.3558 0 0 0 
187000 100 97.78 0 10 1380.22 0 9.99035 1 51637.2 46.1386 0 0 0 
188000 100 79.6 0 10 1381.38 0 9.9904 1 58438.4 52.1865 0 0 0 
189000 100 98.58 0 10 1391.21 0 9.99045 1 57299.5 51.1283 0 0 0 
190000 100 87.94 0 10 1403.14 0 9.9905 1 57449.8 51.2657 0 0 0 
191000 100 86.91 0 10 1408 0 9.99055 1 53842.4 48.0605 0 0 0 
192000 100 78.01 0 10 1416.65 0 9.9906 1 55506.4 49.4888 0 0 0 
193000 100 87.17 0 10 1423.22 0 9.99065 1 54888.8 48.9541 0 0 0 
194000 100 85.93 0 10 1429.59 0 9.9907 1 57050.3 50.7081 0 0 0 
195000 100 84.07 0 10 1434.32 0 9.99075 1 58903 52.2839 0 0 0 
196000 100 89.69 0 10 1443.41 0 9.9908 1 54582.6 48.3997 0 0 0 
197000 100 77.65 0 10 1453.18 0 9.99084 1 52110.1 46.1929 0 0 0 
198000 100 85.58 0 10 1462.71 0 9.99089 1 53653.2 47.5155 0 0 0 
199000 100 91.18 0 10 1467.69 0 9.99093 1 54277.4 48.1715 0 0 0 
200000 100 81.76 0 10 1471.49 0 9.99098 1 56313.7 50.0749 0 0 0 
201000 100 96.21 0 10 1480.39 0 9.99102 1 56209 49.6893 0 0 0 
202000 100 79.7 0 10 1487.08 0 9.99107 1 54396.2 48.0502 0 0 0 
203000 100 74.09 0 10 1492.82 0 9.99111 1 55041.8 48.6062 0 0 0 
204000 100 79.89 0 10 1501.28 0 9.99116 1 53498.8 47.3727 0 0 0 
205000 100 51.36 0 10 1507.26 0 9.9912 1 55925 49.9235 0 0 0 
206000 100 45.33 0 10 1519.26 0 9.99124 1 55448.7 49.8013 0 0 0 
207000 100 65.51 0 10 1526.22 0 9.99128 1 56935.9 51.1668 0 0 0 
208000 100 72.05 0 10 1530.37 0 9.99133 1 53200.3 47.5159 0 0 0 
209000 100 79.38 0 10 1542.06 0 9.99137 1 50829.8 45.6422 0 0 0 
210000 100 84.37 0 10 1555.17 0 9.99141 1 53374.6 48.2592 0 0 0 
211000 100 77.78 0 10 1554.98 0 9.99145 1 53154.8 47.8598 0 0 0 
212000 100 73.45 0 10 1569.82 0 9.99149 1 53756.4 48.6492 0 0 0 
213000 100 81.96 0 10 1572.6 0 9.99153 1 57000.4 51.5286 0 0 0 
214000 100 86.69 0 10 1580.01 0 9.99157 1 55485.8 50.0178 0 0 0 
215000 100 82.2 0 10 1582.08 0 9.99161 1 56271.8 50.3585 0 0 0 
216000 100 82.13 0 10 1597.75 0 9.99165 1 52328 47.2117 0 0 0 
217000 100 83.5 0 10 1616.36 0 9.99169 1 55186.8 50.3375 0 0 0 
218000 100 83.52 0 10 1623.36 0 9.99172 1 57999.9 53.0127 0 0 0 
219000 100 98.03 0 10 1626.61 0 9.99176 1 56253.6 51.2787 0 0 0 
220000 100 91.42 0 10 1638.21 0 9.9918 1 56681.7 51.8663 0 0 0 
221000 100 92.53 0 10 1641.49 0 9.99184 1 55662.3 50.3909 0 0 0 
222000 100 87.96 0 10 1649.45 0 9.99187 1 56666.7 51.6657 0 0 0 
223000 100 82.5 0 10 1649.71 0 9.99191 1 53620.6 48.7141 0 0 0 
224000 100 84.51 0 10 1661.1 0 9.99195 1 50689 46.1472 0 0 0 
225000 100 85.59 0 10 1661.37 0 9.99198 1 40147.4 35.6942 0 0 0 
226000 100 97.64 0 10 1676.03 0 9.99202 1 38654 34.5736 0 0 0 
227000 100 102.96 0 10 1682.46 0 9.99205 1 51388.5 45.1908 0 0 0 
228000 100 79.49 0 10 1710 0 9.99209 1 38920.2 33.9403 0 0 0 
229000 100 72.56 0 10 1772.36 0 9.99212 1 31465.7 27.2979 0 0 0 
230000 100 86.76 0 10 1806.09 0 9.99216 1 34688.2 29.954 0 0 0 
231000 100 62.77 0 10 1922.38 0 9.99219 1 24377.9 20.7693 0 0 0 
232000 100 58.42 0 10 2001 0 9.99222 1 18541.2 15.8201 0 0 0 
233000 100 66.68 0 10 2094.8 0 9.99226 1 12015.5 10.3189 0 0 0 
234000 100 69.22 0 10 2214.95 0 9.99229 1 28411.7 24.3767 0 0 0 
235000 100 59.32 0 10 2327.67 0 9.99232 1 27330.7 23.7003 0 0 0 
236000 100 68.71 0 10 2440.95 0 9.99236 1 15443.1 13.4995 0 0 0 
237000 100 70.68 0 10 2410.83 0 9.99239 1 17138.9 14.9269 0 0 0 
238000 100 56.66 0 10 2476.61 0 9.99242 1 17637 15.3723 0 0 0 
239000 100 72.13 0 10 2562.34 0 9.99245 1 16563.2 14.4945 0 0 0 
240000 100 65.82 0 10 2685.31 0 9.99248 1 11850 10.3994 0 0 0 
241000 100 62.43 0 10 2847.93 0 9.99251 1 11299.8 9.90821 0 0 0 
242000 100 67.29 0 10 2948.84 0 9.99255 1 16492.1 14.5987 0 0 0 
243000 100 59.76 0 10 3051.43 0 9.99258 1 13413 11.8111 0 0 0 
244000 100 69.49 0 10 3110.51 0 9.99261 1 16399.1 14.5224 0 0 0 
245000 100 66.37 0 10 3250.68 0 9.99264 1 18797 16.6039 0 0 0 
246000 100 61.57 0 10 3316.67 0 9.99267 1 15985.4 14.1906 0 0 0 
247000 100 68.84 0 10 3376.76 0 9.9927 1 15410 13.8016 0 0 0 
248000 100 62.79 0 10 3521.62 0 9.99273 1 10006.1 9.06453 0 0 0 
249000 100 60.27 0 10 3669.93 0 9.99275 1 12344.3 11.2212 0 0 0 
250000 100 69.58 0 10 3829.66 0 9.99278 1 15887.2 14.4059 0 0 0 