# Avida Average Deme Data
# Wed Apr 16 01:55:50 2014
#  1: Update
#  2: Count
#  3: Age
#  4: Births
#  5: Organisms
#  6: Generation
#  7: Births (at last replication)
#  8: Organisms (at last replication)
#  9: Merit
# 10: Gestation Time
# 11: Time Used (normalized by org fitness)
# 12: Generations between current and last founders
# 13: Events killed
# 14: Attempts to kill event

0 100 0 0 1 0 0 0 1 0 0 0 0 0 
1000 100 27.42 0 10 5.63 0 8.1959 1 57744.5 49.7931 0 0 0 
2000 100 48.49 0 10 11.81 0 9.0975 1 56652.3 48.8415 0 0 0 
3000 100 37.72 0 10 17.78 0 9.39823 1 55671.8 48.036 0 0 0 
4000 100 55.12 0 10 24.79 0 9.54864 1 57742.9 49.6012 0 0 0 
5000 100 61.47 0 10 31.4 0 9.63889 1 57144.1 48.7887 0 0 0 
6000 100 56.39 0 10 37.41 0 9.69907 1 56436.9 48.3456 0 0 0 
7000 100 48.87 0 10 42.68 0 9.74205 1 56358.9 48.3619 0 0 0 
8000 100 66.93 0 10 49.01 0 9.77429 1 53865.8 46.3763 0 0 0 
9000 100 64.83 0 10 53.91 0 9.79937 1 56683.9 48.7519 0 0 0 
10000 100 68.33 0 10 59.04 0 9.81943 1 55568.8 47.8466 0 0 0 
11000 100 76.54 0 10 67.06 0 9.83584 1 55546.4 47.9455 0 0 0 
12000 100 92.07 0 10 70.72 0 9.84952 1 57699.3 49.9445 0 0 0 
13000 100 90.54 0 10 78.39 0 9.8611 1 56225.1 48.7055 0 0 0 
14000 100 89.11 0 10 85.91 0 9.87102 1 53839.8 46.7072 0 0 0 
15000 100 75.1 0 10 96.34 0 9.87961 1 56095.3 48.5203 0 0 0 
16000 100 91.34 0 10 106.82 0 9.88714 1 56658.1 48.8601 0 0 0 
17000 100 87.07 0 10 106.32 0 9.89378 1 56883.9 49.2396 0 0 0 
18000 100 89.49 0 10 109.77 0 9.89968 1 55836.7 48.3888 0 0 0 
19000 100 89.93 0 10 117.18 0 9.90496 1 57540.1 49.7416 0 0 0 
20000 100 94.29 0 10 121.82 0 9.90971 1 58063.9 50.2014 0 0 0 
21000 100 91.99 0 10 123.33 0 9.91401 1 58502.6 50.6506 0 0 0 
22000 100 80.97 0 10 136.81 0 9.91792 1 55205.8 47.6462 0 0 0 
23000 100 84.43 0 10 151.09 0 9.92149 1 53209.3 45.7189 0 0 0 
24000 100 75.22 0 10 161.09 0 9.92476 1 55101.2 47.2902 0 0 0 
25000 100 80.28 0 10 171.32 0 9.92777 1 53210.3 45.6726 0 0 0 
26000 100 80.8 0 10 180.52 0 9.93054 1 54332.9 46.6669 0 0 0 
27000 100 89.44 0 10 187.66 0 9.93312 1 52587.3 45.105 0 0 0 
28000 100 99.5 0 10 191.12 0 9.93551 1 53636.2 45.9344 0 0 0 
29000 100 93.3 0 10 207.76 0 9.93773 1 52052.2 44.4537 0 0 0 
30000 100 94.47 0 10 216.95 0 9.93981 1 53051 45.3645 0 0 0 
31000 100 91.34 0 10 228.66 0 9.94175 1 52632.3 45.0665 0 0 0 
32000 100 92.46 0 10 239.06 0 9.94357 1 50461.9 43.1338 0 0 0 
33000 100 103.21 0 10 256.9 0 9.94528 1 52109.2 44.3551 0 0 0 
34000 100 105.13 0 10 268.18 0 9.94689 1 50449.6 42.8225 0 0 0 
35000 100 121.41 0 10 274.01 0 9.9484 1 53356.4 45.4474 0 0 0 
36000 100 107.7 0 10 281.96 0 9.94984 1 54127.7 46.041 0 0 0 
37000 100 104.61 0 10 296.99 0 9.95119 1 55872.9 47.4684 0 0 0 
38000 100 90.35 0 10 310.25 0 9.95248 1 55478.2 47.1107 0 0 0 
39000 100 84.47 0 10 326.29 0 9.9537 1 53658.1 45.4498 0 0 0 
40000 100 83.69 0 10 335.75 0 9.95485 1 55747.6 47.226 0 0 0 
41000 100 79.84 0 10 345.68 0 9.95595 1 54584.2 46.1516 0 0 0 
42000 100 81.29 0 10 350.08 0 9.957 1 53872.7 45.3778 0 0 0 
43000 100 82.69 0 10 356.3 0 9.958 1 51732.7 43.6907 0 0 0 
44000 100 80.05 0 10 366.7 0 9.95896 1 53386.1 45.3427 0 0 0 
45000 100 85.8 0 10 383.46 0 9.95987 1 48483.2 41.494 0 0 0 
46000 100 78.34 0 10 395.94 0 9.96074 1 54308 46.6533 0 0 0 
47000 100 69.84 0 10 404.29 0 9.96158 1 51809.3 44.536 0 0 0 
48000 100 79.11 0 10 412.48 0 9.96238 1 53708.1 45.984 0 0 0 
49000 100 82.11 0 10 421.18 0 9.96315 1 51350.6 43.922 0 0 0 
50000 100 98.66 0 10 430.17 0 9.96388 1 54275 46.635 0 0 0 
51000 100 100.59 0 10 439.43 0 9.96459 1 48054.1 41.3747 0 0 0 
52000 100 90 0 10 448.46 0 9.96527 1 58084.1 50.1646 0 0 0 
53000 100 74.33 0 10 457.37 0 9.96593 1 52008 44.8866 0 0 0 
54000 100 98.43 0 10 467.15 0 9.96656 1 55132 47.6606 0 0 0 
55000 100 98.66 0 10 477.7 0 9.96717 1 52940.1 45.8512 0 0 0 
56000 100 88.23 0 10 485.8 0 9.96775 1 56505.1 49.2 0 0 0 
57000 100 75.61 0 10 490.7 0 9.96832 1 54805.4 47.7709 0 0 0 
58000 100 86.82 0 10 504.54 0 9.96886 1 52294.1 45.6912 0 0 0 
59000 100 74.62 0 10 515.86 0 9.96939 1 50398.9 43.8168 0 0 0 
60000 100 78.63 0 10 524.79 0 9.9699 1 53808.8 46.9916 0 0 0 
61000 100 72.51 0 10 534.34 0 9.9704 1 53764.8 47.114 0 0 0 
62000 100 79.88 0 10 549.98 0 9.97087 1 54008.4 47.2589 0 0 0 
63000 100 82.48 0 10 574.89 0 9.97134 1 51189.7 44.652 0 0 0 
64000 100 80.13 0 10 588.09 0 9.97178 1 52296.4 45.5912 0 0 0 
65000 100 74.42 0 10 611.22 0 9.97222 1 50710.6 44.0218 0 0 0 
66000 100 77.31 0 10 630.98 0 9.97264 1 54866.5 47.5217 0 0 0 
67000 100 66.73 0 10 638.55 0 9.97305 1 51517.9 44.6143 0 0 0 
68000 100 81.91 0 10 650.93 0 9.97344 1 53754 46.5907 0 0 0 
69000 100 87.91 0 10 657.96 0 9.97383 1 55671.2 48.2495 0 0 0 
70000 100 85.2 0 10 679.75 0 9.9742 1 52069 45.0887 0 0 0 
71000 100 75.25 0 10 691.55 0 9.97457 1 56287.8 48.6234 0 0 0 
72000 100 72.83 0 10 706.89 0 9.97492 1 54241.6 46.829 0 0 0 
73000 100 75 0 10 717.16 0 9.97526 1 50544 43.6492 0 0 0 
74000 100 79.06 0 10 727.22 0 9.9756 1 50455.1 43.5928 0 0 0 
75000 100 70.89 0 10 737.02 0 9.97592 1 54698.5 47.0425 0 0 0 
76000 100 81.85 0 10 753.58 0 9.97624 1 50532.5 43.3959 0 0 0 
77000 100 91.41 0 10 762.24 0 9.97655 1 49816.1 42.503 0 0 0 
78000 100 88.22 0 10 774.16 0 9.97685 1 55466.5 47.2803 0 0 0 
79000 100 78.15 0 10 787.39 0 9.97714 1 47090 40.2171 0 0 0 
80000 100 75.74 0 10 800.62 0 9.97743 1 52567.6 44.9129 0 0 0 
81000 100 92.38 0 10 806.39 0 9.97771 1 50868.5 43.3893 0 0 0 
82000 100 92.5 0 10 808.91 0 9.97798 1 56576.3 48.1987 0 0 0 
83000 100 103.26 0 10 814.62 0 9.97824 1 48204.2 40.772 0 0 0 
84000 100 92.27 0 10 826.1 0 9.9785 1 53268.5 45.1163 0 0 0 
85000 100 95.17 0 10 837.86 0 9.97875 1 53844.7 45.4631 0 0 0 
86000 100 97.8 0 10 850.47 0 9.979 1 54010.5 45.5377 0 0 0 
87000 100 92.14 0 10 865.56 0 9.97924 1 50796.2 42.7158 0 0 0 
88000 100 78.96 0 10 865.83 0 9.97948 1 53321.4 44.511 0 0 0 
89000 100 86.14 0 10 884.57 0 9.97971 1 49495.6 41.65 0 0 0 
90000 100 93.33 0 10 888.06 0 9.97993 1 53206.6 45.0453 0 0 0 
91000 100 74.74 0 10 893.84 0 9.98016 1 52397.8 44.4068 0 0 0 
92000 100 66.75 0 10 902.77 0 9.98037 1 52089.4 44.0999 0 0 0 
93000 100 91.43 0 10 915.27 0 9.98058 1 53369.7 45.3581 0 0 0 
94000 100 90.87 0 10 923.28 0 9.98079 1 54266.1 46.0617 0 0 0 
95000 100 87.79 0 10 931.33 0 9.98099 1 52699.7 44.7864 0 0 0 
96000 100 85.65 0 10 935.56 0 9.98119 1 56134.3 47.7007 0 0 0 
97000 100 91.66 0 10 948.14 0 9.98138 1 52942 45.077 0 0 0 
98000 100 97.78 0 10 960.3 0 9.98157 1 54990.4 46.96 0 0 0 
99000 100 82.03 0 10 970.92 0 9.98176 1 52637.6 45.2437 0 0 0 
100000 100 72.7 0 10 986.27 0 9.98194 1 51008.4 43.9175 0 0 0 
101000 100 72.5 0 10 1004.87 0 9.98212 1 57251.6 49.5434 0 0 0 
102000 100 68.23 0 10 1013.05 0 9.9823 1 48696.4 42.2632 0 0 0 
103000 100 72.29 0 10 1015.96 0 9.98247 1 54479.8 47.3467 0 0 0 
104000 100 79.29 0 10 1023.19 0 9.98264 1 55061.6 47.8017 0 0 0 
105000 100 71.9 0 10 1034.17 0 9.9828 1 50010.4 43.4912 0 0 0 
106000 100 68.27 0 10 1039.19 0 9.98296 1 52339.3 45.605 0 0 0 
107000 100 75.48 0 10 1055.07 0 9.98312 1 49928 43.4425 0 0 0 
108000 100 83.72 0 10 1068.58 0 9.98328 1 50709 44.1733 0 0 0 
109000 100 73.27 0 10 1073.57 0 9.98343 1 50386.4 43.6914 0 0 0 
110000 100 62.28 0 10 1088.02 0 9.98358 1 52386.9 45.5572 0 0 0 
111000 100 78.95 0 10 1099.35 0 9.98373 1 53896.7 46.7182 0 0 0 
112000 100 88.1 0 10 1106.66 0 9.98388 1 51314.1 44.3666 0 0 0 
113000 100 90.57 0 10 1111.52 0 9.98402 1 52511.1 45.1992 0 0 0 
114000 100 84.96 0 10 1119.14 0 9.98416 1 53257 45.95 0 0 0 
115000 100 82.67 0 10 1126.26 0 9.9843 1 54829.1 47.1093 0 0 0 
116000 100 69.66 0 10 1134.19 0 9.98443 1 48684.2 42.0385 0 0 0 
117000 100 64.2 0 10 1155.83 0 9.98457 1 52112.5 45.6297 0 0 0 
118000 100 82.23 0 10 1157.33 0 9.9847 1 55083.2 48.3702 0 0 0 
119000 100 71.38 0 10 1179.84 0 9.98482 1 50126.3 44.1605 0 0 0 
120000 100 75.96 0 10 1182.31 0 9.98495 1 55801.6 48.9942 0 0 0 
121000 100 85.39 0 10 1197.63 0 9.98508 1 49681 43.6918 0 0 0 
122000 100 84.13 0 10 1204.76 0 9.9852 1 55388.7 48.8632 0 0 0 
123000 100 71.3 0 10 1211.79 0 9.98532 1 54278.8 47.8137 0 0 0 
124000 100 75.16 0 10 1214.93 0 9.98544 1 53780.3 47.0271 0 0 0 
125000 100 84.46 0 10 1225.54 0 9.98555 1 56161.1 49.3914 0 0 0 
126000 100 79.6 0 10 1237.07 0 9.98567 1 55543.5 49.0981 0 0 0 
127000 100 77.23 0 10 1242.99 0 9.98578 1 55294.4 48.8811 0 0 0 
128000 100 83.42 0 10 1253.74 0 9.98589 1 54218.6 47.9102 0 0 0 
129000 100 69.7 0 10 1259.89 0 9.986 1 55719.1 49.3631 0 0 0 
130000 100 65.05 0 10 1272.78 0 9.98611 1 52429.9 46.5452 0 0 0 
131000 100 81.38 0 10 1293.16 0 9.98621 1 49236.4 43.9616 0 0 0 
132000 100 79.41 0 10 1301.03 0 9.98632 1 52683.4 47.1597 0 0 0 
133000 100 81.65 0 10 1307.9 0 9.98642 1 57316.8 51.254 0 0 0 
134000 100 77.06 0 10 1324.77 0 9.98652 1 55671.8 50.177 0 0 0 
135000 100 80.81 0 10 1335.48 0 9.98662 1 54626.6 49.3517 0 0 0 
136000 100 79.22 0 10 1348.37 0 9.98672 1 55068 49.9181 0 0 0 
137000 100 87.06 0 10 1363.16 0 9.98682 1 51695 47.0663 0 0 0 
138000 100 86.5 0 10 1366.71 0 9.98691 1 51795.4 47.0492 0 0 0 
139000 100 91.66 0 10 1378.38 0 9.98701 1 54158.9 49.2308 0 0 0 
140000 100 82.69 0 10 1385.35 0 9.9871 1 54026.3 49.22 0 0 0 
141000 100 84.48 0 10 1395.96 0 9.98719 1 51638.7 47.092 0 0 0 
142000 100 91.21 0 10 1398.83 0 9.98728 1 53016.6 48.3493 0 0 0 
143000 100 90.47 0 10 1411.63 0 9.98737 1 51978.1 47.6443 0 0 0 
144000 100 91.23 0 10 1423.99 0 9.98746 1 51696 47.4407 0 0 0 
145000 100 81.2 0 10 1436.07 0 9.98755 1 52377.5 48.3301 0 0 0 
146000 100 84.18 0 10 1443.68 0 9.98763 1 57320.8 53.329 0 0 0 
147000 100 73.5 0 10 1449.5 0 9.98772 1 55737.5 51.7679 0 0 0 
148000 100 84.38 0 10 1452.71 0 9.9878 1 49263.4 45.909 0 0 0 
149000 100 79.76 0 10 1458.02 0 9.98788 1 56221.8 52.3294 0 0 0 
150000 100 74.16 0 10 1469.46 0 9.98796 1 55949.8 52.0462 0 0 0 
151000 100 86.65 0 10 1478.63 0 9.98804 1 51798 48.0821 0 0 0 
152000 100 89.5 0 10 1488.23 0 9.98812 1 52874 49.0815 0 0 0 
153000 100 90.76 0 10 1493.5 0 9.9882 1 57040.3 53.1208 0 0 0 
154000 100 88.42 0 10 1503.86 0 9.98827 1 52046.7 48.4521 0 0 0 
155000 100 90.39 0 10 1512.62 0 9.98835 1 57891 54.0691 0 0 0 
156000 100 100.58 0 10 1520.74 0 9.98842 1 55060.8 51.5216 0 0 0 
157000 100 100.45 0 10 1532.03 0 9.9885 1 57220.6 53.6646 0 0 0 
158000 100 90.76 0 10 1540.41 0 9.98857 1 56342.9 52.6283 0 0 0 
159000 100 82.13 0 10 1550.18 0 9.98864 1 55038.3 51.5569 0 0 0 
160000 100 71.84 0 10 1554.53 0 9.98871 1 56273.8 52.6318 0 0 0 
161000 100 63.02 0 10 1562.09 0 9.98878 1 58581.4 54.6094 0 0 0 
162000 100 57.21 0 10 1567.5 0 9.98885 1 59712.8 55.5217 0 0 0 
163000 100 73.1 0 10 1576.56 0 9.98892 1 58156.5 54.2066 0 0 0 
164000 100 77.48 0 10 1584.54 0 9.98899 1 56952.2 52.863 0 0 0 
165000 100 82.94 0 10 1587.45 0 9.98906 1 58896 54.4923 0 0 0 
166000 100 101.64 0 10 1592.51 0 9.98912 1 54943.4 50.9142 0 0 0 
167000 100 109.68 0 10 1598.75 0 9.98919 1 57832.4 53.6641 0 0 0 
168000 100 115.01 0 10 1602.96 0 9.98925 1 58459.4 54.3948 0 0 0 
169000 100 106.5 0 10 1608.79 0 9.98931 1 56279.3 52.6444 0 0 0 
170000 100 102.01 0 10 1613.19 0 9.98938 1 57380.8 53.582 0 0 0 
171000 100 92.4 0 10 1622.42 0 9.98944 1 58937.8 54.8416 0 0 0 
172000 100 75.26 0 10 1627.12 0 9.9895 1 58030.8 53.7767 0 0 0 
173000 100 87.34 0 10 1634.12 0 9.98956 1 55939.8 51.816 0 0 0 
174000 100 90.34 0 10 1643.28 0 9.98962 1 54988 50.8868 0 0 0 
175000 100 92.65 0 10 1649.34 0 9.98968 1 58023.7 53.8362 0 0 0 
176000 100 92.63 0 10 1659.81 0 9.98974 1 56976.3 53.0769 0 0 0 
177000 100 83.11 0 10 1665 0 9.9898 1 57707.2 53.7865 0 0 0 
178000 100 97.66 0 10 1667.18 0 9.98985 1 59086.6 55.0751 0 0 0 
179000 100 81.95 0 10 1672.85 0 9.98991 1 56560.4 52.8178 0 0 0 
180000 100 76.57 0 10 1684.49 0 9.98997 1 52992.5 49.4928 0 0 0 
181000 100 78.9 0 10 1692.43 0 9.99002 1 55324 51.6571 0 0 0 
182000 100 82.58 0 10 1700.66 0 9.99008 1 58286.4 54.4584 0 0 0 
183000 100 95.54 0 10 1709.56 0 9.99013 1 58299.8 54.5879 0 0 0 
184000 100 102.64 0 10 1716.93 0 9.99019 1 53863 50.3666 0 0 0 
185000 100 91.98 0 10 1720.34 0 9.99024 1 56526.9 52.8564 0 0 0 
186000 100 79.37 0 10 1726.17 0 9.99029 1 57363 53.4344 0 0 0 
187000 100 79.44 0 10 1732.22 0 9.99034 1 57406.7 53.3315 0 0 0 
188000 100 74.04 0 10 1739.32 0 9.99039 1 58522.9 54.3979 0 0 0 
189000 100 59.96 0 10 1742.94 0 9.99045 1 57059.7 52.8006 0 0 0 
190000 100 55.84 0 10 1750.37 0 9.9905 1 56895.7 53.0475 0 0 0 
191000 100 58.35 0 10 1755.27 0 9.99055 1 56671.8 52.7691 0 0 0 
192000 100 55.99 0 10 1760.63 0 9.99059 1 58324.8 54.3539 0 0 0 
193000 100 84.02 0 10 1765.66 0 9.99064 1 58783.7 54.8323 0 0 0 
194000 100 87.12 0 10 1770.85 0 9.99069 1 56369.1 52.5238 0 0 0 
195000 100 84.54 0 10 1776.44 0 9.99074 1 58009.7 54.4329 0 0 0 
196000 100 88.6 0 10 1781.22 0 9.99079 1 56989.5 53.8168 0 0 0 
197000 100 90.86 0 10 1786.83 0 9.99083 1 58187.5 54.7712 0 0 0 
198000 100 100.66 0 10 1793.55 0 9.99088 1 58812.5 55.2876 0 0 0 
199000 100 94.96 0 10 1800.79 0 9.99093 1 57097.8 53.6794 0 0 0 
200000 100 89.88 0 10 1805.87 0 9.99097 1 59045.6 55.468 0 0 0 
201000 100 84.33 0 10 1809.62 0 9.99102 1 57155.2 53.5832 0 0 0 
202000 100 92.78 0 10 1818.86 0 9.99106 1 58659.7 55.1968 0 0 0 
203000 100 95.41 0 10 1827.07 0 9.9911 1 53852.9 50.5797 0 0 0 
204000 100 89.62 0 10 1838.91 0 9.99115 1 52697.5 49.3069 0 0 0 
205000 100 87.49 0 10 1846.8 0 9.99119 1 57404.5 53.4273 0 0 0 
206000 100 84.54 0 10 1850.11 0 9.99123 1 57426 53.4861 0 0 0 
207000 100 85.43 0 10 1858.32 0 9.99128 1 57346 53.2944 0 0 0 
208000 100 96.73 0 10 1859.94 0 9.99132 1 58332.4 54.1229 0 0 0 
209000 100 86.21 0 10 1866.11 0 9.99136 1 58778.2 54.4038 0 0 0 
210000 100 90.94 0 10 1870.92 0 9.9914 1 57578.7 53.1564 0 0 0 
211000 100 105.72 0 10 1875.03 0 9.99144 1 57697.7 53.2292 0 0 0 
212000 100 102.59 0 10 1879.2 0 9.99148 1 59540.2 54.824 0 0 0 
213000 100 91.9 0 10 1884.28 0 9.99152 1 58032.6 53.5819 0 0 0 
214000 100 111.63 0 10 1888.37 0 9.99156 1 58884.4 54.0871 0 0 0 
215000 100 110.4 0 10 1897.3 0 9.9916 1 59180.6 54.0115 0 0 0 
216000 100 107.62 0 10 1907.42 0 9.99164 1 58776.4 53.5688 0 0 0 
217000 100 117.21 0 10 1907.8 0 9.99168 1 59146.7 53.8269 0 0 0 
218000 100 125.74 0 10 1909.99 0 9.99172 1 59022.5 53.7796 0 0 0 
219000 100 123.25 0 10 1914.99 0 9.99175 1 60012.6 54.5423 0 0 0 
220000 100 119.93 0 10 1921.9 0 9.99179 1 59992.1 54.3227 0 0 0 
221000 100 110.98 0 10 1932.19 0 9.99183 1 58912.4 53.2665 0 0 0 
222000 100 99.75 0 10 1940.82 0 9.99187 1 58329.8 52.6523 0 0 0 
223000 100 104.88 0 10 1946.37 0 9.9919 1 59943.8 54.1408 0 0 0 
224000 100 108.85 0 10 1951.22 0 9.99194 1 59958.1 54.3634 0 0 0 
225000 100 108.37 0 10 1954.26 0 9.99197 1 59018 54.0929 0 0 0 
226000 100 113.65 0 10 1960.17 0 9.99201 1 59688.5 54.8149 0 0 0 
227000 100 104.23 0 10 1965.51 0 9.99204 1 59420.6 54.4891 0 0 0 
228000 100 121.22 0 10 1967.12 0 9.99208 1 59810.3 54.9575 0 0 0 
229000 100 119.79 0 10 1974.88 0 9.99211 1 60040.4 55.3255 0 0 0 
230000 100 114.2 0 10 1984.56 0 9.99215 1 56614.8 51.9893 0 0 0 
231000 100 96.55 0 10 1991.9 0 9.99218 1 59068.2 53.9817 0 0 0 
232000 100 92 0 10 2004.58 0 9.99222 1 58489.3 53.1781 0 0 0 
233000 100 94.41 0 10 2011.93 0 9.99225 1 59581 53.9864 0 0 0 
234000 100 95.46 0 10 2012.88 0 9.99228 1 58085.3 52.625 0 0 0 
235000 100 108.03 0 10 2017.89 0 9.99232 1 59514.8 53.9235 0 0 0 
236000 100 78.66 0 10 2028.37 0 9.99235 1 57210.6 51.4918 0 0 0 
237000 100 73.17 0 10 2035.57 0 9.99238 1 59169.5 53.4009 0 0 0 
238000 100 87.45 0 10 2042.09 0 9.99241 1 58798.8 52.8835 0 0 0 
239000 100 103.7 0 10 2046.55 0 9.99244 1 58901.6 53.2798 0 0 0 
240000 100 98.81 0 10 2052.46 0 9.99248 1 59650.4 53.7387 0 0 0 
241000 100 107.65 0 10 2057.34 0 9.99251 1 59763.2 53.7308 0 0 0 
242000 100 112.66 0 10 2061.77 0 9.99254 1 58245.1 52.6253 0 0 0 
243000 100 107.69 0 10 2068.11 0 9.99257 1 56830.1 51.3519 0 0 0 
244000 100 100.3 0 10 2074.76 0 9.9926 1 56922.4 51.0723 0 0 0 
245000 100 93.25 0 10 2079.98 0 9.99263 1 58072.8 51.9578 0 0 0 
246000 100 108.4 0 10 2084.84 0 9.99266 1 58378.5 52.4222 0 0 0 
247000 100 107.39 0 10 2091.02 0 9.99269 1 57909.5 52.0908 0 0 0 
248000 100 112.2 0 10 2094.8 0 9.99272 1 59688.2 53.7261 0 0 0 
249000 100 121.52 0 10 2100.33 0 9.99275 1 59994.8 54.0108 0 0 0 
250000 100 126.51 0 10 2106.42 0 9.99278 1 58877.1 53.1009 0 0 0 