# Avida Average Deme Data
# Wed Apr 16 06:47:47 2014
#  1: Update
#  2: Count
#  3: Age
#  4: Births
#  5: Organisms
#  6: Generation
#  7: Births (at last replication)
#  8: Organisms (at last replication)
#  9: Merit
# 10: Gestation Time
# 11: Time Used (normalized by org fitness)
# 12: Generations between current and last founders
# 13: Events killed
# 14: Attempts to kill event

0 100 0 0 1 0 0 0 1 0 0 0 0 0 
1000 100 39.02 0 10 6.39 0 8.20749 1 55917.3 48.1427 0 0 0 
2000 100 53.45 0 10 13.27 0 9.1033 1 53857.9 46.4134 0 0 0 
3000 100 57.32 0 10 20.33 0 9.4021 1 53374.4 46.0179 0 0 0 
4000 100 81.31 0 10 26.95 0 9.55154 1 56953.7 49.0705 0 0 0 
5000 100 104.03 0 10 32.78 0 9.64121 1 56043.8 48.2226 0 0 0 
6000 100 92.73 0 10 40.07 0 9.701 1 55930.9 48.209 0 0 0 
7000 100 89.45 0 10 48.09 0 9.74371 1 55122.4 47.4687 0 0 0 
8000 100 101.45 0 10 54.09 0 9.77574 1 55652.5 47.9229 0 0 0 
9000 100 100.63 0 10 59.83 0 9.80066 1 54816.1 47.3861 0 0 0 
10000 100 94.21 0 10 66.84 0 9.82059 1 53067.6 45.9288 0 0 0 
11000 100 91.16 0 10 77.53 0 9.8369 1 54050.5 46.6652 0 0 0 
12000 100 98.41 0 10 82.49 0 9.85049 1 53567.2 46.1276 0 0 0 
13000 100 92.25 0 10 92.34 0 9.86199 1 55741 47.9747 0 0 0 
14000 100 84.22 0 10 97.75 0 9.87184 1 54336.9 46.6628 0 0 0 
15000 100 100.26 0 10 107.48 0 9.88039 1 57008.7 48.9181 0 0 0 
16000 100 81.61 0 10 114.32 0 9.88786 1 55940 48.0688 0 0 0 
17000 100 71.88 0 10 116.64 0 9.89446 1 57857 49.7853 0 0 0 
18000 100 66.1 0 10 126.67 0 9.90032 1 56879.1 48.8133 0 0 0 
19000 100 80.51 0 10 133.66 0 9.90557 1 56145.9 48.0297 0 0 0 
20000 100 75.94 0 10 141.99 0 9.91029 1 54285.7 46.3799 0 0 0 
21000 100 72.18 0 10 150.54 0 9.91456 1 53096 45.3762 0 0 0 
22000 100 74.18 0 10 158.75 0 9.91844 1 58382.3 49.7942 0 0 0 
23000 100 85.16 0 10 166.19 0 9.92199 1 55502 47.1149 0 0 0 
24000 100 85.36 0 10 176.89 0 9.92524 1 58325.1 49.2722 0 0 0 
25000 100 89.85 0 10 177.76 0 9.92823 1 59763.6 50.3788 0 0 0 
26000 100 84.32 0 10 189.02 0 9.93099 1 57773.1 48.7593 0 0 0 
27000 100 81.15 0 10 196.81 0 9.93355 1 59241 50.2216 0 0 0 
28000 100 64.25 0 10 209.21 0 9.93592 1 58683.5 49.9791 0 0 0 
29000 100 63.79 0 10 218.93 0 9.93813 1 57199.9 48.8527 0 0 0 
30000 100 75.23 0 10 225.78 0 9.94019 1 55437.2 47.2583 0 0 0 
31000 100 67.86 0 10 232.39 0 9.94212 1 57008.1 48.6672 0 0 0 
32000 100 75.67 0 10 240.86 0 9.94393 1 58880.6 50.5555 0 0 0 
33000 100 69.56 0 10 246.21 0 9.94563 1 57265 49.19 0 0 0 
34000 100 79.79 0 10 255.35 0 9.94723 1 55068.1 47.2426 0 0 0 
35000 100 105.27 0 10 260.59 0 9.94874 1 58591.8 50.2621 0 0 0 
36000 100 121.35 0 10 261.83 0 9.95016 1 59568.6 51.4425 0 0 0 
37000 100 125.12 0 10 269.27 0 9.95151 1 59590 51.6822 0 0 0 
38000 100 111.52 0 10 277.11 0 9.95278 1 53808.9 46.9251 0 0 0 
39000 100 98.85 0 10 293.23 0 9.95399 1 54220.9 46.9915 0 0 0 
40000 100 93.23 0 10 302.73 0 9.95514 1 56798.6 49.2194 0 0 0 
41000 100 87.78 0 10 318.44 0 9.95624 1 57790.1 49.6007 0 0 0 
42000 100 77.7 0 10 322.37 0 9.95728 1 56694.8 49.0792 0 0 0 
43000 100 66.76 0 10 329.09 0 9.95827 1 57436.5 49.7033 0 0 0 
44000 100 68.03 0 10 336.57 0 9.95922 1 58158 50.1397 0 0 0 
45000 100 76.61 0 10 343.32 0 9.96013 1 56737.6 48.7961 0 0 0 
46000 100 69.36 0 10 351.65 0 9.96099 1 58310.1 50.2517 0 0 0 
47000 100 74.24 0 10 355.59 0 9.96182 1 55732.8 47.9775 0 0 0 
48000 100 77.28 0 10 358.09 0 9.96262 1 53671 46.2839 0 0 0 
49000 100 71.16 0 10 363.66 0 9.96338 1 57858.7 50.1233 0 0 0 
50000 100 78.55 0 10 370.16 0 9.96411 1 53892.3 46.9273 0 0 0 
51000 100 74.31 0 10 380.4 0 9.96482 1 55745.6 48.1734 0 0 0 
52000 100 70.64 0 10 387 0 9.96549 1 60110.2 51.8503 0 0 0 
53000 100 69.67 0 10 393.29 0 9.96615 1 58475.6 50.5489 0 0 0 
54000 100 77.77 0 10 404.14 0 9.96677 1 57938.7 49.866 0 0 0 
55000 100 93.16 0 10 410.92 0 9.96738 1 58226.1 50.3754 0 0 0 
56000 100 85.42 0 10 421.09 0 9.96796 1 56254.8 49.3434 0 0 0 
57000 100 86.36 0 10 430.13 0 9.96852 1 55842.4 49.1461 0 0 0 
58000 100 99.3 0 10 437.1 0 9.96906 1 59391.4 52.3241 0 0 0 
59000 100 74.33 0 10 445.45 0 9.96959 1 53365.6 47.2824 0 0 0 
60000 100 96.28 0 10 454.58 0 9.9701 1 54679.7 48.7895 0 0 0 
61000 100 85.12 0 10 463.08 0 9.97059 1 54814.9 49.0664 0 0 0 
62000 100 79.67 0 10 469.22 0 9.97106 1 54362.7 48.6498 0 0 0 
63000 100 88.33 0 10 476.74 0 9.97152 1 54052.9 48.3475 0 0 0 
64000 100 82.2 0 10 480.57 0 9.97196 1 53743 47.9762 0 0 0 
65000 100 83.38 0 10 487.05 0 9.9724 1 57081.8 50.9717 0 0 0 
66000 100 80.76 0 10 494.8 0 9.97281 1 53806.7 48.1202 0 0 0 
67000 100 91.45 0 10 501.77 0 9.97322 1 58232.8 52.181 0 0 0 
68000 100 80.99 0 10 509.22 0 9.97361 1 53999 48.3598 0 0 0 
69000 100 96.85 0 10 514.57 0 9.974 1 54052.6 48.4519 0 0 0 
70000 100 84.76 0 10 526.62 0 9.97437 1 53228.1 47.8574 0 0 0 
71000 100 93.99 0 10 533.52 0 9.97473 1 53787.7 48.0215 0 0 0 
72000 100 101.95 0 10 540.58 0 9.97508 1 55585.8 49.6086 0 0 0 
73000 100 102.34 0 10 550.99 0 9.97542 1 57228.7 51.0279 0 0 0 
74000 100 85.15 0 10 556.68 0 9.97575 1 50933.8 45.1352 0 0 0 
75000 100 78.68 0 10 561.96 0 9.97608 1 52858.9 47.171 0 0 0 
76000 100 83.81 0 10 566.66 0 9.97639 1 51264 45.9121 0 0 0 
77000 100 91.73 0 10 577.71 0 9.9767 1 52165.4 46.533 0 0 0 
78000 100 106.25 0 10 583.21 0 9.977 1 55557.5 49.333 0 0 0 
79000 100 102.79 0 10 589.15 0 9.97729 1 53349.4 47.5124 0 0 0 
80000 100 103.79 0 10 594.7 0 9.97757 1 53974.8 48.2059 0 0 0 
81000 100 88.45 0 10 610.83 0 9.97785 1 52001.3 45.8783 0 0 0 
82000 100 93.34 0 10 613.28 0 9.97812 1 54075.3 47.9964 0 0 0 
83000 100 88.38 0 10 622.69 0 9.97838 1 50215.4 44.6452 0 0 0 
84000 100 85.98 0 10 640.44 0 9.97864 1 50317.2 45.0301 0 0 0 
85000 100 95.13 0 10 648.04 0 9.97889 1 56737.7 50.9376 0 0 0 
86000 100 99.06 0 10 655.18 0 9.97914 1 54095.7 48.6982 0 0 0 
87000 100 84.74 0 10 661.72 0 9.97938 1 54297.9 48.9065 0 0 0 
88000 100 83.45 0 10 673.84 0 9.97961 1 55913.6 50.7833 0 0 0 
89000 100 88.93 0 10 686.89 0 9.97984 1 54064 49.3651 0 0 0 
90000 100 91.2 0 10 697.12 0 9.98006 1 54699.5 49.9817 0 0 0 
91000 100 86.55 0 10 711.5 0 9.98028 1 50863.6 46.6344 0 0 0 
92000 100 79.94 0 10 721.52 0 9.9805 1 57040.9 52.324 0 0 0 
93000 100 81.1 0 10 732.25 0 9.98071 1 57227.4 52.3348 0 0 0 
94000 100 86.45 0 10 740.62 0 9.98091 1 56286.4 51.5708 0 0 0 
95000 100 79.77 0 10 749.65 0 9.98111 1 54341.9 49.6664 0 0 0 
96000 100 89.76 0 10 760.17 0 9.98131 1 52281.8 48.0588 0 0 0 
97000 100 74.75 0 10 769.23 0 9.9815 1 54472.4 49.7225 0 0 0 
98000 100 78.68 0 10 778.38 0 9.98169 1 53238.3 48.4591 0 0 0 
99000 100 84.59 0 10 789.27 0 9.98188 1 52746.5 48.0561 0 0 0 
100000 100 87.22 0 10 802.72 0 9.98206 1 50945.8 46.413 0 0 0 
101000 100 82.81 0 10 804.86 0 9.98223 1 54526 49.709 0 0 0 
102000 100 70.83 0 10 805.88 0 9.98241 1 59897 54.7841 0 0 0 
103000 100 75.94 0 10 808.82 0 9.98258 1 55823 51.0444 0 0 0 
104000 100 69.66 0 10 814.72 0 9.98275 1 55443.5 50.924 0 0 0 
105000 100 77.99 0 10 820.57 0 9.98291 1 56145.2 51.9377 0 0 0 
106000 100 79.64 0 10 830.97 0 9.98307 1 55719.2 51.3385 0 0 0 
107000 100 87.83 0 10 843.74 0 9.98323 1 51014.3 46.7443 0 0 0 
108000 100 93.34 0 10 854.2 0 9.98339 1 54452.9 49.8294 0 0 0 
109000 100 91.1 0 10 864.48 0 9.98354 1 51715 47.2124 0 0 0 
110000 100 99.28 0 10 872.22 0 9.98369 1 55033.5 50.198 0 0 0 
111000 100 85.82 0 10 880.95 0 9.98384 1 55246 50.4527 0 0 0 
112000 100 91.73 0 10 890.55 0 9.98398 1 55771.1 50.6663 0 0 0 
113000 100 92.9 0 10 898.72 0 9.98412 1 54430.6 49.4145 0 0 0 
114000 100 79.65 0 10 907.54 0 9.98426 1 56129.5 50.7617 0 0 0 
115000 100 74.87 0 10 912.4 0 9.9844 1 55423.3 50.1251 0 0 0 
116000 100 72.17 0 10 920.26 0 9.98453 1 56279.9 50.9208 0 0 0 
117000 100 67.77 0 10 928.71 0 9.98466 1 55969.4 50.7685 0 0 0 
118000 100 81.64 0 10 936.08 0 9.98479 1 59069.8 53.6761 0 0 0 
119000 100 85.98 0 10 941.65 0 9.98492 1 55854.4 50.7517 0 0 0 
120000 100 95.89 0 10 943.68 0 9.98505 1 55849.1 50.932 0 0 0 
121000 100 92.87 0 10 949.39 0 9.98517 1 55231.6 50.4582 0 0 0 
122000 100 85.07 0 10 954.19 0 9.98529 1 55384.6 50.5103 0 0 0 
123000 100 90.02 0 10 961.35 0 9.98541 1 52437.9 48.1387 0 0 0 
124000 100 93.63 0 10 969.45 0 9.98553 1 55008.8 50.7413 0 0 0 
125000 100 101.16 0 10 973.34 0 9.98565 1 55565.7 51.3637 0 0 0 
126000 100 80.8 0 10 980.53 0 9.98576 1 56856.9 52.4111 0 0 0 
127000 100 77.54 0 10 986.14 0 9.98587 1 57306.5 52.7301 0 0 0 
128000 100 90.05 0 10 993.05 0 9.98598 1 59801.4 55.345 0 0 0 
129000 100 96.57 0 10 997.8 0 9.98609 1 60146.9 55.6146 0 0 0 
130000 100 87.23 0 10 1005.3 0 9.9862 1 58516 54.1584 0 0 0 
131000 100 81.58 0 10 1012.52 0 9.9863 1 58857.4 54.6452 0 0 0 
132000 100 84.46 0 10 1019.22 0 9.98641 1 56861.2 52.7616 0 0 0 
133000 100 79.38 0 10 1029.41 0 9.98651 1 53637.7 50.0516 0 0 0 
134000 100 98.6 0 10 1034.52 0 9.98661 1 54850.8 51.2064 0 0 0 
135000 100 98.26 0 10 1038.3 0 9.98671 1 58958.5 55.2587 0 0 0 
136000 100 88.91 0 10 1049.41 0 9.98681 1 59186.4 55.4213 0 0 0 
137000 100 82.45 0 10 1057.64 0 9.9869 1 56761.4 53.1101 0 0 0 
138000 100 86.3 0 10 1081.25 0 9.987 1 47329.1 44.3053 0 0 0 
139000 100 82.71 0 10 1123.86 0 9.98709 1 46860.8 44.0883 0 0 0 
140000 100 73.14 0 10 1129.77 0 9.98718 1 50150 47.2317 0 0 0 
141000 100 80.69 0 10 1142.53 0 9.98727 1 45350.5 42.7512 0 0 0 
142000 100 69.34 0 10 1149.12 0 9.98736 1 50722.1 47.8139 0 0 0 
143000 100 88.29 0 10 1156.67 0 9.98745 1 47691.5 45.0915 0 0 0 
144000 100 95.45 0 10 1165.18 0 9.98754 1 51942.1 49.1816 0 0 0 
145000 100 98.64 0 10 1174.56 0 9.98763 1 52751.3 49.9025 0 0 0 
146000 100 84.41 0 10 1204.85 0 9.98771 1 48456 45.9079 0 0 0 
147000 100 89.59 0 10 1222.9 0 9.98779 1 52056.2 49.2342 0 0 0 
148000 100 81 0 10 1250.17 0 9.98788 1 48020.3 45.3268 0 0 0 
149000 100 79.3 0 10 1271.38 0 9.98796 1 45203.5 42.6074 0 0 0 
150000 100 71.29 0 10 1346.62 0 9.98804 1 39271 37.0955 0 0 0 
151000 100 81.11 0 10 1401.06 0 9.98812 1 37880.3 35.8667 0 0 0 
152000 100 76.42 0 10 1433.78 0 9.9882 1 43704.6 41.6262 0 0 0 
153000 100 79.88 0 10 1458.6 0 9.98827 1 41464.3 39.5053 0 0 0 
154000 100 78.69 0 10 1479.5 0 9.98835 1 43162 40.9769 0 0 0 
155000 100 70.68 0 10 1530.43 0 9.98842 1 42911.2 40.6663 0 0 0 
156000 100 89.95 0 10 1572.24 0 9.9885 1 36034.9 34.0872 0 0 0 
157000 100 75.33 0 10 1597.59 0 9.98857 1 43619.6 41.1934 0 0 0 
158000 100 78.52 0 10 1634.37 0 9.98864 1 41800.1 39.4213 0 0 0 
159000 100 80.22 0 10 1665.91 0 9.98872 1 45898.8 43.2801 0 0 0 
160000 100 77.69 0 10 1688.18 0 9.98879 1 46334.8 43.735 0 0 0 
161000 100 75.11 0 10 1701.67 0 9.98886 1 40867.5 38.4957 0 0 0 
162000 100 77.35 0 10 1731.8 0 9.98892 1 39307.4 37.0715 0 0 0 
163000 100 68.08 0 10 1775.76 0 9.98899 1 32148 30.0696 0 0 0 
164000 100 84.62 0 10 1802.41 0 9.98906 1 48420.3 45.0619 0 0 0 
165000 100 85.99 0 10 1806.35 0 9.98913 1 50183.5 46.9828 0 0 0 
166000 100 76.89 0 10 1808.04 0 9.98919 1 45206.1 42.4627 0 0 0 
167000 100 79.85 0 10 1827.2 0 9.98926 1 36250.8 34.1386 0 0 0 
168000 100 80.82 0 10 1861.34 0 9.98932 1 35693.6 33.453 0 0 0 
169000 100 84.7 0 10 1873.85 0 9.98938 1 46313.1 43.5836 0 0 0 
170000 100 88.19 0 10 1875.23 0 9.98945 1 50457.3 47.5711 0 0 0 
171000 100 97.18 0 10 1901.24 0 9.98951 1 51173 48.2838 0 0 0 
172000 100 100.72 0 10 1901.89 0 9.98957 1 43383.1 41.2508 0 0 0 
173000 100 85.74 0 10 1931.54 0 9.98963 1 35838.7 33.8599 0 0 0 
174000 100 89.42 0 10 1998.63 0 9.98969 1 35503.9 33.2968 0 0 0 
175000 100 70.03 0 10 2056.48 0 9.98975 1 32206.2 29.9648 0 0 0 
176000 100 59.93 0 10 2106.4 0 9.98981 1 39867.7 37.0104 0 0 0 
177000 100 81.4 0 10 2143.04 0 9.98986 1 30108 28.0433 0 0 0 
178000 100 75.44 0 10 2208.78 0 9.98992 1 14986.7 14.0275 0 0 0 
179000 100 70.01 0 10 2252.97 0 9.98998 1 36598.9 34.1941 0 0 0 
180000 100 81.73 0 10 2325.38 0 9.99003 1 29802.1 27.8471 0 0 0 
181000 100 82.58 0 10 2360.7 0 9.99009 1 34087.5 31.8783 0 0 0 
182000 100 77.44 0 10 2374.22 0 9.99014 1 26288.1 24.7309 0 0 0 
183000 100 81.65 0 10 2426.39 0 9.9902 1 28389 26.7001 0 0 0 
184000 100 72.24 0 10 2478.64 0 9.99025 1 37484.3 35.1869 0 0 0 
185000 100 72.3 0 10 2504.53 0 9.9903 1 26193.2 24.4972 0 0 0 
186000 100 96.47 0 10 2552.64 0 9.99035 1 50032.8 46.9866 0 0 0 
187000 100 66.23 0 10 2594.16 0 9.9904 1 29552.1 27.9258 0 0 0 
188000 100 72.3 0 10 2622.56 0 9.99046 1 27716.4 26.7749 0 0 0 
189000 100 71.79 0 10 2676.6 0 9.99051 1 26505.9 25.729 0 0 0 
190000 100 63.21 0 10 2713.71 0 9.99056 1 39090.2 38.2319 0 0 0 
191000 100 73.36 0 10 2767.29 0 9.99061 1 31450 30.6415 0 0 0 
192000 100 74.45 0 10 2827.05 0 9.99065 1 24215.3 23.6046 0 0 0 
193000 100 86.65 0 10 2874.74 0 9.9907 1 25375.7 24.6116 0 0 0 
194000 100 74.37 0 10 2922.48 0 9.99075 1 20712 19.9649 0 0 0 
195000 100 67.47 0 10 2961.34 0 9.9908 1 28337.3 26.9761 0 0 0 
196000 100 64.47 0 10 3041.81 0 9.99085 1 26498.5 25.4777 0 0 0 
197000 100 72.57 0 10 3081.66 0 9.99089 1 30411.7 29.3236 0 0 0 
198000 100 75.93 0 10 3152.05 0 9.99094 1 30557.5 29.3825 0 0 0 
199000 100 79.37 0 10 3213.92 0 9.99098 1 32482.2 31.1217 0 0 0 
200000 100 66.34 0 10 3245.39 0 9.99103 1 26856.7 25.7255 0 0 0 
201000 100 69.54 0 10 3266.87 0 9.99107 1 39124.3 37.6051 0 0 0 
202000 100 62.3 0 10 3317.03 0 9.99112 1 32873.2 31.3846 0 0 0 
203000 100 75.81 0 10 3365.41 0 9.99116 1 26776.2 25.1444 0 0 0 
204000 100 79.63 0 10 3395.79 0 9.9912 1 40571.2 37.8851 0 0 0 
205000 100 77.49 0 10 3460.48 0 9.99125 1 29780.8 27.7906 0 0 0 
206000 100 64.15 0 10 3557.95 0 9.99129 1 25971.6 24.47 0 0 0 
207000 100 76.1 0 10 3584.62 0 9.99133 1 29425.3 27.7346 0 0 0 
208000 100 62.82 0 10 3648.65 0 9.99137 1 24647.2 23.3162 0 0 0 
209000 100 74.51 0 10 3758.22 0 9.99141 1 27541 25.8586 0 0 0 
210000 100 64.55 0 10 3840.48 0 9.99146 1 25011.2 23.4567 0 0 0 
211000 100 75.97 0 10 3905.61 0 9.9915 1 17118 16.0258 0 0 0 
212000 100 77.88 0 10 3960.22 0 9.99154 1 29294.1 27.3605 0 0 0 
213000 100 73.81 0 10 3999.54 0 9.99158 1 42972.4 40.6649 0 0 0 
214000 100 72.64 0 10 4051.91 0 9.99162 1 33489.8 31.7356 0 0 0 
215000 100 66.86 0 10 4160.65 0 9.99165 1 20199.4 19.1354 0 0 0 
216000 100 76 0 10 4213.64 0 9.99169 1 30550.8 28.9924 0 0 0 
217000 100 58.44 0 10 4271.9 0 9.99173 1 25321.6 24.0282 0 0 0 
218000 100 81.86 0 10 4346.82 0 9.99177 1 31681 29.6505 0 0 0 
219000 100 87.87 0 10 4401.78 0 9.99181 1 44788.1 41.8686 0 0 0 
220000 100 79.62 0 10 4459.73 0 9.99184 1 27906.7 25.9898 0 0 0 
221000 100 87.03 0 10 4552.57 0 9.99188 1 28777.4 26.6252 0 0 0 
222000 100 77.85 0 10 4622.61 0 9.99192 1 25417.3 23.5756 0 0 0 
223000 100 74.1 0 10 4672.56 0 9.99195 1 24747 22.9682 0 0 0 
224000 100 73.16 0 10 4745.98 0 9.99199 1 34906.4 32.3468 0 0 0 
225000 100 67.34 0 10 4882.45 0 9.99203 1 20373.4 18.8539 0 0 0 
226000 100 84.69 0 10 4965.1 0 9.99206 1 26112.2 24.1998 0 0 0 
227000 100 72.53 0 10 5072.03 0 9.9921 1 20843.3 19.5278 0 0 0 
228000 100 72.98 0 10 5156.94 0 9.99213 1 24361.9 22.9171 0 0 0 
229000 100 83.61 0 10 5262.65 0 9.99216 1 22595.3 21.1223 0 0 0 
230000 100 72.59 0 10 5311.49 0 9.9922 1 17529.6 16.3573 0 0 0 
231000 100 71.55 0 10 5357.12 0 9.99223 1 22497 20.9986 0 0 0 
232000 100 63.95 0 10 5459.92 0 9.99227 1 23524.7 22.0119 0 0 0 
233000 100 67.43 0 10 5602.35 0 9.9923 1 17367.7 16.21 0 0 0 
234000 100 66.68 0 10 5750.66 0 9.99233 1 15634.6 14.6036 0 0 0 
235000 100 68.45 0 10 5849.25 0 9.99236 1 18726.4 17.4908 0 0 0 
236000 100 64.97 0 10 5998.14 0 9.9924 1 16544.6 15.5536 0 0 0 
237000 100 60.15 0 10 6132.63 0 9.99243 1 14269.1 13.5142 0 0 0 
238000 100 79.21 0 10 6218.43 0 9.99246 1 23936.5 22.6205 0 0 0 
239000 100 69.85 0 10 6360.35 0 9.99249 1 23098.7 22.0668 0 0 0 
240000 100 65.12 0 10 6457.17 0 9.99252 1 17026.2 16.2814 0 0 0 
241000 100 65.65 0 10 6563 0 9.99255 1 14389.7 13.7533 0 0 0 
242000 100 72.19 0 10 6700.58 0 9.99259 1 20939.5 19.93 0 0 0 
243000 100 63.41 0 10 6767.54 0 9.99262 1 12493.7 11.9466 0 0 0 
244000 100 72.89 0 10 6841.31 0 9.99265 1 21199.8 20.3899 0 0 0 
245000 100 61.93 0 10 6940.81 0 9.99268 1 15950.2 15.3738 0 0 0 
246000 100 60.32 0 10 7039.94 0 9.99271 1 16197.8 15.5636 0 0 0 
247000 100 55.96 0 10 7116.75 0 9.99274 1 13586.6 13.1791 0 0 0 
248000 100 68.8 0 10 7210.39 0 9.99276 1 21721.8 20.8919 0 0 0 
249000 100 69.27 0 10 7304.76 0 9.99279 1 18962.6 18.211 0 0 0 
250000 100 69.34 0 10 7399.78 0 9.99282 1 16189 15.5151 0 0 0 