# Avida Average Deme Data
# Tue Apr 15 20:39:11 2014
#  1: Update
#  2: Count
#  3: Age
#  4: Births
#  5: Organisms
#  6: Generation
#  7: Births (at last replication)
#  8: Organisms (at last replication)
#  9: Merit
# 10: Gestation Time
# 11: Time Used (normalized by org fitness)
# 12: Generations between current and last founders
# 13: Events killed
# 14: Attempts to kill event

0 100 0 0 1 0 0 0 1 0 0 0 0 0 
1000 100 27.87 0 10 5.96 0 8.1975 1 55701.7 48.0278 0 0 0 
2000 100 43.05 0 10 11.63 0 9.0983 1 54941.4 47.408 0 0 0 
3000 100 61.27 0 10 17.1 0 9.39877 1 57577 49.6176 0 0 0 
4000 100 88.11 0 10 22.69 0 9.54904 1 56885 49.0303 0 0 0 
5000 100 97.3 0 10 28.13 0 9.63921 1 55118.8 47.4799 0 0 0 
6000 100 88.64 0 10 34.94 0 9.69933 1 54543.2 46.9086 0 0 0 
7000 100 90.65 0 10 39.87 0 9.74228 1 57669.9 49.6531 0 0 0 
8000 100 80.02 0 10 44.58 0 9.77449 1 57358.9 49.0966 0 0 0 
9000 100 78.26 0 10 49.94 0 9.79954 1 59332.5 50.7932 0 0 0 
10000 100 94.6 0 10 55.61 0 9.81959 1 56106.3 48.0606 0 0 0 
11000 100 82.86 0 10 60.93 0 9.83599 1 52036.3 44.5248 0 0 0 
12000 100 78.78 0 10 69.12 0 9.84965 1 54417.6 46.664 0 0 0 
13000 100 91.66 0 10 75.53 0 9.86122 1 55130.6 46.8876 0 0 0 
14000 100 73.13 0 10 82.25 0 9.87113 1 51986.6 44.1848 0 0 0 
15000 100 65.16 0 10 89.98 0 9.87972 1 54213.9 45.9723 0 0 0 
16000 100 52.82 0 10 96.29 0 9.88724 1 55067 46.4933 0 0 0 
17000 100 58.27 0 10 101.18 0 9.89387 1 56291 47.5504 0 0 0 
18000 100 68.48 0 10 105.54 0 9.89977 1 57136.4 48.443 0 0 0 
19000 100 71.35 0 10 111.73 0 9.90504 1 55966.6 47.5713 0 0 0 
20000 100 85.72 0 10 118.16 0 9.90979 1 53708.6 45.8069 0 0 0 
21000 100 90.32 0 10 119.92 0 9.91409 1 56743.4 48.45 0 0 0 
22000 100 93.47 0 10 126.1 0 9.91799 1 55703.2 47.2869 0 0 0 
23000 100 86.25 0 10 130.98 0 9.92156 1 57249.2 48.6558 0 0 0 
24000 100 94.36 0 10 136.93 0 9.92482 1 56770.9 48.4437 0 0 0 
25000 100 78.29 0 10 146.09 0 9.92783 1 55016.6 46.9799 0 0 0 
26000 100 69.43 0 10 153.4 0 9.93061 1 57637.4 49.1764 0 0 0 
27000 100 73.85 0 10 160.37 0 9.93318 1 56604.3 48.2159 0 0 0 
28000 100 87.57 0 10 170.24 0 9.93556 1 57458 48.9405 0 0 0 
29000 100 74.56 0 10 174.76 0 9.93778 1 55354 47.0367 0 0 0 
30000 100 74 0 10 188.97 0 9.93986 1 53864.6 45.8918 0 0 0 
31000 100 70.39 0 10 196.45 0 9.9418 1 54799 46.647 0 0 0 
32000 100 80.66 0 10 204.87 0 9.94362 1 53576.5 45.6404 0 0 0 
33000 100 95.88 0 10 212.87 0 9.94533 1 53829.8 45.6851 0 0 0 
34000 100 104.25 0 10 218.05 0 9.94693 1 55995.7 47.4148 0 0 0 
35000 100 85.15 0 10 223.78 0 9.94845 1 57266.4 48.406 0 0 0 
36000 100 90.51 0 10 231.92 0 9.94988 1 56599.4 48.0435 0 0 0 
37000 100 89.69 0 10 237.29 0 9.95124 1 58755.5 49.9095 0 0 0 
38000 100 103.4 0 10 240.72 0 9.95252 1 57679.9 48.9175 0 0 0 
39000 100 117.37 0 10 247.56 0 9.95374 1 59549 50.6611 0 0 0 
40000 100 98.46 0 10 252.07 0 9.95489 1 57917.6 49.2541 0 0 0 
41000 100 97.26 0 10 257.16 0 9.95599 1 57961.6 49.3131 0 0 0 
42000 100 104.95 0 10 264.01 0 9.95704 1 57857.6 49.2848 0 0 0 
43000 100 111.16 0 10 269.49 0 9.95804 1 57743.1 49.1657 0 0 0 
44000 100 104.92 0 10 273.7 0 9.95899 1 59962.4 51.0887 0 0 0 
45000 100 94.3 0 10 280.32 0 9.95991 1 59978.4 51.0935 0 0 0 
46000 100 94.19 0 10 285 0 9.96078 1 59926.4 51.1141 0 0 0 
47000 100 79.64 0 10 291.41 0 9.96161 1 58749.4 50.2605 0 0 0 
48000 100 83.35 0 10 297.81 0 9.96241 1 59989 51.3826 0 0 0 
49000 100 74.97 0 10 303.1 0 9.96318 1 60084.3 51.4819 0 0 0 
50000 100 76.39 0 10 309.32 0 9.96391 1 60031.3 51.5513 0 0 0 
51000 100 77.6 0 10 315.98 0 9.96462 1 59992.3 51.6959 0 0 0 
52000 100 86.79 0 10 321.4 0 9.9653 1 59402.7 51.1817 0 0 0 
53000 100 90.35 0 10 326.76 0 9.96596 1 59388.7 51.2763 0 0 0 
54000 100 95.1 0 10 331.8 0 9.96659 1 59005.9 50.7979 0 0 0 
55000 100 94.95 0 10 336.54 0 9.9672 1 60131.1 51.7172 0 0 0 
56000 100 114.06 0 10 343.07 0 9.96778 1 58564.5 50.3133 0 0 0 
57000 100 108.45 0 10 347.44 0 9.96835 1 59462 51.1018 0 0 0 
58000 100 117.64 0 10 353.74 0 9.96889 1 56047.5 48.143 0 0 0 
59000 100 98.01 0 10 359.68 0 9.96942 1 57597.5 49.7549 0 0 0 
60000 100 85.54 0 10 365.97 0 9.96993 1 59269.6 51.4204 0 0 0 
61000 100 93.25 0 10 374.6 0 9.97042 1 58331.6 51.3271 0 0 0 
62000 100 72.1 0 10 380.19 0 9.9709 1 59972.8 53.1817 0 0 0 
63000 100 70.75 0 10 386.57 0 9.97136 1 57470.3 50.9947 0 0 0 
64000 100 84.56 0 10 392.62 0 9.97181 1 59138.1 52.3775 0 0 0 
65000 100 93.43 0 10 395.86 0 9.97224 1 59202.8 52.1486 0 0 0 
66000 100 78.55 0 10 401.54 0 9.97266 1 57974.9 50.9607 0 0 0 
67000 100 70.94 0 10 407.75 0 9.97307 1 59419.8 52.4247 0 0 0 
68000 100 37.94 0 10 413.02 0 9.97347 1 59413.8 52.417 0 0 0 
69000 100 29.69 0 10 419.74 0 9.97385 1 58096.4 51.3555 0 0 0 
70000 100 26.84 0 10 423.8 0 9.97422 1 60085.6 53.0692 0 0 0 
71000 100 31.24 0 10 430.26 0 9.97459 1 59317.9 52.5543 0 0 0 
72000 100 21.19 0 10 433.85 0 9.97494 1 59628.7 52.6417 0 0 0 
73000 100 22.29 0 10 439.73 0 9.97528 1 59645.9 52.4493 0 0 0 
74000 100 51.33 0 10 449.23 0 9.97562 1 57464.5 50.8236 0 0 0 
75000 100 52.84 0 10 455.12 0 9.97594 1 59040.1 52.1902 0 0 0 
76000 100 52.76 0 10 461.68 0 9.97626 1 59110.8 52.2673 0 0 0 
77000 100 59.93 0 10 468.08 0 9.97657 1 58130.5 51.5197 0 0 0 
78000 100 54.62 0 10 469.76 0 9.97687 1 59948.5 52.9631 0 0 0 
79000 100 62.57 0 10 474.57 0 9.97716 1 60203.9 53.0713 0 0 0 
80000 100 73.43 0 10 479.36 0 9.97745 1 60041 52.9417 0 0 0 
81000 100 98.04 0 10 485.36 0 9.97772 1 60168.7 53.1246 0 0 0 
82000 100 94.35 0 10 489.74 0 9.978 1 60057.7 53.1244 0 0 0 
83000 100 81.41 0 10 494.56 0 9.97826 1 59200.3 52.2408 0 0 0 
84000 100 81.18 0 10 498.21 0 9.97852 1 59305.3 52.1196 0 0 0 
85000 100 93 0 10 503.82 0 9.97877 1 60107.7 52.9487 0 0 0 
86000 100 99.52 0 10 508.77 0 9.97902 1 59626.1 52.4731 0 0 0 
87000 100 74.46 0 10 513.34 0 9.97926 1 59828.8 52.8345 0 0 0 
88000 100 88.08 0 10 520.12 0 9.9795 1 59904 52.9426 0 0 0 
89000 100 92.68 0 10 526.53 0 9.97973 1 59932.8 53.0241 0 0 0 
90000 100 73.09 0 10 530.48 0 9.97995 1 59713.3 52.595 0 0 0 
91000 100 72.52 0 10 537.62 0 9.98017 1 58855.8 52.0666 0 0 0 
92000 100 70.08 0 10 544.52 0 9.98039 1 57642.8 51.2368 0 0 0 
93000 100 64.44 0 10 552.27 0 9.9806 1 58474.5 52.0164 0 0 0 
94000 100 73.67 0 10 559.04 0 9.98081 1 55297.8 49.2457 0 0 0 
95000 100 78.02 0 10 565.47 0 9.98101 1 58171 51.883 0 0 0 
96000 100 68.73 0 10 572.1 0 9.98121 1 57304.2 50.9685 0 0 0 
97000 100 71.32 0 10 577.44 0 9.9814 1 56724.9 50.6159 0 0 0 
98000 100 71.11 0 10 582.31 0 9.98159 1 58535.5 52.0928 0 0 0 
99000 100 67.19 0 10 588.57 0 9.98177 1 58949 52.3358 0 0 0 
100000 100 66.05 0 10 596.57 0 9.98196 1 57271.3 50.9422 0 0 0 
101000 100 72.63 0 10 603.31 0 9.98214 1 57083.3 50.6024 0 0 0 
102000 100 71.26 0 10 607.66 0 9.98231 1 57878.4 51.4376 0 0 0 
103000 100 71.11 0 10 611.53 0 9.98248 1 58413.1 52.1652 0 0 0 
104000 100 68.69 0 10 617.75 0 9.98265 1 57102.9 50.9421 0 0 0 
105000 100 58.14 0 10 624.72 0 9.98282 1 56683.3 50.588 0 0 0 
106000 100 60.66 0 10 632.39 0 9.98298 1 59621.2 53.1946 0 0 0 
107000 100 53.46 0 10 639.61 0 9.98314 1 58350.5 52.0155 0 0 0 
108000 100 55.89 0 10 649.22 0 9.98329 1 55955.9 49.7191 0 0 0 
109000 100 64.17 0 10 658.64 0 9.98345 1 56859.8 50.4858 0 0 0 
110000 100 86.66 0 10 667.09 0 9.9836 1 56489.3 50.5097 0 0 0 
111000 100 85.57 0 10 671.05 0 9.98375 1 54257.6 48.7253 0 0 0 
112000 100 93.65 0 10 680.82 0 9.98389 1 54268.7 48.8908 0 0 0 
113000 100 98.03 0 10 685.47 0 9.98403 1 56235.3 50.8011 0 0 0 
114000 100 87.15 0 10 689.52 0 9.98417 1 57246.2 51.4382 0 0 0 
115000 100 80.95 0 10 698.59 0 9.98431 1 55737.4 50.2295 0 0 0 
116000 100 89.13 0 10 703.65 0 9.98445 1 57024.1 51.1224 0 0 0 
117000 100 85.88 0 10 709.36 0 9.98458 1 54086.8 48.2013 0 0 0 
118000 100 83.44 0 10 716.05 0 9.98471 1 54166.6 48.0445 0 0 0 
119000 100 75.7 0 10 722.14 0 9.98484 1 57703.7 51.3095 0 0 0 
120000 100 57.18 0 10 729.36 0 9.98496 1 59022.4 52.4092 0 0 0 
121000 100 58.71 0 10 732.47 0 9.98509 1 58635.3 52.1978 0 0 0 
122000 100 68.56 0 10 736.67 0 9.98521 1 56882.1 50.5397 0 0 0 
123000 100 75.28 0 10 740.37 0 9.98533 1 57415.7 51.191 0 0 0 
124000 100 80.62 0 10 743.16 0 9.98545 1 58615.8 52.3181 0 0 0 
125000 100 58.41 0 10 748.93 0 9.98557 1 58273.2 52.3087 0 0 0 
126000 100 59.49 0 10 756.68 0 9.98568 1 55351.9 49.3998 0 0 0 
127000 100 53.16 0 10 761.7 0 9.98579 1 55971.6 49.8461 0 0 0 
128000 100 53.93 0 10 769.99 0 9.9859 1 59523.8 52.6751 0 0 0 
129000 100 73.32 0 10 776.26 0 9.98601 1 56688.6 50.036 0 0 0 
130000 100 82.7 0 10 782.86 0 9.98612 1 54723.6 48.454 0 0 0 
131000 100 86.65 0 10 790.07 0 9.98623 1 57011.9 50.2655 0 0 0 
132000 100 75.63 0 10 792.99 0 9.98633 1 59051.1 52.1953 0 0 0 
133000 100 71.94 0 10 800.41 0 9.98643 1 59485.1 52.3234 0 0 0 
134000 100 73.09 0 10 805.97 0 9.98654 1 58835.5 51.5886 0 0 0 
135000 100 71.39 0 10 813.6 0 9.98663 1 57032.9 49.6378 0 0 0 
136000 100 67.44 0 10 815.88 0 9.98673 1 59296.8 52.1246 0 0 0 
137000 100 61.02 0 10 820.78 0 9.98683 1 59790 52.7436 0 0 0 
138000 100 66.81 0 10 828.38 0 9.98693 1 57200 50.4147 0 0 0 
139000 100 58.01 0 10 833.8 0 9.98702 1 58136.2 51.5154 0 0 0 
140000 100 67.26 0 10 843.47 0 9.98711 1 56026.5 49.7054 0 0 0 
141000 100 61.24 0 10 851.11 0 9.9872 1 56688.5 50.756 0 0 0 
142000 100 73.05 0 10 857.27 0 9.98729 1 55629.1 49.9925 0 0 0 
143000 100 86.79 0 10 863.36 0 9.98738 1 57083 51.4385 0 0 0 
144000 100 96.9 0 10 869.93 0 9.98747 1 54168.3 48.6704 0 0 0 
145000 100 100.42 0 10 875.95 0 9.98756 1 57738.2 51.8231 0 0 0 
146000 100 88.07 0 10 881.64 0 9.98764 1 59137.9 52.9917 0 0 0 
147000 100 76.08 0 10 887.89 0 9.98773 1 58280.8 52.1091 0 0 0 
148000 100 92.33 0 10 892.22 0 9.98781 1 59073.9 52.879 0 0 0 
149000 100 100.3 0 10 898.16 0 9.98789 1 59683.8 53.5368 0 0 0 
150000 100 103.01 0 10 903.2 0 9.98797 1 60080.2 53.481 0 0 0 
151000 100 108.91 0 10 908.59 0 9.98805 1 59717.3 53.0427 0 0 0 
152000 100 112.85 0 10 913.08 0 9.98813 1 59982.4 53.1756 0 0 0 
153000 100 107.94 0 10 918.43 0 9.98821 1 60047.7 53.0693 0 0 0 
154000 100 100.15 0 10 922.88 0 9.98828 1 59999.1 53.1287 0 0 0 
155000 100 95.9 0 10 928.21 0 9.98836 1 59587.3 52.6716 0 0 0 
156000 100 91.36 0 10 932.21 0 9.98843 1 60121.2 53.1576 0 0 0 
157000 100 90.29 0 10 937.89 0 9.98851 1 60133.2 53.1022 0 0 0 
158000 100 95.88 0 10 942.91 0 9.98858 1 60112.5 53.0368 0 0 0 
159000 100 90.75 0 10 948.43 0 9.98865 1 59947.3 52.8689 0 0 0 
160000 100 85.5 0 10 953.14 0 9.98872 1 60174 52.9464 0 0 0 
161000 100 85.34 0 10 958.56 0 9.98879 1 60054.2 52.8928 0 0 0 
162000 100 92.26 0 10 963.16 0 9.98886 1 60129.7 52.9637 0 0 0 
163000 100 90.44 0 10 968.72 0 9.98893 1 60069.6 53.0042 0 0 0 
164000 100 86.64 0 10 974.26 0 9.989 1 60129.4 53.2382 0 0 0 
165000 100 80.8 0 10 979.14 0 9.98906 1 60168.9 52.9101 0 0 0 
166000 100 85.94 0 10 983.84 0 9.98913 1 60034.9 52.9784 0 0 0 
167000 100 87.96 0 10 988.36 0 9.9892 1 59846.7 52.8822 0 0 0 
168000 100 82.08 0 10 993.78 0 9.98926 1 60107.7 52.9254 0 0 0 
169000 100 87.96 0 10 998.36 0 9.98932 1 59946.6 52.7005 0 0 0 
170000 100 91.32 0 10 1003.12 0 9.98939 1 59993.1 52.8992 0 0 0 
171000 100 93 0 10 1008 0 9.98945 1 59943.9 52.9911 0 0 0 
172000 100 92.04 0 10 1013.02 0 9.98951 1 60199.2 53.3345 0 0 0 
173000 100 93 0 10 1018 0 9.98957 1 60092.1 53.174 0 0 0 
174000 100 93 0 10 1023 0 9.98963 1 60281 53.12 0 0 0 
175000 100 93 0 10 1028 0 9.98969 1 60093.4 52.6208 0 0 0 
176000 100 93 0 10 1033 0 9.98975 1 60018.9 52.6525 0 0 0 
177000 100 93 0 10 1038 0 9.98981 1 59960.2 52.6565 0 0 0 
178000 100 93 0 10 1043 0 9.98986 1 59943.2 52.8225 0 0 0 
179000 100 93 0 10 1048 0 9.98992 1 60043.6 52.7667 0 0 0 
180000 100 93 0 10 1053 0 9.98998 1 59983.8 52.5022 0 0 0 
181000 100 93 0 10 1058 0 9.99003 1 59917.3 52.2156 0 0 0 
182000 100 93 0 10 1063 0 9.99009 1 60024.9 52.2863 0 0 0 
183000 100 93 0 10 1068 0 9.99014 1 60053.1 52.3798 0 0 0 
184000 100 93 0 10 1073 0 9.99019 1 60010 52.3196 0 0 0 
185000 100 93 0 10 1078 0 9.99025 1 60072.6 52.4421 0 0 0 
186000 100 93 0 10 1083 0 9.9903 1 59977.1 52.4548 0 0 0 
187000 100 93 0 10 1088 0 9.99035 1 60107.5 52.6197 0 0 0 
188000 100 93 0 10 1093 0 9.9904 1 59947.3 52.5813 0 0 0 
189000 100 93 0 10 1098 0 9.99045 1 60071.7 52.7789 0 0 0 
190000 100 93 0 10 1103 0 9.9905 1 60108.8 52.9222 0 0 0 
191000 100 93 0 10 1108 0 9.99055 1 59980.1 52.6135 0 0 0 
192000 100 93.14 0 10 1113.05 0 9.9906 1 58854.4 51.5953 0 0 0 
193000 100 92.66 0 10 1118.06 0 9.99065 1 60061.1 52.8194 0 0 0 
194000 100 92.08 0 10 1123.35 0 9.9907 1 59550.8 52.3343 0 0 0 
195000 100 89.28 0 10 1128.44 0 9.99075 1 59195.9 52.0758 0 0 0 
196000 100 93.9 0 10 1133.46 0 9.99079 1 59949.1 52.944 0 0 0 
197000 100 93.52 0 10 1139 0 9.99084 1 59896.2 52.9679 0 0 0 
198000 100 90.58 0 10 1144.12 0 9.99089 1 58849.5 52.0279 0 0 0 
199000 100 87.98 0 10 1149.23 0 9.99093 1 58616.7 51.9166 0 0 0 
200000 100 91.9 0 10 1154.65 0 9.99098 1 59945 53.0911 0 0 0 
201000 100 92.66 0 10 1159.58 0 9.99102 1 59378.4 52.7268 0 0 0 
202000 100 93.9 0 10 1164.27 0 9.99107 1 59971.9 53.3371 0 0 0 
203000 100 96.76 0 10 1169.44 0 9.99111 1 59897.6 53.2945 0 0 0 
204000 100 95.85 0 10 1174.61 0 9.99116 1 58834.9 51.9962 0 0 0 
205000 100 97.26 0 10 1180.25 0 9.9912 1 59171.1 52.3779 0 0 0 
206000 100 100.1 0 10 1184.94 0 9.99124 1 59985.6 53.1319 0 0 0 
207000 100 94.77 0 10 1190.57 0 9.99128 1 59209.1 52.6332 0 0 0 
208000 100 93.92 0 10 1196.48 0 9.99133 1 59157.3 52.8496 0 0 0 
209000 100 100.61 0 10 1203.16 0 9.99137 1 56278.7 50.2428 0 0 0 
210000 100 102.71 0 10 1208.89 0 9.99141 1 59548.2 53.3311 0 0 0 
211000 100 102.27 0 10 1214.37 0 9.99145 1 58336 52.2679 0 0 0 
212000 100 91.14 0 10 1222.31 0 9.99149 1 60052 53.6661 0 0 0 
213000 100 93.14 0 10 1229.55 0 9.99153 1 59508 53.1132 0 0 0 
214000 100 87.18 0 10 1237.58 0 9.99157 1 57382.1 51.2725 0 0 0 
215000 100 88.86 0 10 1244.69 0 9.99161 1 59185.4 52.9249 0 0 0 
216000 100 78.56 0 10 1250.99 0 9.99165 1 59994.1 53.7053 0 0 0 
217000 100 77.94 0 10 1255.21 0 9.99169 1 59961.2 53.7719 0 0 0 
218000 100 74.72 0 10 1264.45 0 9.99172 1 58517.6 52.2902 0 0 0 
219000 100 61.7 0 10 1270.86 0 9.99176 1 57964.6 51.5676 0 0 0 
220000 100 81.54 0 10 1276.41 0 9.9918 1 58892.8 52.4255 0 0 0 
221000 100 72.56 0 10 1283.14 0 9.99184 1 59407.6 52.7469 0 0 0 
222000 100 65.95 0 10 1292.13 0 9.99187 1 57109.1 50.7871 0 0 0 
223000 100 74.31 0 10 1298.23 0 9.99191 1 57112.4 50.8877 0 0 0 
224000 100 93.68 0 10 1301.71 0 9.99195 1 57895.9 51.2401 0 0 0 
225000 100 104.16 0 10 1308.28 0 9.99198 1 57507.4 50.8771 0 0 0 
226000 100 108.69 0 10 1311.54 0 9.99202 1 58910.5 52.2387 0 0 0 
227000 100 92.92 0 10 1317.27 0 9.99205 1 57997.3 51.6416 0 0 0 
228000 100 89.89 0 10 1323 0 9.99209 1 59621.4 53.2255 0 0 0 
229000 100 87.05 0 10 1328.25 0 9.99212 1 59000.4 52.6556 0 0 0 
230000 100 99.51 0 10 1332.47 0 9.99216 1 57499.8 51.2915 0 0 0 
231000 100 92.01 0 10 1337.4 0 9.99219 1 59842.6 53.4635 0 0 0 
232000 100 82.45 0 10 1341.22 0 9.99222 1 59933.9 53.5313 0 0 0 
233000 100 65.17 0 10 1347.4 0 9.99226 1 59608 53.1738 0 0 0 
234000 100 62.58 0 10 1352.92 0 9.99229 1 58629.9 52.2393 0 0 0 
235000 100 62.41 0 10 1357.43 0 9.99232 1 59898.8 53.367 0 0 0 
236000 100 45.06 0 10 1363.49 0 9.99235 1 59892.3 53.5518 0 0 0 
237000 100 43.22 0 10 1367 0 9.99239 1 59341.8 52.9982 0 0 0 
238000 100 45.1 0 10 1370.93 0 9.99242 1 60069.8 53.548 0 0 0 
239000 100 48.99 0 10 1375.53 0 9.99245 1 59862.4 53.5013 0 0 0 
240000 100 43.88 0 10 1381.1 0 9.99248 1 59959.5 53.516 0 0 0 
241000 100 41.6 0 10 1384.5 0 9.99251 1 59888.8 53.2775 0 0 0 
242000 100 36.95 0 10 1390.79 0 9.99254 1 59994.4 53.3561 0 0 0 
243000 100 31.96 0 10 1396.24 0 9.99257 1 59957.7 53.4096 0 0 0 
244000 100 34.03 0 10 1400.07 0 9.99261 1 60054.1 53.402 0 0 0 
245000 100 33.06 0 10 1405.85 0 9.99264 1 59947.8 53.2021 0 0 0 
246000 100 29.89 0 10 1412.41 0 9.99267 1 59889.6 53.7404 0 0 0 
247000 100 35.18 0 10 1414.42 0 9.9927 1 60228.5 53.6887 0 0 0 
248000 100 31.04 0 10 1421.76 0 9.99272 1 59990.5 53.7181 0 0 0 
249000 100 28.74 0 10 1428.06 0 9.99275 1 59980.6 54.0459 0 0 0 
250000 100 28.05 0 10 1433.45 0 9.99278 1 59912.1 53.8145 0 0 0 