# Avida Average Deme Data
# Wed Apr 16 02:20:49 2014
#  1: Update
#  2: Count
#  3: Age
#  4: Births
#  5: Organisms
#  6: Generation
#  7: Births (at last replication)
#  8: Organisms (at last replication)
#  9: Merit
# 10: Gestation Time
# 11: Time Used (normalized by org fitness)
# 12: Generations between current and last founders
# 13: Events killed
# 14: Attempts to kill event

0 100 0 0 1 0 0 0 1 0 0 0 0 0 
1000 100 23.88 0 10 6.62 0 8.16374 1 55154.8 47.5341 0 0 0 
2000 100 36.81 0 10 12.58 0 9.08141 1 53311.3 45.9816 0 0 0 
3000 100 56.81 0 10 18.84 0 9.3875 1 54009.6 46.5898 0 0 0 
4000 100 75.34 0 10 24.87 0 9.54059 1 58031.3 50.0762 0 0 0 
5000 100 77.91 0 10 30.85 0 9.63245 1 55246.2 47.6803 0 0 0 
6000 100 97.06 0 10 38.04 0 9.6937 1 54232.2 46.7695 0 0 0 
7000 100 101.95 0 10 44.03 0 9.73745 1 54398.3 46.9153 0 0 0 
8000 100 95.46 0 10 51.51 0 9.77027 1 52590.8 45.478 0 0 0 
9000 100 88.95 0 10 58.74 0 9.79579 1 55646 47.9084 0 0 0 
10000 100 85.59 0 10 67.97 0 9.81621 1 57796.2 49.8104 0 0 0 
11000 100 76.18 0 10 73.8 0 9.83292 1 56334.3 48.5876 0 0 0 
12000 100 87.15 0 10 74.5 0 9.84684 1 53212.2 45.9547 0 0 0 
13000 100 95.15 0 10 78.04 0 9.85862 1 55635.4 48.0616 0 0 0 
14000 100 87.52 0 10 87.47 0 9.86872 1 55995.2 48.479 0 0 0 
15000 100 71.47 0 10 94.53 0 9.87747 1 55421.6 47.9813 0 0 0 
16000 100 61.09 0 10 108.18 0 9.88513 1 54571.3 47.0449 0 0 0 
17000 100 50.2 0 10 116.69 0 9.89188 1 57661.6 49.512 0 0 0 
18000 100 55.2 0 10 121.34 0 9.89789 1 55801.7 47.825 0 0 0 
19000 100 74.74 0 10 119.4 0 9.90326 1 59111.5 50.4025 0 0 0 
20000 100 62.41 0 10 124.96 0 9.9081 1 56931 48.6961 0 0 0 
21000 100 65.74 0 10 133.31 0 9.91248 1 56831.7 48.9133 0 0 0 
22000 100 86.03 0 10 144.23 0 9.91645 1 57762.9 49.6231 0 0 0 
23000 100 83.6 0 10 149.1 0 9.92009 1 57974.8 49.749 0 0 0 
24000 100 92.87 0 10 154.33 0 9.92342 1 59514.6 51.173 0 0 0 
25000 100 86.63 0 10 161.45 0 9.92648 1 55029 46.9318 0 0 0 
26000 100 72.46 0 10 167.38 0 9.92931 1 59815.5 51.1504 0 0 0 
27000 100 69.57 0 10 172.12 0 9.93192 1 58343.6 49.8866 0 0 0 
28000 100 78.13 0 10 180.09 0 9.93436 1 59762 51.0699 0 0 0 
29000 100 78.8 0 10 191.57 0 9.93662 1 58003.7 49.4543 0 0 0 
30000 100 91.45 0 10 203.61 0 9.93873 1 57381.9 48.7278 0 0 0 
31000 100 85.91 0 10 203.18 0 9.94071 1 58644.5 49.7166 0 0 0 
32000 100 79.64 0 10 206.34 0 9.94256 1 58059.3 49.2162 0 0 0 
33000 100 82.92 0 10 209.82 0 9.9443 1 58260 49.1879 0 0 0 
34000 100 77.77 0 10 215.66 0 9.94594 1 59716.9 50.3966 0 0 0 
35000 100 72.7 0 10 222.94 0 9.94748 1 59189.1 49.8047 0 0 0 
36000 100 76.43 0 10 229.11 0 9.94894 1 57097.7 48.0737 0 0 0 
37000 100 85.65 0 10 237.4 0 9.95032 1 57365.4 48.173 0 0 0 
38000 100 82.11 0 10 242.34 0 9.95163 1 58116.1 48.7694 0 0 0 
39000 100 81.17 0 10 250.21 0 9.95287 1 54904.6 45.8133 0 0 0 
40000 100 80.51 0 10 257.1 0 9.95405 1 58797.5 49.0685 0 0 0 
41000 100 65.38 0 10 266.2 0 9.95517 1 59533.5 49.828 0 0 0 
42000 100 60.74 0 10 275.86 0 9.95624 1 58840.8 49.2561 0 0 0 
43000 100 67.19 0 10 278.03 0 9.95725 1 59674.7 50.0331 0 0 0 
44000 100 64.05 0 10 284.19 0 9.95823 1 59431.3 49.8152 0 0 0 
45000 100 51.91 0 10 289.1 0 9.95915 1 57901.6 48.4151 0 0 0 
46000 100 71.29 0 10 293.72 0 9.96004 1 58735.5 48.9091 0 0 0 
47000 100 81.64 0 10 294.69 0 9.96089 1 59200.9 49.291 0 0 0 
48000 100 78.13 0 10 300.7 0 9.96171 1 58467 48.6034 0 0 0 
49000 100 78.64 0 10 310.46 0 9.96249 1 57998.2 48.3918 0 0 0 
50000 100 68.23 0 10 313.97 0 9.96324 1 59917.5 49.7169 0 0 0 
51000 100 69.28 0 10 319.27 0 9.96396 1 58476.9 48.6556 0 0 0 
52000 100 85.7 0 10 323.56 0 9.96465 1 58696.2 48.774 0 0 0 
53000 100 87.85 0 10 326.66 0 9.96532 1 59355.5 49.3172 0 0 0 
54000 100 80.92 0 10 336.26 0 9.96596 1 57808.2 47.874 0 0 0 
55000 100 84.19 0 10 342.21 0 9.96658 1 57934.8 47.8866 0 0 0 
56000 100 65.81 0 10 350.26 0 9.96718 1 59135.3 48.7612 0 0 0 
57000 100 70.8 0 10 357.16 0 9.96775 1 56510.9 46.4279 0 0 0 
58000 100 77.41 0 10 363.43 0 9.96831 1 57620.1 47.299 0 0 0 
59000 100 74.17 0 10 371.82 0 9.96885 1 57079 46.7716 0 0 0 
60000 100 66.67 0 10 382.83 0 9.96937 1 55903.6 45.7488 0 0 0 
61000 100 79.68 0 10 386.8 0 9.96987 1 54133.6 44.3429 0 0 0 
62000 100 97.42 0 10 393.28 0 9.97035 1 59685.7 48.7219 0 0 0 
63000 100 69.94 0 10 399.46 0 9.97082 1 57504.9 47.0085 0 0 0 
64000 100 67.37 0 10 404.98 0 9.97128 1 58195.3 47.681 0 0 0 
65000 100 76.02 0 10 411.53 0 9.97172 1 57863.3 47.4336 0 0 0 
66000 100 80.43 0 10 419.15 0 9.97215 1 55544.9 45.5518 0 0 0 
67000 100 65.59 0 10 426.28 0 9.97257 1 57880.5 47.389 0 0 0 
68000 100 74.17 0 10 432.56 0 9.97297 1 58114.7 47.5298 0 0 0 
69000 100 80.04 0 10 440.29 0 9.97336 1 56599.6 46.7123 0 0 0 
70000 100 80.84 0 10 447.32 0 9.97374 1 56180 46.2621 0 0 0 
71000 100 88.86 0 10 456.08 0 9.97411 1 56131.8 46.3988 0 0 0 
72000 100 80.87 0 10 460.69 0 9.97447 1 55821.6 46.1769 0 0 0 
73000 100 89.28 0 10 470.08 0 9.97482 1 57302.6 47.2831 0 0 0 
74000 100 79.18 0 10 478.65 0 9.97516 1 57420 47.4235 0 0 0 
75000 100 80.45 0 10 481.26 0 9.97549 1 57352.1 47.3397 0 0 0 
76000 100 83.7 0 10 490.21 0 9.97581 1 58516.4 48.1924 0 0 0 
77000 100 96.01 0 10 493.55 0 9.97613 1 59945.5 49.2167 0 0 0 
78000 100 94.3 0 10 498.27 0 9.97643 1 58870.9 48.3803 0 0 0 
79000 100 87.95 0 10 502.78 0 9.97673 1 59350.3 48.7287 0 0 0 
80000 100 79.52 0 10 507.09 0 9.97702 1 59914.9 49.2201 0 0 0 
81000 100 85.88 0 10 513.68 0 9.97731 1 59531.8 49.0532 0 0 0 
82000 100 83.02 0 10 522.05 0 9.97758 1 60063.8 49.4187 0 0 0 
83000 100 90.19 0 10 527.66 0 9.97785 1 59838.9 49.0691 0 0 0 
84000 100 96.31 0 10 533.4 0 9.97812 1 59873.8 48.785 0 0 0 
85000 100 85.41 0 10 540.56 0 9.97838 1 59733.3 48.6944 0 0 0 
86000 100 90.56 0 10 547.1 0 9.97863 1 59964.2 48.6563 0 0 0 
87000 100 77.49 0 10 552.61 0 9.97887 1 59783.3 48.6643 0 0 0 
88000 100 69.92 0 10 557.63 0 9.97911 1 59921.6 49.0114 0 0 0 
89000 100 69.71 0 10 562.46 0 9.97935 1 59817.2 48.9789 0 0 0 
90000 100 75.77 0 10 566.1 0 9.97958 1 59515 48.7393 0 0 0 
91000 100 86.49 0 10 568.07 0 9.9798 1 59876.4 49.0906 0 0 0 
92000 100 90.51 0 10 573.06 0 9.98002 1 59790.5 49.0405 0 0 0 
93000 100 94.02 0 10 575.92 0 9.98024 1 60209.9 49.2674 0 0 0 
94000 100 97.95 0 10 581.28 0 9.98045 1 59672.2 49.0484 0 0 0 
95000 100 92.49 0 10 585.9 0 9.98065 1 60072.9 49.4314 0 0 0 
96000 100 97.88 0 10 593.74 0 9.98085 1 60063.5 49.3446 0 0 0 
97000 100 107.61 0 10 596.65 0 9.98105 1 60155.8 48.8529 0 0 0 
98000 100 114.56 0 10 602.31 0 9.98124 1 59874.1 48.8521 0 0 0 
99000 100 116.96 0 10 604.31 0 9.98143 1 60058.3 48.8972 0 0 0 
100000 100 114.96 0 10 607.91 0 9.98162 1 60053.8 49.0386 0 0 0 
101000 100 120.16 0 10 616.82 0 9.9818 1 60097.6 49.3983 0 0 0 
102000 100 103.25 0 10 622.9 0 9.98198 1 59763.8 48.3585 0 0 0 
103000 100 100.86 0 10 625.76 0 9.98215 1 60043.4 48.4535 0 0 0 
104000 100 93.54 0 10 632.72 0 9.98233 1 59956.2 48.3443 0 0 0 
105000 100 83.62 0 10 638.35 0 9.98249 1 60050.9 48.5296 0 0 0 
106000 100 85.66 0 10 641.32 0 9.98266 1 59941.3 48.461 0 0 0 
107000 100 95.32 0 10 645.37 0 9.98282 1 59820.1 48.6946 0 0 0 
108000 100 83.72 0 10 651.84 0 9.98298 1 60120.5 48.7249 0 0 0 
109000 100 83.34 0 10 661.06 0 9.98314 1 60007.2 48.377 0 0 0 
110000 100 67.6 0 10 667.88 0 9.98329 1 59780.9 47.8391 0 0 0 
111000 100 67 0 10 673.26 0 9.98344 1 59902.6 48.072 0 0 0 
112000 100 58.9 0 10 679.49 0 9.98359 1 59834.9 47.9101 0 0 0 
113000 100 68.3 0 10 684.4 0 9.98373 1 59502.6 47.5804 0 0 0 
114000 100 66.48 0 10 689.46 0 9.98388 1 59867 47.8331 0 0 0 
115000 100 62.28 0 10 694.55 0 9.98402 1 59947.4 48.016 0 0 0 
116000 100 65.84 0 10 699.5 0 9.98415 1 59943.8 48.0634 0 0 0 
117000 100 63.62 0 10 704.55 0 9.98429 1 59911.2 47.9555 0 0 0 
118000 100 69.96 0 10 709.5 0 9.98442 1 59969.6 47.7348 0 0 0 
119000 100 54.57 0 10 714.8 0 9.98455 1 59868.7 47.8719 0 0 0 
120000 100 53.9 0 10 719.89 0 9.98468 1 59907.5 47.8831 0 0 0 
121000 100 39.4 0 10 725.04 0 9.98481 1 59631.5 47.7546 0 0 0 
122000 100 35.08 0 10 730 0 9.98493 1 59842.1 48.1163 0 0 0 
123000 100 36.06 0 10 735.03 0 9.98506 1 59889.9 48.0664 0 0 0 
124000 100 31.48 0 10 740.04 0 9.98518 1 59787.6 48.1496 0 0 0 
125000 100 21.36 0 10 745.19 0 9.9853 1 59932.4 48.5636 0 0 0 
126000 100 25.76 0 10 750.13 0 9.98541 1 59759 48.3253 0 0 0 
127000 100 31.42 0 10 755.01 0 9.98553 1 59890.8 48.1839 0 0 0 
128000 100 37.7 0 10 759.93 0 9.98564 1 59896.4 48.1111 0 0 0 
129000 100 30.58 0 10 765.05 0 9.98575 1 59829.9 48.1762 0 0 0 
130000 100 21.38 0 10 770.05 0 9.98586 1 59840.2 48.5174 0 0 0 
131000 100 24.12 0 10 775.04 0 9.98597 1 59965.6 48.5986 0 0 0 
132000 100 18.76 0 10 780.12 0 9.98608 1 59949.3 48.756 0 0 0 
133000 100 18.54 0 10 785.01 0 9.98618 1 59593.6 48.7072 0 0 0 
134000 100 18.44 0 10 789.96 0 9.98628 1 59945.5 48.9636 0 0 0 
135000 100 15.7 0 10 794.97 0 9.98638 1 60043.8 49.1032 0 0 0 
136000 100 22.9 0 10 799.89 0 9.98648 1 60013 48.9704 0 0 0 
137000 100 21.1 0 10 804.91 0 9.98658 1 59865.9 48.7977 0 0 0 
138000 100 22 0 10 809.9 0 9.98668 1 59991.3 48.9291 0 0 0 
139000 100 16.6 0 10 814.96 0 9.98678 1 59924.9 49.0625 0 0 0 
140000 100 13.9 0 10 819.99 0 9.98687 1 59723 49.207 0 0 0 
141000 100 13 0 10 825 0 9.98696 1 59940.9 49.5091 0 0 0 
142000 100 13 0 10 830 0 9.98706 1 59964.3 49.6148 0 0 0 
143000 100 13 0 10 835 0 9.98715 1 60064.5 49.7137 0 0 0 
144000 100 13 0 10 840 0 9.98724 1 59940.3 49.7841 0 0 0 
145000 100 13 0 10 845 0 9.98732 1 59953.9 49.6233 0 0 0 
146000 100 13 0 10 850 0 9.98741 1 59863.2 49.6545 0 0 0 
147000 100 14.33 0 10 855 0 9.9875 1 59936.4 49.7435 0 0 0 
148000 100 13.91 0 10 860 0 9.98758 1 60011.8 49.6661 0 0 0 
149000 100 13.39 0 10 865 0 9.98766 1 59946.3 49.6615 0 0 0 
150000 100 13.78 0 10 870 0 9.98775 1 59997.4 49.919 0 0 0 
151000 100 13.39 0 10 875 0 9.98783 1 60010.1 49.6529 0 0 0 
152000 100 16.52 0 10 880.01 0 9.98791 1 59700.2 49.1792 0 0 0 
153000 100 13.64 0 10 885 0 9.98799 1 59969 49.471 0 0 0 
154000 100 14.63 0 10 890 0 9.98806 1 59871.2 49.4646 0 0 0 
155000 100 15.05 0 10 895.02 0 9.98814 1 59334.2 49.1034 0 0 0 
156000 100 18.05 0 10 900.04 0 9.98822 1 59954.9 49.5576 0 0 0 
157000 100 18.3 0 10 905 0 9.98829 1 60038.2 49.4428 0 0 0 
158000 100 20.43 0 10 910 0 9.98837 1 59745.6 49.1076 0 0 0 
159000 100 30.11 0 10 915 0 9.98844 1 60005.6 49.391 0 0 0 
160000 100 29.17 0 10 920 0 9.98851 1 59891.9 49.3919 0 0 0 
161000 100 37 0 10 925.01 0 9.98858 1 59704.4 49.2136 0 0 0 
162000 100 22.79 0 10 930.01 0 9.98865 1 59941.8 49.6005 0 0 0 
163000 100 49.03 0 10 939.61 0 9.98872 1 51937.6 43.006 0 0 0 
164000 100 64.77 0 10 948.98 0 9.98879 1 56197.9 46.5362 0 0 0 
165000 100 52.71 0 10 956.24 0 9.98886 1 54324.5 44.989 0 0 0 
166000 100 62.63 0 10 962.6 0 9.98893 1 56068.7 46.4632 0 0 0 
167000 100 67.66 0 10 972.13 0 9.98899 1 56308.7 46.6721 0 0 0 
168000 100 75 0 10 982.58 0 9.98906 1 53918.1 44.5783 0 0 0 
169000 100 80 0 10 994 0 9.98912 1 49017 40.6188 0 0 0 
170000 100 85.44 0 10 1004.04 0 9.98919 1 52077.1 43.2356 0 0 0 
171000 100 86.1 0 10 1014.75 0 9.98925 1 49187.5 41.0429 0 0 0 
172000 100 98.53 0 10 1025.9 0 9.98931 1 49102.8 41.0086 0 0 0 
173000 100 85.9 0 10 1035.88 0 9.98938 1 45073.6 37.6669 0 0 0 
174000 100 91.87 0 10 1050.65 0 9.98944 1 49578.4 41.125 0 0 0 
175000 100 79.84 0 10 1063.43 0 9.9895 1 43509.9 36.1033 0 0 0 
176000 100 78.13 0 10 1072.11 0 9.98956 1 48815.8 40.5202 0 0 0 
177000 100 71.57 0 10 1076.07 0 9.98962 1 50254.2 41.6881 0 0 0 
178000 100 67.86 0 10 1099.62 0 9.98967 1 47106.6 39.2137 0 0 0 
179000 100 90.72 0 10 1115.05 0 9.98973 1 45102.8 37.4443 0 0 0 
180000 100 77.01 0 10 1129.33 0 9.98979 1 41800.9 34.7104 0 0 0 
181000 100 75.64 0 10 1142.29 0 9.98984 1 43580.4 36.0261 0 0 0 
182000 100 71.24 0 10 1175.39 0 9.9899 1 42352.8 35.0337 0 0 0 
183000 100 69.45 0 10 1189.59 0 9.98996 1 44539.2 36.6022 0 0 0 
184000 100 65.56 0 10 1201.84 0 9.99001 1 47150.9 38.6735 0 0 0 
185000 100 75.01 0 10 1214.96 0 9.99006 1 40957.7 33.3658 0 0 0 
186000 100 77.58 0 10 1243.2 0 9.99012 1 42012.7 33.984 0 0 0 
187000 100 78.52 0 10 1266.46 0 9.99017 1 35999.6 29.0384 0 0 0 
188000 100 82.91 0 10 1293.6 0 9.99022 1 40188.2 32.2738 0 0 0 
189000 100 80.84 0 10 1315.08 0 9.99027 1 39574.5 31.7173 0 0 0 
190000 100 85.11 0 10 1336.65 0 9.99033 1 40470.4 32.4195 0 0 0 
191000 100 85.88 0 10 1362.75 0 9.99038 1 42747.3 34.1381 0 0 0 
192000 100 69.43 0 10 1398.2 0 9.99043 1 45687.9 36.2023 0 0 0 
193000 100 80.43 0 10 1459.81 0 9.99048 1 30086.1 23.885 0 0 0 
194000 100 76.33 0 10 1533.16 0 9.99053 1 34076.2 27.1767 0 0 0 
195000 100 76.98 0 10 1539.19 0 9.99057 1 31896.3 25.517 0 0 0 
196000 100 87.74 0 10 1591.25 0 9.99062 1 26607.5 21.3824 0 0 0 
197000 100 78.97 0 10 1639.6 0 9.99067 1 48007.1 38.4749 0 0 0 
198000 100 76.39 0 10 1661.64 0 9.99072 1 35326.1 28.3563 0 0 0 
199000 100 73 0 10 1681.32 0 9.99076 1 44255 35.4977 0 0 0 
200000 100 71.35 0 10 1699.86 0 9.99081 1 39598.4 31.7023 0 0 0 
201000 100 72.16 0 10 1713.68 0 9.99086 1 43245.5 34.775 0 0 0 
202000 100 90.22 0 10 1748.56 0 9.9909 1 41087.9 33.1089 0 0 0 
203000 100 85.76 0 10 1831.35 0 9.99095 1 38475.4 31.2403 0 0 0 
204000 100 71.91 0 10 1907.12 0 9.99099 1 30341.7 24.7041 0 0 0 
205000 100 78.73 0 10 1946.45 0 9.99103 1 33214.9 26.8002 0 0 0 
206000 100 62.63 0 10 1988.21 0 9.99108 1 34776.1 28.1011 0 0 0 
207000 100 74.58 0 10 2029.18 0 9.99112 1 38521.1 31.1104 0 0 0 
208000 100 65.48 0 10 2106.83 0 9.99116 1 33215.9 26.6789 0 0 0 
209000 100 62.72 0 10 2127.55 0 9.99121 1 38391 30.633 0 0 0 
210000 100 67.47 0 10 2171.15 0 9.99125 1 31319.5 24.8672 0 0 0 
211000 100 65.1 0 10 2215.32 0 9.99129 1 38214.3 30.5203 0 0 0 
212000 100 81.56 0 10 2217.76 0 9.99133 1 37242.6 29.6407 0 0 0 
213000 100 74.75 0 10 2271.15 0 9.99137 1 32487.2 25.9585 0 0 0 
214000 100 73.93 0 10 2322.65 0 9.99141 1 29271.8 23.5908 0 0 0 
215000 100 70.99 0 10 2401.51 0 9.99145 1 36788.8 29.704 0 0 0 
216000 100 70.31 0 10 2459.52 0 9.99149 1 40888.7 33.2112 0 0 0 
217000 100 82.96 0 10 2498.87 0 9.99153 1 41068.2 33.3987 0 0 0 
218000 100 77.7 0 10 2518.53 0 9.99157 1 40887.2 33.1566 0 0 0 
219000 100 63.11 0 10 2587.44 0 9.99161 1 37353.5 30.2584 0 0 0 
220000 100 83.54 0 10 2630.14 0 9.99165 1 37084.2 30.0903 0 0 0 
221000 100 86.02 0 10 2650.82 0 9.99168 1 29724.5 24.3045 0 0 0 
222000 100 74.64 0 10 2679.42 0 9.99172 1 36082 29.484 0 0 0 
223000 100 80.9 0 10 2790.76 0 9.99176 1 40068.8 32.8535 0 0 0 
224000 100 75.8 0 10 2853.53 0 9.99179 1 27827.3 22.8356 0 0 0 
225000 100 73.45 0 10 2916.13 0 9.99183 1 28730 23.5356 0 0 0 
226000 100 71.05 0 10 2954.16 0 9.99187 1 41838.2 34.0747 0 0 0 
227000 100 80.06 0 10 2984.24 0 9.9919 1 26809.9 21.9875 0 0 0 
228000 100 77.61 0 10 3013.43 0 9.99194 1 31114.2 25.336 0 0 0 
229000 100 66.88 0 10 3048.03 0 9.99197 1 21062.8 17.0728 0 0 0 
230000 100 73.81 0 10 3119.36 0 9.99201 1 31523.8 25.5484 0 0 0 
231000 100 69.24 0 10 3139.14 0 9.99204 1 31418.5 25.4886 0 0 0 
232000 100 78.54 0 10 3159.44 0 9.99208 1 34960 28.3183 0 0 0 
233000 100 67.96 0 10 3178.74 0 9.99211 1 34222.7 27.6264 0 0 0 
234000 100 83.15 0 10 3224.91 0 9.99214 1 29873.6 24.0789 0 0 0 
235000 100 70.64 0 10 3257.2 0 9.99218 1 35620 28.7983 0 0 0 
236000 100 85.88 0 10 3308.46 0 9.99221 1 31032.6 25.1768 0 0 0 
237000 100 90.2 0 10 3330.73 0 9.99224 1 37619.8 30.2108 0 0 0 
238000 100 81.07 0 10 3376.54 0 9.99228 1 33849.9 27.2723 0 0 0 
239000 100 71.66 0 10 3421.27 0 9.99231 1 29554.3 23.7143 0 0 0 
240000 100 67.88 0 10 3510.03 0 9.99234 1 29758.4 24.0157 0 0 0 
241000 100 85.35 0 10 3561.99 0 9.99237 1 29145.1 23.7346 0 0 0 
242000 100 73.16 0 10 3613.79 0 9.9924 1 26530.6 21.5016 0 0 0 
243000 100 73.27 0 10 3671.57 0 9.99244 1 26026.8 21.1543 0 0 0 
244000 100 73.09 0 10 3719.43 0 9.99247 1 26167.3 21.2938 0 0 0 
245000 100 69.44 0 10 3831.51 0 9.9925 1 25803.3 20.9038 0 0 0 
246000 100 72.91 0 10 3886.46 0 9.99253 1 21480.2 17.3502 0 0 0 
247000 100 72.5 0 10 3970.53 0 9.99256 1 27875.4 22.4876 0 0 0 
248000 100 76.51 0 10 4017.9 0 9.99259 1 29838.1 24.0912 0 0 0 
249000 100 63.85 0 10 4055.8 0 9.99262 1 28707.7 23.2802 0 0 0 
250000 100 74.92 0 10 4085.02 0 9.99265 1 29931.8 24.524 0 0 0 