# Avida Average Deme Data
# Wed Apr 16 22:29:49 2014
#  1: Update
#  2: Count
#  3: Age
#  4: Births
#  5: Organisms
#  6: Generation
#  7: Births (at last replication)
#  8: Organisms (at last replication)
#  9: Merit
# 10: Gestation Time
# 11: Time Used (normalized by org fitness)
# 12: Generations between current and last founders
# 13: Events killed
# 14: Attempts to kill event

0 100 0 0 1 0 0 0 1 0 0 0 0 0 
1000 100 28.5 0 10 6.11 0 8.18981 1 57225.7 49.3125 0 0 0 
2000 100 48.23 0 10 13.02 0 9.09445 1 53225.1 45.8425 0 0 0 
3000 100 64.23 0 10 19.61 0 9.3962 1 54275.4 46.7446 0 0 0 
4000 100 87.18 0 10 26.48 0 9.54711 1 56151.9 48.2698 0 0 0 
5000 100 76.75 0 10 33.66 0 9.63767 1 53067.5 45.6022 0 0 0 
6000 100 90.48 0 10 42.56 0 9.69805 1 53240.2 45.7372 0 0 0 
7000 100 97.34 0 10 47.99 0 9.74118 1 55892.9 48.0165 0 0 0 
8000 100 92.1 0 10 54.28 0 9.77353 1 58287.6 49.973 0 0 0 
9000 100 85.27 0 10 60.67 0 9.79869 1 56900.1 48.7488 0 0 0 
10000 100 98.82 0 10 66.13 0 9.81882 1 55085.9 47.3241 0 0 0 
11000 100 93.33 0 10 73.56 0 9.83529 1 54068.5 46.4726 0 0 0 
12000 100 90.45 0 10 79.8 0 9.84901 1 56669.5 48.6082 0 0 0 
13000 100 86.57 0 10 84.38 0 9.86063 1 58029.6 49.8984 0 0 0 
14000 100 83.39 0 10 91.06 0 9.87058 1 54917.4 47.5619 0 0 0 
15000 100 90.62 0 10 96.61 0 9.87921 1 57127.8 49.9779 0 0 0 
16000 100 85.17 0 10 102.87 0 9.88676 1 54908.3 48.1664 0 0 0 
17000 100 79.56 0 10 107.48 0 9.89342 1 59241.9 51.6987 0 0 0 
18000 100 87.35 0 10 112.78 0 9.89934 1 58710.2 51.2856 0 0 0 
19000 100 82.64 0 10 121.43 0 9.90464 1 55240.9 48.5023 0 0 0 
20000 100 77.32 0 10 128.56 0 9.9094 1 56162.4 49.3669 0 0 0 
21000 100 80.04 0 10 133.52 0 9.91372 1 57238.3 50.2992 0 0 0 
22000 100 84.64 0 10 139.95 0 9.91764 1 58141.4 50.9419 0 0 0 
23000 100 70.82 0 10 145.47 0 9.92122 1 58448.3 51.145 0 0 0 
24000 100 65.08 0 10 152.16 0 9.9245 1 59467.1 51.9598 0 0 0 
25000 100 68.1 0 10 158.4 0 9.92752 1 56732.8 49.9946 0 0 0 
26000 100 60.21 0 10 165.17 0 9.93031 1 55247.7 48.4361 0 0 0 
27000 100 70.73 0 10 169.67 0 9.93289 1 57649.5 50.7798 0 0 0 
28000 100 58.14 0 10 176.01 0 9.93529 1 55789.3 49.3221 0 0 0 
29000 100 73.96 0 10 181.93 0 9.93752 1 54750.5 48.5831 0 0 0 
30000 100 68.43 0 10 187.13 0 9.9396 1 56317.4 50.0257 0 0 0 
31000 100 65.14 0 10 191.51 0 9.94155 1 57512 51.1398 0 0 0 
32000 100 57.6 0 10 196.35 0 9.94338 1 55420.8 48.9835 0 0 0 
33000 100 64.59 0 10 201.67 0 9.94509 1 56442.9 49.8256 0 0 0 
34000 100 61.31 0 10 207.67 0 9.94671 1 56569.6 49.755 0 0 0 
35000 100 57.18 0 10 213.86 0 9.94823 1 54759.9 48.1893 0 0 0 
36000 100 65.81 0 10 221.63 0 9.94967 1 55284.9 49.0151 0 0 0 
37000 100 58.85 0 10 227.29 0 9.95103 1 56533.8 50.2193 0 0 0 
38000 100 61.77 0 10 231.8 0 9.95232 1 56915.3 50.3419 0 0 0 
39000 100 48.25 0 10 237.21 0 9.95354 1 56297.7 49.7162 0 0 0 
40000 100 37.27 0 10 245 0 9.9547 1 56521.8 49.7761 0 0 0 
41000 100 56.07 0 10 256.04 0 9.95581 1 57712 51.0555 0 0 0 
42000 100 59.38 0 10 263.28 0 9.95686 1 57914.3 51.3425 0 0 0 
43000 100 54.2 0 10 263.7 0 9.95786 1 57301.4 50.847 0 0 0 
44000 100 70.31 0 10 277.83 0 9.95882 1 55418.6 49.003 0 0 0 
45000 100 83.05 0 10 287.43 0 9.95973 1 56283.6 49.6876 0 0 0 
46000 100 86.9 0 10 294.67 0 9.96061 1 56299.2 49.7655 0 0 0 
47000 100 80.06 0 10 301.28 0 9.96145 1 53058.3 46.6891 0 0 0 
48000 100 72.14 0 10 306.57 0 9.96225 1 55381.4 48.4757 0 0 0 
49000 100 88.58 0 10 314.81 0 9.96302 1 54206.8 47.299 0 0 0 
50000 100 102.46 0 10 322.54 0 9.96376 1 56388.9 49.21 0 0 0 
51000 100 98.24 0 10 330.7 0 9.96447 1 52947.8 45.991 0 0 0 
52000 100 108.23 0 10 337.84 0 9.96515 1 58226.9 50.4691 0 0 0 
53000 100 101.95 0 10 344.61 0 9.96581 1 56855.5 49.3559 0 0 0 
54000 100 82.98 0 10 352.37 0 9.96645 1 53598.7 46.4299 0 0 0 
55000 100 79.51 0 10 361.67 0 9.96706 1 53168.6 45.6766 0 0 0 
56000 100 83.66 0 10 365.54 0 9.96764 1 55383.9 47.701 0 0 0 
57000 100 76.8 0 10 374.96 0 9.96821 1 52480.4 45.1942 0 0 0 
58000 100 83.99 0 10 382.75 0 9.96876 1 54148 46.5775 0 0 0 
59000 100 83.61 0 10 389.87 0 9.96929 1 59727 51.4735 0 0 0 
60000 100 95.88 0 10 395.95 0 9.9698 1 57043.6 48.9506 0 0 0 
61000 100 93.96 0 10 401.75 0 9.9703 1 54804.4 46.9485 0 0 0 
62000 100 99.33 0 10 408.42 0 9.97077 1 54897.9 46.8654 0 0 0 
63000 100 84.03 0 10 419.42 0 9.97124 1 54466 46.3769 0 0 0 
64000 100 80 0 10 425.16 0 9.97169 1 52621.4 44.7543 0 0 0 
65000 100 78.88 0 10 434.41 0 9.97212 1 54099.4 46.1511 0 0 0 
66000 100 70.07 0 10 442.74 0 9.97255 1 57154.7 48.6677 0 0 0 
67000 100 83.06 0 10 447.48 0 9.97296 1 56786.4 48.9021 0 0 0 
68000 100 95.18 0 10 453.99 0 9.97335 1 57777.1 49.5677 0 0 0 
69000 100 70.94 0 10 457.58 0 9.97374 1 55343.6 47.8678 0 0 0 
70000 100 105 0 10 463.92 0 9.97411 1 58070.1 50.0168 0 0 0 
71000 100 103.07 0 10 468.62 0 9.97448 1 55416 47.7713 0 0 0 
72000 100 104.71 0 10 478.43 0 9.97483 1 56646 48.4296 0 0 0 
73000 100 87.21 0 10 482.91 0 9.97518 1 53043.4 46.2297 0 0 0 
74000 100 92.49 0 10 487.96 0 9.97551 1 53427 46.9537 0 0 0 
75000 100 89.13 0 10 495.39 0 9.97584 1 54226.4 47.5112 0 0 0 
76000 100 84.47 0 10 500.33 0 9.97616 1 52700.6 46.3484 0 0 0 
77000 100 85.22 0 10 508.1 0 9.97647 1 54996.8 48.4125 0 0 0 
78000 100 84.17 0 10 514.16 0 9.97677 1 58505.9 51.5323 0 0 0 
79000 100 83.43 0 10 521.51 0 9.97706 1 53992.4 47.7385 0 0 0 
80000 100 106.28 0 10 526.18 0 9.97735 1 55697.1 49.4475 0 0 0 
81000 100 94.53 0 10 536.1 0 9.97763 1 53533.7 47.3823 0 0 0 
82000 100 92.69 0 10 545.64 0 9.9779 1 55874.3 49.3595 0 0 0 
83000 100 91.12 0 10 550.26 0 9.97817 1 54277.6 48.0396 0 0 0 
84000 100 84.7 0 10 557.05 0 9.97843 1 58099.4 51.186 0 0 0 
85000 100 94.57 0 10 561.37 0 9.97868 1 52056.2 46.0587 0 0 0 
86000 100 87.61 0 10 567.96 0 9.97893 1 52875.7 46.6595 0 0 0 
87000 100 91.23 0 10 577.2 0 9.97917 1 54758.6 48.4159 0 0 0 
88000 100 101.21 0 10 591.09 0 9.97941 1 57892.3 50.8383 0 0 0 
89000 100 108.78 0 10 599.53 0 9.97964 1 53593.6 46.789 0 0 0 
90000 100 98.3 0 10 605.43 0 9.97987 1 55499.8 48.4699 0 0 0 
91000 100 97.66 0 10 616.92 0 9.98009 1 55402.6 48.3145 0 0 0 
92000 100 83.65 0 10 629.9 0 9.9803 1 54693.9 47.5538 0 0 0 
93000 100 86.5 0 10 634.08 0 9.98052 1 53201.7 46.0993 0 0 0 
94000 100 87.26 0 10 643.54 0 9.98072 1 52703.9 45.6503 0 0 0 
95000 100 78.84 0 10 654.83 0 9.98093 1 55338.4 47.8444 0 0 0 
96000 100 70.9 0 10 663.93 0 9.98113 1 53362.1 46.0259 0 0 0 
97000 100 72.16 0 10 671.42 0 9.98132 1 55157.7 47.5009 0 0 0 
98000 100 88.19 0 10 681.05 0 9.98151 1 53864.2 46.3896 0 0 0 
99000 100 99.83 0 10 686.66 0 9.9817 1 55327.2 47.5416 0 0 0 
100000 100 84.25 0 10 695.24 0 9.98188 1 51409.1 44.089 0 0 0 
101000 100 90.73 0 10 703.08 0 9.98206 1 53010.9 45.3226 0 0 0 
102000 100 77.45 0 10 710.54 0 9.98224 1 52814.4 44.8546 0 0 0 
103000 100 81.65 0 10 715.22 0 9.98241 1 51325 43.5683 0 0 0 
104000 100 86.44 0 10 724.61 0 9.98258 1 55352.5 46.9946 0 0 0 
105000 100 88.49 0 10 731.96 0 9.98274 1 53889.5 45.6518 0 0 0 
106000 100 88.41 0 10 738.17 0 9.98291 1 54309.9 46.0852 0 0 0 
107000 100 98.02 0 10 744.72 0 9.98307 1 57234.6 48.6554 0 0 0 
108000 100 85.95 0 10 753.61 0 9.98322 1 57372.6 48.7052 0 0 0 
109000 100 89.35 0 10 763.59 0 9.98338 1 54771.3 46.4758 0 0 0 
110000 100 94.85 0 10 769.38 0 9.98353 1 58638.8 49.6349 0 0 0 
111000 100 87.05 0 10 774.58 0 9.98368 1 57328 48.5746 0 0 0 
112000 100 88.8 0 10 783.28 0 9.98382 1 54263.1 46.0053 0 0 0 
113000 100 101.66 0 10 787.41 0 9.98396 1 59317.8 50.2568 0 0 0 
114000 100 86.34 0 10 796.6 0 9.98411 1 54704.8 45.9205 0 0 0 
115000 100 79.73 0 10 804.62 0 9.98424 1 58260.8 48.7903 0 0 0 
116000 100 67.22 0 10 815.83 0 9.98438 1 55558.7 46.5013 0 0 0 
117000 100 67.25 0 10 822.41 0 9.98451 1 55490.4 46.5673 0 0 0 
118000 100 75.26 0 10 836.01 0 9.98464 1 57173.4 48.0333 0 0 0 
119000 100 79.71 0 10 848.7 0 9.98477 1 56702.4 47.5213 0 0 0 
120000 100 90.53 0 10 867.76 0 9.9849 1 55333.7 46.082 0 0 0 
121000 100 90 0 10 870.39 0 9.98502 1 57314.4 47.7425 0 0 0 
122000 100 75.48 0 10 882.95 0 9.98515 1 53562.3 44.3853 0 0 0 
123000 100 70.3 0 10 894.73 0 9.98527 1 54044.5 44.8685 0 0 0 
124000 100 71.48 0 10 903.7 0 9.98539 1 57268.7 47.6178 0 0 0 
125000 100 75.64 0 10 912.32 0 9.9855 1 50074.2 41.5692 0 0 0 
126000 100 69.92 0 10 926.3 0 9.98562 1 54855.4 45.6672 0 0 0 
127000 100 93.69 0 10 935.52 0 9.98573 1 52307.7 43.4092 0 0 0 
128000 100 92.06 0 10 936.87 0 9.98584 1 53374.6 44.3488 0 0 0 
129000 100 86.72 0 10 945.09 0 9.98595 1 50576.5 41.9809 0 0 0 
130000 100 98.22 0 10 952.67 0 9.98606 1 52546.9 43.7508 0 0 0 
131000 100 83.13 0 10 955.76 0 9.98617 1 54494.4 45.4205 0 0 0 
132000 100 99.23 0 10 958.31 0 9.98627 1 54740.8 45.6227 0 0 0 
133000 100 100.12 0 10 957.61 0 9.98638 1 57034.4 47.6156 0 0 0 
134000 100 96.84 0 10 962.92 0 9.98648 1 50996 42.3856 0 0 0 
135000 100 84.9 0 10 976.55 0 9.98658 1 52152.8 43.2834 0 0 0 
136000 100 91.73 0 10 983.66 0 9.98668 1 58041.3 48.1813 0 0 0 
137000 100 97.93 0 10 994.2 0 9.98677 1 56934.4 47.1709 0 0 0 
138000 100 91.59 0 10 1004.57 0 9.98687 1 53624.2 44.2079 0 0 0 
139000 100 99.4 0 10 1012.06 0 9.98696 1 53454.9 44.2434 0 0 0 
140000 100 93.69 0 10 1019.56 0 9.98706 1 52163.3 43.2294 0 0 0 
141000 100 103 0 10 1027.46 0 9.98715 1 56776.9 47.1257 0 0 0 
142000 100 85.27 0 10 1035.22 0 9.98724 1 50656.3 41.9555 0 0 0 
143000 100 98.38 0 10 1044.59 0 9.98733 1 54890.7 45.3171 0 0 0 
144000 100 86.91 0 10 1051.23 0 9.98742 1 54031.6 44.5824 0 0 0 
145000 100 93.71 0 10 1059.72 0 9.9875 1 54762.3 45.0183 0 0 0 
146000 100 87.35 0 10 1066.35 0 9.98759 1 51177.2 42.0225 0 0 0 
147000 100 76.17 0 10 1077.82 0 9.98767 1 50214.3 41.4231 0 0 0 
148000 100 92.58 0 10 1090.16 0 9.98776 1 50813 41.7553 0 0 0 
149000 100 74.99 0 10 1097.45 0 9.98784 1 54778.4 45.152 0 0 0 
150000 100 83.67 0 10 1108.33 0 9.98792 1 53271.8 44.0522 0 0 0 
151000 100 81.18 0 10 1126.69 0 9.988 1 55736.5 46.2215 0 0 0 
152000 100 83.1 0 10 1136.86 0 9.98808 1 57720.9 47.7854 0 0 0 
153000 100 78.76 0 10 1144.48 0 9.98816 1 55334.1 45.8629 0 0 0 
154000 100 91.31 0 10 1157.29 0 9.98823 1 57233.3 47.4202 0 0 0 
155000 100 96.31 0 10 1164.46 0 9.98831 1 58462.4 48.4579 0 0 0 
156000 100 99.11 0 10 1168.23 0 9.98838 1 56353.1 46.6721 0 0 0 
157000 100 93.27 0 10 1172.8 0 9.98846 1 56328.7 46.7206 0 0 0 
158000 100 110.8 0 10 1177.43 0 9.98853 1 54684.5 45.3578 0 0 0 
159000 100 98.42 0 10 1184.08 0 9.9886 1 55270.3 45.9345 0 0 0 
160000 100 85.38 0 10 1188.34 0 9.98868 1 56660.3 46.9867 0 0 0 
161000 100 85.79 0 10 1195.14 0 9.98875 1 55122.8 45.7309 0 0 0 
162000 100 96.91 0 10 1204.91 0 9.98881 1 54798.6 45.3049 0 0 0 
163000 100 92.08 0 10 1212.87 0 9.98888 1 52858.9 43.6814 0 0 0 
164000 100 84.47 0 10 1218.81 0 9.98895 1 56518.1 46.6812 0 0 0 
165000 100 83.91 0 10 1230.69 0 9.98902 1 55560.8 45.9779 0 0 0 
166000 100 75.71 0 10 1248.68 0 9.98908 1 50994.1 42.1066 0 0 0 
167000 100 77.63 0 10 1259 0 9.98915 1 54322.4 44.7268 0 0 0 
168000 100 101.46 0 10 1265.98 0 9.98921 1 55255.7 45.3095 0 0 0 
169000 100 87.49 0 10 1276.31 0 9.98928 1 49895.8 40.9212 0 0 0 
170000 100 100.91 0 10 1291.02 0 9.98934 1 50920 41.9273 0 0 0 
171000 100 81.28 0 10 1300.24 0 9.9894 1 50477.7 41.4385 0 0 0 
172000 100 91.44 0 10 1302.52 0 9.98947 1 53545.5 44.1082 0 0 0 
173000 100 88.74 0 10 1309.06 0 9.98953 1 56620.7 46.6982 0 0 0 
174000 100 113.4 0 10 1315.19 0 9.98959 1 52617.8 43.5832 0 0 0 
175000 100 98.79 0 10 1321.11 0 9.98965 1 56979 46.8867 0 0 0 
176000 100 80.67 0 10 1322.04 0 9.9897 1 55791.1 45.9284 0 0 0 
177000 100 76.23 0 10 1315.09 0 9.98976 1 54697.1 44.7891 0 0 0 
178000 100 73.55 0 10 1319.91 0 9.98982 1 55785.6 45.5923 0 0 0 
179000 100 68.46 0 10 1330.73 0 9.98988 1 51792.2 42.2526 0 0 0 
180000 100 81.45 0 10 1337.02 0 9.98993 1 54992.8 44.807 0 0 0 
181000 100 74.33 0 10 1346.57 0 9.98999 1 54730 44.6798 0 0 0 
182000 100 86.14 0 10 1352.57 0 9.99004 1 52720.7 43.0923 0 0 0 
183000 100 72.56 0 10 1365.15 0 9.9901 1 53927.2 44.0336 0 0 0 
184000 100 82.34 0 10 1373.43 0 9.99015 1 57517.4 47.1926 0 0 0 
185000 100 73.99 0 10 1389.2 0 9.99021 1 51944.3 42.6577 0 0 0 
186000 100 82.55 0 10 1400.57 0 9.99026 1 55586.4 45.8003 0 0 0 
187000 100 74.6 0 10 1397.94 0 9.99031 1 53339.8 43.8326 0 0 0 
188000 100 80.04 0 10 1426.12 0 9.99036 1 50708.4 41.8719 0 0 0 
189000 100 79.17 0 10 1444.82 0 9.99041 1 55367.7 45.7096 0 0 0 
190000 100 74.6 0 10 1453.83 0 9.99046 1 54457.4 45.0303 0 0 0 
191000 100 66.07 0 10 1456.05 0 9.99051 1 55201 45.6079 0 0 0 
192000 100 70.6 0 10 1466.96 0 9.99056 1 55218.3 45.4752 0 0 0 
193000 100 82.02 0 10 1473.51 0 9.99061 1 53243.7 43.8621 0 0 0 
194000 100 65.36 0 10 1477.94 0 9.99066 1 54010.3 44.568 0 0 0 
195000 100 70.21 0 10 1488.11 0 9.99071 1 51731.1 42.6988 0 0 0 
196000 100 79.87 0 10 1500.23 0 9.99076 1 51264.1 42.2573 0 0 0 
197000 100 78.22 0 10 1513.33 0 9.9908 1 53367.7 44.0104 0 0 0 
198000 100 77.41 0 10 1530.75 0 9.99085 1 51935.8 42.7072 0 0 0 
199000 100 71.16 0 10 1539.35 0 9.99089 1 53697.5 44.0956 0 0 0 
200000 100 55.51 0 10 1541.33 0 9.99094 1 53342 43.8746 0 0 0 
201000 100 56.09 0 10 1548.77 0 9.99099 1 54655.6 44.9247 0 0 0 
202000 100 81.06 0 10 1559.44 0 9.99103 1 56699.2 46.7056 0 0 0 
203000 100 86.37 0 10 1570.48 0 9.99107 1 51158.6 42.1581 0 0 0 
204000 100 75.97 0 10 1582 0 9.99112 1 48998.4 40.1879 0 0 0 
205000 100 78.6 0 10 1588.83 0 9.99116 1 53919.5 44.0163 0 0 0 
206000 100 70.19 0 10 1595.46 0 9.9912 1 51155.4 41.7813 0 0 0 
207000 100 77.81 0 10 1604.21 0 9.99125 1 50935.7 41.6884 0 0 0 
208000 100 87.36 0 10 1609.64 0 9.99129 1 51386.8 41.9878 0 0 0 
209000 100 84.74 0 10 1616.64 0 9.99133 1 54977.4 44.8769 0 0 0 
210000 100 80.43 0 10 1623.38 0 9.99137 1 55752.3 45.4782 0 0 0 
211000 100 93.1 0 10 1631.49 0 9.99141 1 52299.1 42.701 0 0 0 
212000 100 93.01 0 10 1639.46 0 9.99145 1 49165.9 40.0566 0 0 0 
213000 100 95.14 0 10 1642.29 0 9.99149 1 53288 43.5345 0 0 0 
214000 100 81.88 0 10 1652.31 0 9.99153 1 55982.1 45.5851 0 0 0 
215000 100 76.02 0 10 1661.18 0 9.99157 1 52228.8 42.3806 0 0 0 
216000 100 76.99 0 10 1666.42 0 9.99161 1 52726.7 42.7717 0 0 0 
217000 100 84.47 0 10 1680.73 0 9.99165 1 49532.1 40.1149 0 0 0 
218000 100 78.68 0 10 1690.36 0 9.99169 1 52723.9 42.7544 0 0 0 
219000 100 79.76 0 10 1697.76 0 9.99173 1 51643.4 41.8782 0 0 0 
220000 100 84.58 0 10 1710.85 0 9.99176 1 49933.3 40.3836 0 0 0 
221000 100 76.79 0 10 1726.09 0 9.9918 1 53723.8 43.4369 0 0 0 
222000 100 73.04 0 10 1738.33 0 9.99184 1 53668 43.2354 0 0 0 
223000 100 75.36 0 10 1753.67 0 9.99187 1 54380.8 43.7512 0 0 0 
224000 100 85.35 0 10 1772.15 0 9.99191 1 52283.7 42.1424 0 0 0 
225000 100 82.03 0 10 1781.22 0 9.99195 1 52884 42.6104 0 0 0 
226000 100 67.95 0 10 1781.2 0 9.99198 1 52517.2 42.5383 0 0 0 
227000 100 83.48 0 10 1788.19 0 9.99202 1 51492.2 41.7619 0 0 0 
228000 100 103.56 0 10 1788.53 0 9.99205 1 52356.4 42.5265 0 0 0 
229000 100 97.14 0 10 1808.02 0 9.99209 1 54800.9 44.3504 0 0 0 
230000 100 84.43 0 10 1817.53 0 9.99212 1 51647 41.7709 0 0 0 
231000 100 91.64 0 10 1825.64 0 9.99216 1 53415.4 43.3128 0 0 0 
232000 100 82.08 0 10 1833.91 0 9.99219 1 53944 43.7548 0 0 0 
233000 100 74.54 0 10 1856.66 0 9.99222 1 51714.6 41.9866 0 0 0 
234000 100 77.11 0 10 1869.2 0 9.99226 1 52811.3 43.0023 0 0 0 
235000 100 86.53 0 10 1876.17 0 9.99229 1 53165.2 43.2866 0 0 0 
236000 100 84.31 0 10 1884.92 0 9.99232 1 53197.5 43.2664 0 0 0 
237000 100 95.12 0 10 1894.24 0 9.99235 1 52068.5 42.1927 0 0 0 
238000 100 95.83 0 10 1905.9 0 9.99239 1 52377 42.2197 0 0 0 
239000 100 84.46 0 10 1916.57 0 9.99242 1 50875 40.9546 0 0 0 
240000 100 110.11 0 10 1923.88 0 9.99245 1 51383.7 41.4769 0 0 0 
241000 100 107.51 0 10 1930.36 0 9.99248 1 55032 44.223 0 0 0 
242000 100 86.88 0 10 1941.68 0 9.99251 1 53254 42.7404 0 0 0 
243000 100 88.97 0 10 1944 0 9.99254 1 52264.2 41.8909 0 0 0 
244000 100 92.4 0 10 1951.41 0 9.99257 1 54126.4 43.5061 0 0 0 
245000 100 108.43 0 10 1965.95 0 9.9926 1 51625.5 41.3028 0 0 0 
246000 100 109.33 0 10 1969.66 0 9.99263 1 53782 43.0397 0 0 0 
247000 100 83.99 0 10 1981.5 0 9.99266 1 52058 41.4427 0 0 0 
248000 100 86.45 0 10 1993.08 0 9.99269 1 48476.5 38.4562 0 0 0 
249000 100 86.1 0 10 2007.46 0 9.99272 1 51645.4 41.1133 0 0 0 
250000 100 83.16 0 10 2014.99 0 9.99275 1 56666.4 44.9933 0 0 0 