# Avida Average Deme Data
# Tue Apr 15 16:40:51 2014
#  1: Update
#  2: Count
#  3: Age
#  4: Births
#  5: Organisms
#  6: Generation
#  7: Births (at last replication)
#  8: Organisms (at last replication)
#  9: Merit
# 10: Gestation Time
# 11: Time Used (normalized by org fitness)
# 12: Generations between current and last founders
# 13: Events killed
# 14: Attempts to kill event

0 100 0 0 1 0 0 0 1 0 0 0 0 0 
1000 100 37.07 0 10 6.1 0 8.16374 1 53591.8 46.2222 0 0 0 
2000 100 49.55 0 10 12.48 0 9.08141 1 55139 47.5498 0 0 0 
3000 100 51.09 0 10 17.57 0 9.3875 1 53521.9 46.2692 0 0 0 
4000 100 68.92 0 10 24.3 0 9.54059 1 53764.3 46.555 0 0 0 
5000 100 65.8 0 10 30.3 0 9.63245 1 54842.7 47.5352 0 0 0 
6000 100 78.9 0 10 37.51 0 9.6937 1 55366.3 47.9526 0 0 0 
7000 100 88.39 0 10 47.27 0 9.73745 1 51172.9 44.4121 0 0 0 
8000 100 97.53 0 10 52.43 0 9.77027 1 53042.9 45.9752 0 0 0 
9000 100 89.68 0 10 59.34 0 9.79579 1 56538.3 49.0646 0 0 0 
10000 100 98.88 0 10 67.79 0 9.81621 1 52707.3 45.4116 0 0 0 
11000 100 78.76 0 10 72.97 0 9.83292 1 55998.5 48.3737 0 0 0 
12000 100 88.73 0 10 78.04 0 9.84684 1 55660 48.1939 0 0 0 
13000 100 84.51 0 10 86.23 0 9.85862 1 54954.9 47.6861 0 0 0 
14000 100 80.74 0 10 90.02 0 9.86872 1 54025.7 46.6862 0 0 0 
15000 100 82 0 10 96.25 0 9.87747 1 54301.6 46.9803 0 0 0 
16000 100 85.25 0 10 104.83 0 9.88513 1 56562.8 48.7714 0 0 0 
17000 100 90.08 0 10 110.93 0 9.89188 1 52713.5 45.4989 0 0 0 
18000 100 87.33 0 10 116.41 0 9.89789 1 57935.1 50.0976 0 0 0 
19000 100 93.95 0 10 127.1 0 9.90326 1 57777.6 49.7382 0 0 0 
20000 100 89.94 0 10 134.34 0 9.9081 1 55545.5 47.7044 0 0 0 
21000 100 107.38 0 10 142.87 0 9.91248 1 58853.4 50.6394 0 0 0 
22000 100 104.76 0 10 148.67 0 9.91645 1 56871.7 49.0416 0 0 0 
23000 100 98.85 0 10 153.39 0 9.92009 1 55859.4 48.3162 0 0 0 
24000 100 78.58 0 10 164.13 0 9.92342 1 59107.9 51.0338 0 0 0 
25000 100 77.71 0 10 171.56 0 9.92648 1 59921.6 51.8937 0 0 0 
26000 100 82.01 0 10 181.61 0 9.92931 1 56376.1 48.8043 0 0 0 
27000 100 83.27 0 10 187.78 0 9.93192 1 59966.7 51.8153 0 0 0 
28000 100 69.71 0 10 193.52 0 9.93436 1 56760.6 49.2185 0 0 0 
29000 100 71.79 0 10 197.09 0 9.93662 1 58773.6 50.9912 0 0 0 
30000 100 68.3 0 10 202.45 0 9.93873 1 60032.7 52.0623 0 0 0 
31000 100 68.52 0 10 208.8 0 9.94071 1 59455.1 51.7187 0 0 0 
32000 100 67.11 0 10 212.79 0 9.94256 1 59666.6 51.6697 0 0 0 
33000 100 66.22 0 10 217.68 0 9.9443 1 59551.6 51.4344 0 0 0 
34000 100 54.25 0 10 225.06 0 9.94594 1 58413.9 50.6887 0 0 0 
35000 100 52.8 0 10 229.36 0 9.94748 1 59884.1 51.8077 0 0 0 
36000 100 60.83 0 10 235.1 0 9.94894 1 60066.7 52.1863 0 0 0 
37000 100 49.68 0 10 238.79 0 9.95032 1 59743.1 51.6962 0 0 0 
38000 100 47.14 0 10 242.45 0 9.95163 1 60115.7 51.9135 0 0 0 
39000 100 75.82 0 10 250.93 0 9.95287 1 59575 51.8551 0 0 0 
40000 100 78.7 0 10 258.92 0 9.95405 1 59440.5 52.1128 0 0 0 
41000 100 51.53 0 10 260.42 0 9.95517 1 60156.2 52.5016 0 0 0 
42000 100 52.01 0 10 266.09 0 9.95624 1 59952.2 52.3182 0 0 0 
43000 100 56.04 0 10 271.59 0 9.95725 1 59307.8 51.8144 0 0 0 
44000 100 58.38 0 10 276.35 0 9.95823 1 59991.1 51.878 0 0 0 
45000 100 61.15 0 10 283.15 0 9.95915 1 60030.4 51.8666 0 0 0 
46000 100 62.83 0 10 286.95 0 9.96004 1 60164.6 51.9831 0 0 0 
47000 100 72.02 0 10 292.55 0 9.96089 1 60194.4 52.2243 0 0 0 
48000 100 67.28 0 10 297.24 0 9.96171 1 60143.4 51.9057 0 0 0 
49000 100 74.13 0 10 303.22 0 9.96249 1 60076.1 51.861 0 0 0 
50000 100 73.4 0 10 307.58 0 9.96324 1 59812.9 51.5183 0 0 0 
51000 100 73.5 0 10 312.62 0 9.96396 1 59980.6 51.7127 0 0 0 
52000 100 64.07 0 10 317.61 0 9.96465 1 59831.9 51.7354 0 0 0 
53000 100 63.96 0 10 322.3 0 9.96532 1 59944.3 51.9181 0 0 0 
54000 100 76.3 0 10 328.47 0 9.96596 1 59566.9 51.3552 0 0 0 
55000 100 60.97 0 10 332.52 0 9.96658 1 59857.7 51.784 0 0 0 
56000 100 63.72 0 10 336.66 0 9.96718 1 59152.1 50.8914 0 0 0 
57000 100 59.77 0 10 341.2 0 9.96775 1 59307.1 51.2161 0 0 0 
58000 100 71.44 0 10 346.48 0 9.96831 1 59898.5 51.6723 0 0 0 
59000 100 53.43 0 10 351.36 0 9.96885 1 58795.9 51.0539 0 0 0 
60000 100 57.41 0 10 355.68 0 9.96937 1 59945.2 51.8768 0 0 0 
61000 100 67.86 0 10 361.19 0 9.96987 1 59127.7 50.9533 0 0 0 
62000 100 62.29 0 10 366.41 0 9.97035 1 59278.4 51.1141 0 0 0 
63000 100 78.06 0 10 371.66 0 9.97082 1 59907.8 51.4353 0 0 0 
64000 100 66.45 0 10 376.29 0 9.97128 1 59617.2 51.519 0 0 0 
65000 100 69.84 0 10 382 0 9.97172 1 59098.1 50.8829 0 0 0 
66000 100 75.79 0 10 388.05 0 9.97215 1 59771 51.2858 0 0 0 
67000 100 56.83 0 10 392.49 0 9.97257 1 58898.8 50.9854 0 0 0 
68000 100 50.26 0 10 397.25 0 9.97297 1 59535.8 51.7262 0 0 0 
69000 100 64.92 0 10 402.73 0 9.97336 1 59985.7 51.9486 0 0 0 
70000 100 48.34 0 10 408.78 0 9.97374 1 59796 51.7365 0 0 0 
71000 100 57.34 0 10 415.04 0 9.97411 1 59968.8 51.6172 0 0 0 
72000 100 49.32 0 10 421.54 0 9.97447 1 60049.9 51.4953 0 0 0 
73000 100 61.72 0 10 428.16 0 9.97482 1 60020.4 51.0808 0 0 0 
74000 100 43.45 0 10 432.54 0 9.97516 1 59819.9 51.0841 0 0 0 
75000 100 40.95 0 10 436.8 0 9.97549 1 59865.2 51.1447 0 0 0 
76000 100 33.15 0 10 440.33 0 9.97581 1 59950.4 51.4247 0 0 0 
77000 100 35 0 10 443.93 0 9.97613 1 59836.4 51.428 0 0 0 
78000 100 30 0 10 448.91 0 9.97643 1 59965.1 51.472 0 0 0 
79000 100 28.01 0 10 454.22 0 9.97673 1 59832.9 51.5359 0 0 0 
80000 100 26.52 0 10 458.77 0 9.97702 1 59412.2 51.1082 0 0 0 
81000 100 22 0 10 462.36 0 9.97731 1 60053.4 51.8281 0 0 0 
82000 100 23.4 0 10 466.86 0 9.97758 1 59973.1 51.8938 0 0 0 
83000 100 26.4 0 10 472.1 0 9.97785 1 59934.4 51.8553 0 0 0 
84000 100 28.2 0 10 477.13 0 9.97812 1 59857.3 51.757 0 0 0 
85000 100 24.2 0 10 482.19 0 9.97838 1 59974.6 51.9525 0 0 0 
86000 100 24.5 0 10 487.14 0 9.97863 1 59973.7 51.9251 0 0 0 
87000 100 32.25 0 10 493.06 0 9.97887 1 60070.9 51.8474 0 0 0 
88000 100 20.8 0 10 496.04 0 9.97911 1 59957.8 51.8578 0 0 0 
89000 100 21 0 10 501.26 0 9.97935 1 60077.5 51.7995 0 0 0 
90000 100 21.98 0 10 505.08 0 9.97958 1 58975.1 50.8798 0 0 0 
91000 100 21.66 0 10 510.03 0 9.9798 1 59971 51.7971 0 0 0 
92000 100 20.12 0 10 515.02 0 9.98002 1 59990.2 51.8587 0 0 0 
93000 100 18 0 10 520 0 9.98024 1 59983.3 51.9559 0 0 0 
94000 100 18 0 10 525 0 9.98045 1 60003.9 52.0236 0 0 0 
95000 100 18 0 10 530 0 9.98065 1 60000.4 51.8585 0 0 0 
96000 100 18 0 10 535 0 9.98085 1 59944.8 51.9275 0 0 0 
97000 100 18 0 10 540 0 9.98105 1 60047.4 51.958 0 0 0 
98000 100 18 0 10 545 0 9.98124 1 60027.1 51.9219 0 0 0 
99000 100 18 0 10 550 0 9.98143 1 59927.8 51.948 0 0 0 
100000 100 18 0 10 555 0 9.98162 1 60073.9 52.003 0 0 0 
101000 100 18 0 10 560 0 9.9818 1 60094 52.0751 0 0 0 
102000 100 18 0 10 565 0 9.98198 1 59987.3 51.5489 0 0 0 
103000 100 18 0 10 570 0 9.98215 1 60005.6 51.2605 0 0 0 
104000 100 18 0 10 575 0 9.98233 1 59861.6 51.6407 0 0 0 
105000 100 18 0 10 580 0 9.98249 1 60136.8 51.7749 0 0 0 
106000 100 18 0 10 585 0 9.98266 1 59876.9 51.8956 0 0 0 
107000 100 18 0 10 590 0 9.98282 1 59921.1 52.4241 0 0 0 
108000 100 18 0 10 595 0 9.98298 1 59978.7 52.5162 0 0 0 
109000 100 18 0 10 600 0 9.98314 1 60028.5 52.7819 0 0 0 
110000 100 18 0 10 605 0 9.98329 1 59809.5 52.985 0 0 0 
111000 100 18 0 10 610 0 9.98344 1 60207.4 53.1628 0 0 0 
112000 100 18 0 10 615 0 9.98359 1 60046.5 52.793 0 0 0 
113000 100 18 0 10 620 0 9.98373 1 59900.9 52.6319 0 0 0 
114000 100 18.2 0 10 625 0 9.98388 1 60027.1 52.6322 0 0 0 
115000 100 18 0 10 630 0 9.98402 1 59949.2 52.5585 0 0 0 
116000 100 18 0 10 635 0 9.98415 1 59870.2 52.3842 0 0 0 
117000 100 18 0 10 640 0 9.98429 1 60145.3 52.51 0 0 0 
118000 100 18 0 10 645 0 9.98442 1 59944 52.4582 0 0 0 
119000 100 18 0 10 650 0 9.98455 1 60038 52.3839 0 0 0 
120000 100 18 0 10 655 0 9.98468 1 60069.2 52.8453 0 0 0 
121000 100 18 0 10 660 0 9.98481 1 60133.1 52.4672 0 0 0 
122000 100 18 0 10 665 0 9.98493 1 60232.2 52.2846 0 0 0 
123000 100 18 0 10 670 0 9.98506 1 59986.1 52.3475 0 0 0 
124000 100 18 0 10 675 0 9.98518 1 59937.3 52.7803 0 0 0 
125000 100 18 0 10 680 0 9.9853 1 60188.8 52.5294 0 0 0 
126000 100 18 0 10 685 0 9.98541 1 59935.6 53.371 0 0 0 
127000 100 18 0 10 690 0 9.98553 1 59801.6 53.5187 0 0 0 
128000 100 18 0 10 695 0 9.98564 1 60016.4 53.8507 0 0 0 
129000 100 18 0 10 700 0 9.98575 1 60222.3 53.8178 0 0 0 
130000 100 18 0 10 705 0 9.98586 1 60084.2 53.1206 0 0 0 
131000 100 18 0 10 710 0 9.98597 1 60179.4 53.3937 0 0 0 
132000 100 18 0 10 715 0 9.98608 1 59818.4 53.4189 0 0 0 
133000 100 18 0 10 720 0 9.98618 1 59814.7 53.0732 0 0 0 
134000 100 18 0 10 725 0 9.98628 1 59985.6 52.7991 0 0 0 
135000 100 18 0 10 730 0 9.98638 1 60080.8 52.7357 0 0 0 
136000 100 18 0 10 735 0 9.98648 1 59840.2 52.7844 0 0 0 
137000 100 18 0 10 740 0 9.98658 1 59962.8 53.1931 0 0 0 
138000 100 18 0 10 745 0 9.98668 1 60175.9 53.3382 0 0 0 
139000 100 18 0 10 750 0 9.98678 1 59903.8 53.4134 0 0 0 
140000 100 18 0 10 755 0 9.98687 1 60109.4 52.9135 0 0 0 
141000 100 18 0 10 760 0 9.98696 1 60347.2 53.0628 0 0 0 
142000 100 18 0 10 765 0 9.98706 1 59729.6 52.1876 0 0 0 
143000 100 18 0 10 770 0 9.98715 1 60078.3 52.5848 0 0 0 
144000 100 18 0 10 775 0 9.98724 1 60194.3 52.6827 0 0 0 
145000 100 18 0 10 780 0 9.98732 1 60192.6 52.3 0 0 0 
146000 100 18 0 10 785 0 9.98741 1 59863.3 52.2091 0 0 0 
147000 100 18 0 10 790 0 9.9875 1 59916.6 52.27 0 0 0 
148000 100 18 0 10 795 0 9.98758 1 60075.8 52.3081 0 0 0 
149000 100 18 0 10 800 0 9.98766 1 60025.1 52.2816 0 0 0 
150000 100 18 0 10 805 0 9.98775 1 60108.7 52.1815 0 0 0 
151000 100 18 0 10 810 0 9.98783 1 60045 52.3631 0 0 0 
152000 100 18 0 10 815 0 9.98791 1 59837.7 52.2468 0 0 0 
153000 100 18 0 10 820 0 9.98799 1 59849.7 52.0018 0 0 0 
154000 100 18 0 10 825 0 9.98806 1 59749.5 52.4164 0 0 0 
155000 100 18 0 10 830 0 9.98814 1 59911.8 52.939 0 0 0 
156000 100 18 0 10 835 0 9.98822 1 60046.3 52.9538 0 0 0 
157000 100 18 0 10 840 0 9.98829 1 60003.1 52.8569 0 0 0 
158000 100 18 0 10 845 0 9.98837 1 59983.1 52.9007 0 0 0 
159000 100 18 0 10 850 0 9.98844 1 60135.6 52.8102 0 0 0 
160000 100 18 0 10 855 0 9.98851 1 59793.4 52.7655 0 0 0 
161000 100 18 0 10 860 0 9.98858 1 60040.1 53.0715 0 0 0 
162000 100 18 0 10 865 0 9.98865 1 59837.4 53.1656 0 0 0 
163000 100 18 0 10 870 0 9.98872 1 60078.4 53.4322 0 0 0 
164000 100 18 0 10 875 0 9.98879 1 59921.5 53.2871 0 0 0 
165000 100 18 0 10 880 0 9.98886 1 60068.2 53.0362 0 0 0 
166000 100 18 0 10 885 0 9.98893 1 60024 52.5642 0 0 0 
167000 100 18 0 10 890 0 9.98899 1 60128.1 52.5963 0 0 0 
168000 100 18 0 10 895 0 9.98906 1 60032.4 52.4164 0 0 0 
169000 100 18 0 10 900 0 9.98912 1 60002.2 52.5373 0 0 0 
170000 100 18 0 10 905 0 9.98919 1 59782.3 52.2057 0 0 0 
171000 100 18 0 10 910 0 9.98925 1 59884.9 52.4445 0 0 0 
172000 100 18 0 10 915 0 9.98931 1 59764 52.7523 0 0 0 
173000 100 18 0 10 920 0 9.98938 1 59761.2 52.7185 0 0 0 
174000 100 18 0 10 925 0 9.98944 1 59764.6 52.8852 0 0 0 
175000 100 18 0 10 930 0 9.9895 1 60144.3 53.1445 0 0 0 
176000 100 18 0 10 935 0 9.98956 1 59725.6 52.9383 0 0 0 
177000 100 18 0 10 940 0 9.98962 1 59872 53.4529 0 0 0 
178000 100 18.23 0 10 945 0 9.98967 1 59944 53.6646 0 0 0 
179000 100 18 0 10 950 0 9.98973 1 60042.3 53.8628 0 0 0 
180000 100 18 0 10 955 0 9.98979 1 60039.2 53.9193 0 0 0 
181000 100 18 0 10 960 0 9.98984 1 59940.2 53.7687 0 0 0 
182000 100 18 0 10 965 0 9.9899 1 59979.4 53.7598 0 0 0 
183000 100 18 0 10 970 0 9.98996 1 59946.7 53.6234 0 0 0 
184000 100 18 0 10 975 0 9.99001 1 60011.9 53.7902 0 0 0 
185000 100 18.48 0 10 980 0 9.99006 1 59886.3 53.3505 0 0 0 
186000 100 18 0 10 985 0 9.99012 1 59667.4 53.6161 0 0 0 
187000 100 18 0 10 990 0 9.99017 1 59882.6 53.5863 0 0 0 
188000 100 18 0 10 995 0 9.99022 1 60011.1 53.5523 0 0 0 
189000 100 18 0 10 1000 0 9.99027 1 59901.5 53.5171 0 0 0 
190000 100 18 0 10 1005 0 9.99033 1 59974.3 53.2685 0 0 0 
191000 100 18 0 10 1010 0 9.99038 1 59863.2 53.4635 0 0 0 
192000 100 18 0 10 1015 0 9.99043 1 60062.8 53.2185 0 0 0 
193000 100 18 0 10 1020 0 9.99048 1 59785.4 52.7114 0 0 0 
194000 100 18 0 10 1025 0 9.99053 1 60016.8 53.2202 0 0 0 
195000 100 18 0 10 1030 0 9.99057 1 60187.4 53.3913 0 0 0 
196000 100 18 0 10 1035 0 9.99062 1 59995.2 53.586 0 0 0 
197000 100 18 0 10 1040 0 9.99067 1 59964.1 53.6014 0 0 0 
198000 100 18 0 10 1045 0 9.99072 1 59967.3 53.5518 0 0 0 
199000 100 18 0 10 1050 0 9.99076 1 59945.9 53.6438 0 0 0 
200000 100 18 0 10 1055 0 9.99081 1 59711.4 53.1003 0 0 0 
201000 100 18 0 10 1060 0 9.99086 1 59769.2 53.5406 0 0 0 
202000 100 18 0 10 1065 0 9.9909 1 60030.7 53.9745 0 0 0 
203000 100 18 0 10 1070 0 9.99095 1 60195 54.1857 0 0 0 
204000 100 18 0 10 1075 0 9.99099 1 60171.3 54.2242 0 0 0 
205000 100 18 0 10 1080 0 9.99103 1 59978.2 54.3738 0 0 0 
206000 100 18 0 10 1085 0 9.99108 1 60020 54.102 0 0 0 
207000 100 18 0 10 1090 0 9.99112 1 60106.4 54.2523 0 0 0 
208000 100 18 0 10 1095 0 9.99116 1 60194 53.8785 0 0 0 
209000 100 18 0 10 1100 0 9.99121 1 59923.4 53.791 0 0 0 
210000 100 18 0 10 1105 0 9.99125 1 59857.6 53.8444 0 0 0 
211000 100 18 0 10 1110 0 9.99129 1 60019.2 54.0414 0 0 0 
212000 100 18 0 10 1115 0 9.99133 1 59822.6 54.139 0 0 0 
213000 100 18 0 10 1120 0 9.99137 1 59856 53.9483 0 0 0 
214000 100 18 0 10 1125 0 9.99141 1 60127.3 53.9699 0 0 0 
215000 100 18 0 10 1130 0 9.99145 1 59908.7 53.6288 0 0 0 
216000 100 18 0 10 1135 0 9.99149 1 59859.6 53.7823 0 0 0 
217000 100 18 0 10 1140 0 9.99153 1 59981.7 54.0775 0 0 0 
218000 100 18 0 10 1145 0 9.99157 1 60129.2 53.8548 0 0 0 
219000 100 18 0 10 1150 0 9.99161 1 59862.3 53.8385 0 0 0 
220000 100 18 0 10 1155 0 9.99165 1 59928.9 54.1464 0 0 0 
221000 100 18 0 10 1160 0 9.99168 1 59945 54.2969 0 0 0 
222000 100 18 0 10 1165 0 9.99172 1 60056.3 54.5638 0 0 0 
223000 100 18 0 10 1170 0 9.99176 1 59951.3 54.1626 0 0 0 
224000 100 18 0 10 1175 0 9.99179 1 59991 54.0542 0 0 0 
225000 100 18 0 10 1180 0 9.99183 1 60110.8 54.2859 0 0 0 
226000 100 19.21 0 10 1185 0 9.99187 1 60017.1 54.2198 0 0 0 
227000 100 20.42 0 10 1190 0 9.9919 1 59829.9 53.7854 0 0 0 
228000 100 20.42 0 10 1195 0 9.99194 1 59978.4 53.9942 0 0 0 
229000 100 19.21 0 10 1200 0 9.99197 1 59845.4 53.6204 0 0 0 
230000 100 19.21 0 10 1205 0 9.99201 1 59910 54.0602 0 0 0 
231000 100 19.26 0 10 1210 0 9.99204 1 59968.6 54.3455 0 0 0 
232000 100 19.26 0 10 1215 0 9.99208 1 60177 54.4167 0 0 0 
233000 100 18.63 0 10 1220 0 9.99211 1 60131.1 54.3886 0 0 0 
234000 100 19.89 0 10 1225 0 9.99214 1 59803.6 54.2394 0 0 0 
235000 100 18.63 0 10 1230 0 9.99218 1 59971.6 54.5793 0 0 0 
236000 100 18 0 10 1235 0 9.99221 1 60281 54.5045 0 0 0 
237000 100 18 0 10 1240 0 9.99224 1 59958.1 54.2109 0 0 0 
238000 100 18 0 10 1245 0 9.99228 1 59870.4 54.3982 0 0 0 
239000 100 18 0 10 1250 0 9.99231 1 60073.8 54.6831 0 0 0 
240000 100 18 0 10 1255 0 9.99234 1 60128.6 54.513 0 0 0 
241000 100 18 0 10 1260 0 9.99237 1 59917.3 54.4012 0 0 0 
242000 100 18 0 10 1265 0 9.9924 1 59931.8 54.4087 0 0 0 
243000 100 18 0 10 1270 0 9.99244 1 60140.8 54.2308 0 0 0 
244000 100 18 0 10 1275 0 9.99247 1 59925.2 54.4045 0 0 0 
245000 100 18 0 10 1280 0 9.9925 1 60156.4 54.4398 0 0 0 
246000 100 18 0 10 1285 0 9.99253 1 59863.6 54.6357 0 0 0 
247000 100 18.38 0 10 1290.02 0 9.99256 1 59548.3 54.186 0 0 0 
248000 100 18 0 10 1295 0 9.99259 1 60029.9 54.642 0 0 0 
249000 100 18 0 10 1300 0 9.99262 1 60039.6 54.5167 0 0 0 
250000 100 18 0 10 1305 0 9.99265 1 60179.4 54.4213 0 0 0 