# Avida Average Deme Data
# Wed Apr 16 23:03:05 2014
#  1: Update
#  2: Count
#  3: Age
#  4: Births
#  5: Organisms
#  6: Generation
#  7: Births (at last replication)
#  8: Organisms (at last replication)
#  9: Merit
# 10: Gestation Time
# 11: Time Used (normalized by org fitness)
# 12: Generations between current and last founders
# 13: Events killed
# 14: Attempts to kill event

0 100 0 0 1 0 0 0 1 0 0 0 0 0 
1000 100 33.67 0 10 6.11 0 8.17582 1 57078 49.2408 0 0 0 
2000 100 44.73 0 10 10.99 0 9.08746 1 59206.4 51.0431 0 0 0 
3000 100 43.45 0 10 16.28 0 9.39154 1 55471.3 47.8029 0 0 0 
4000 100 49.89 0 10 22.5 0 9.54361 1 58761.3 50.674 0 0 0 
5000 100 59.62 0 10 31.88 0 9.63487 1 55701.4 47.9345 0 0 0 
6000 100 57.89 0 10 38.9 0 9.69572 1 56109.4 48.1718 0 0 0 
7000 100 47.86 0 10 45.29 0 9.73918 1 56607.9 48.687 0 0 0 
8000 100 59.3 0 10 49.74 0 9.77178 1 55025.9 47.3731 0 0 0 
9000 100 75.4 0 10 56.69 0 9.79713 1 54082.2 46.5662 0 0 0 
10000 100 90.1 0 10 59.74 0 9.81742 1 56888.4 49.1709 0 0 0 
11000 100 106.36 0 10 64.09 0 9.83402 1 54308.7 47.4164 0 0 0 
12000 100 91.86 0 10 70.98 0 9.84785 1 55998.2 48.5338 0 0 0 
13000 100 101.34 0 10 78.39 0 9.85955 1 57638.6 50.0672 0 0 0 
14000 100 89.9 0 10 86.36 0 9.86958 1 55518.9 48.1078 0 0 0 
15000 100 95.57 0 10 94.53 0 9.87827 1 55995.4 48.5158 0 0 0 
16000 100 80.08 0 10 101.48 0 9.88588 1 54042 46.4764 0 0 0 
17000 100 87.17 0 10 106.94 0 9.89259 1 54862 47.1504 0 0 0 
18000 100 91.19 0 10 115.33 0 9.89856 1 53522.6 45.9599 0 0 0 
19000 100 95.96 0 10 121.67 0 9.9039 1 57947.4 49.5166 0 0 0 
20000 100 84.89 0 10 135.09 0 9.9087 1 50205.2 42.9302 0 0 0 
21000 100 79.49 0 10 149.76 0 9.91305 1 50782.7 42.8102 0 0 0 
22000 100 88.29 0 10 170.77 0 9.917 1 46743.2 39.1876 0 0 0 
23000 100 80.09 0 10 180.4 0 9.92061 1 52733.9 44.1473 0 0 0 
24000 100 80.12 0 10 198.38 0 9.92392 1 50368.8 42.0519 0 0 0 
25000 100 83.98 0 10 203.82 0 9.92696 1 53839.5 44.7706 0 0 0 
26000 100 69.63 0 10 215.58 0 9.92977 1 51371.4 42.7324 0 0 0 
27000 100 77.95 0 10 230.79 0 9.93237 1 52851.9 43.9226 0 0 0 
28000 100 75.02 0 10 237.59 0 9.93479 1 51371.4 42.6144 0 0 0 
29000 100 80.46 0 10 243.96 0 9.93704 1 55601.2 46.1721 0 0 0 
30000 100 74.69 0 10 244.94 0 9.93914 1 56103.8 46.545 0 0 0 
31000 100 92.02 0 10 254.47 0 9.9411 1 51845.2 42.9668 0 0 0 
32000 100 86.45 0 10 274.42 0 9.94294 1 52158.2 43.2184 0 0 0 
33000 100 92.33 0 10 289.38 0 9.94467 1 51248 42.334 0 0 0 
34000 100 79.24 0 10 294.71 0 9.9463 1 49567.7 40.9595 0 0 0 
35000 100 87.96 0 10 301.68 0 9.94783 1 52523.5 43.3204 0 0 0 
36000 100 79.76 0 10 313.99 0 9.94928 1 52353.2 43.2805 0 0 0 
37000 100 82.6 0 10 321.93 0 9.95065 1 50897.9 42.0671 0 0 0 
38000 100 81.1 0 10 332.04 0 9.95195 1 51423.5 42.6964 0 0 0 
39000 100 87.31 0 10 339.7 0 9.95318 1 49178.2 40.805 0 0 0 
40000 100 85.89 0 10 351.95 0 9.95435 1 52649.9 43.7395 0 0 0 
41000 100 65.84 0 10 356.53 0 9.95546 1 54992.5 45.6945 0 0 0 
42000 100 89.28 0 10 367.32 0 9.95652 1 54278.2 45.1557 0 0 0 
43000 100 86.59 0 10 377.1 0 9.95754 1 55041.7 45.6816 0 0 0 
44000 100 101.76 0 10 386.93 0 9.9585 1 54541.7 45.2456 0 0 0 
45000 100 74.39 0 10 398.87 0 9.95942 1 50755 42.1126 0 0 0 
46000 100 75.67 0 10 403.2 0 9.96031 1 48186.4 40.1548 0 0 0 
47000 100 59.5 0 10 410.03 0 9.96115 1 50602.1 42.2229 0 0 0 
48000 100 61.57 0 10 417.81 0 9.96196 1 51106 42.7775 0 0 0 
49000 100 64.63 0 10 425.21 0 9.96274 1 56233.7 46.8979 0 0 0 
50000 100 72.16 0 10 429.38 0 9.96348 1 51166.1 42.4791 0 0 0 
51000 100 74.78 0 10 435.64 0 9.9642 1 46592.6 38.6624 0 0 0 
52000 100 93.19 0 10 442.43 0 9.96489 1 52816.7 43.8482 0 0 0 
53000 100 93.49 0 10 454.21 0 9.96555 1 49784 41.4933 0 0 0 
54000 100 87.55 0 10 462.05 0 9.96619 1 49005.8 40.867 0 0 0 
55000 100 79.01 0 10 473.13 0 9.9668 1 47911.1 40.1095 0 0 0 
56000 100 86.04 0 10 487.53 0 9.96739 1 51788 43.4774 0 0 0 
57000 100 89.07 0 10 498.46 0 9.96797 1 53505.4 44.743 0 0 0 
58000 100 85.87 0 10 515.01 0 9.96852 1 48819 40.6039 0 0 0 
59000 100 82.83 0 10 523 0 9.96905 1 49362.4 41.1456 0 0 0 
60000 100 80.75 0 10 530.1 0 9.96957 1 52339.1 43.763 0 0 0 
61000 100 80.45 0 10 540.38 0 9.97007 1 47636.9 40.141 0 0 0 
62000 100 76.11 0 10 545.92 0 9.97055 1 52519.1 44.1564 0 0 0 
63000 100 72.77 0 10 557.97 0 9.97102 1 51264.1 43.2437 0 0 0 
64000 100 85.6 0 10 564.71 0 9.97147 1 53054.8 44.6674 0 0 0 
65000 100 84.89 0 10 568.23 0 9.97191 1 54170.6 45.7689 0 0 0 
66000 100 95.85 0 10 573.52 0 9.97233 1 51990.1 43.7637 0 0 0 
67000 100 84.72 0 10 584.17 0 9.97275 1 49122.3 41.497 0 0 0 
68000 100 83.96 0 10 596.36 0 9.97315 1 53176.7 45.2969 0 0 0 
69000 100 78.68 0 10 607.55 0 9.97354 1 51667.4 44.1091 0 0 0 
70000 100 72.69 0 10 615.79 0 9.97391 1 56381.9 48.0644 0 0 0 
71000 100 89.3 0 10 627.32 0 9.97428 1 55129.9 46.8077 0 0 0 
72000 100 96.18 0 10 643.39 0 9.97464 1 55317.7 47.1697 0 0 0 
73000 100 90.37 0 10 650.75 0 9.97499 1 52021.9 44.3006 0 0 0 
74000 100 97.64 0 10 667.29 0 9.97532 1 49215.2 41.9381 0 0 0 
75000 100 89.11 0 10 683.86 0 9.97565 1 47218.9 40.1607 0 0 0 
76000 100 89.12 0 10 690.22 0 9.97597 1 51214.2 43.3746 0 0 0 
77000 100 78.13 0 10 704.11 0 9.97629 1 48625.9 40.8524 0 0 0 
78000 100 86.59 0 10 712.75 0 9.97659 1 50358.2 42.2063 0 0 0 
79000 100 84.87 0 10 724.78 0 9.97689 1 48528.2 40.656 0 0 0 
80000 100 73.44 0 10 731.39 0 9.97718 1 47622 39.7374 0 0 0 
81000 100 80.15 0 10 742.66 0 9.97746 1 52001.7 43.1041 0 0 0 
82000 100 84.3 0 10 753.85 0 9.97773 1 52245.8 43.2895 0 0 0 
83000 100 85.16 0 10 768.76 0 9.978 1 47231.3 39.1143 0 0 0 
84000 100 74.35 0 10 777.48 0 9.97826 1 47772.6 39.1671 0 0 0 
85000 100 93.39 0 10 787.85 0 9.97852 1 51379.7 42.2808 0 0 0 
86000 100 87.86 0 10 796.02 0 9.97877 1 50050.2 41.1454 0 0 0 
87000 100 94.35 0 10 805.86 0 9.97901 1 49981.2 41.2387 0 0 0 
88000 100 82.65 0 10 816.62 0 9.97925 1 49895 41.1811 0 0 0 
89000 100 74.46 0 10 825.3 0 9.97948 1 55115.2 45.6649 0 0 0 
90000 100 87.44 0 10 832.63 0 9.97971 1 54312.4 44.9425 0 0 0 
91000 100 79.67 0 10 844.18 0 9.97993 1 54754.7 45.4106 0 0 0 
92000 100 80.57 0 10 850.36 0 9.98015 1 55290.7 45.7855 0 0 0 
93000 100 86.11 0 10 861.61 0 9.98037 1 53276.3 43.836 0 0 0 
94000 100 72.01 0 10 876.37 0 9.98057 1 46861.3 38.4435 0 0 0 
95000 100 84.12 0 10 886.77 0 9.98078 1 52884.8 43.4404 0 0 0 
96000 100 91.63 0 10 892.54 0 9.98098 1 47035.9 38.793 0 0 0 
97000 100 101.98 0 10 895.03 0 9.98118 1 51537.6 42.1275 0 0 0 
98000 100 99.07 0 10 910.37 0 9.98137 1 51007.6 41.9029 0 0 0 
99000 100 84.38 0 10 934.29 0 9.98156 1 51039.1 42.2137 0 0 0 
100000 100 79.94 0 10 947.11 0 9.98174 1 52441.6 43.3882 0 0 0 
101000 100 84.47 0 10 968.1 0 9.98192 1 50955.4 42.1088 0 0 0 
102000 100 85.96 0 10 977.39 0 9.9821 1 53203.5 43.9677 0 0 0 
103000 100 68.38 0 10 998.83 0 9.98227 1 50294.8 41.7392 0 0 0 
104000 100 69.99 0 10 1016.32 0 9.98244 1 49122.6 40.7421 0 0 0 
105000 100 77.95 0 10 1040.46 0 9.98261 1 48822.9 40.6882 0 0 0 
106000 100 79.95 0 10 1053.07 0 9.98277 1 55292.9 46.1037 0 0 0 
107000 100 68 0 10 1040.78 0 9.98293 1 53429.4 44.3894 0 0 0 
108000 100 65.71 0 10 1053.02 0 9.98309 1 49347.2 41.0598 0 0 0 
109000 100 75.71 0 10 1079.78 0 9.98325 1 48104.2 40.1715 0 0 0 
110000 100 77.48 0 10 1091.59 0 9.9834 1 48390.1 40.2648 0 0 0 
111000 100 69.08 0 10 1096.32 0 9.98355 1 52369.8 43.3914 0 0 0 
112000 100 66.48 0 10 1110.67 0 9.9837 1 53105.9 43.9966 0 0 0 
113000 100 66.97 0 10 1119.51 0 9.98384 1 52334.9 43.3065 0 0 0 
114000 100 69.6 0 10 1131.64 0 9.98398 1 51567.4 42.5599 0 0 0 
115000 100 64.11 0 10 1150.36 0 9.98412 1 52141.4 43.0918 0 0 0 
116000 100 78.55 0 10 1159.9 0 9.98426 1 50748.6 41.8226 0 0 0 
117000 100 85.41 0 10 1180.02 0 9.98439 1 48200 39.8526 0 0 0 
118000 100 76.81 0 10 1213.8 0 9.98453 1 51069.3 42.5923 0 0 0 
119000 100 78.4 0 10 1237.2 0 9.98466 1 50403.6 42.2473 0 0 0 
120000 100 83.18 0 10 1253.59 0 9.98478 1 47281.4 39.8894 0 0 0 
121000 100 68.51 0 10 1268.8 0 9.98491 1 53854.2 45.751 0 0 0 
122000 100 68.28 0 10 1273.43 0 9.98503 1 48681.7 41.2896 0 0 0 
123000 100 88.66 0 10 1276.48 0 9.98515 1 51369.4 43.1103 0 0 0 
124000 100 90 0 10 1280.07 0 9.98527 1 49565.1 41.5472 0 0 0 
125000 100 100.92 0 10 1288.93 0 9.98539 1 50344.6 41.9836 0 0 0 
126000 100 90.83 0 10 1302.05 0 9.98551 1 51978.1 43.3756 0 0 0 
127000 100 86.37 0 10 1319.29 0 9.98562 1 50229.4 42.2417 0 0 0 
128000 100 86.29 0 10 1336.9 0 9.98573 1 48651.7 41.2315 0 0 0 
129000 100 92.12 0 10 1349.73 0 9.98585 1 51708.9 44.007 0 0 0 
130000 100 96.65 0 10 1363.48 0 9.98595 1 53048.3 45.1457 0 0 0 
131000 100 81.25 0 10 1375.81 0 9.98606 1 51381.3 43.8632 0 0 0 
132000 100 87 0 10 1385.5 0 9.98617 1 49887.9 42.5186 0 0 0 
133000 100 88.85 0 10 1399.46 0 9.98627 1 48041.6 40.9013 0 0 0 
134000 100 79.04 0 10 1422.56 0 9.98637 1 50202.3 42.5626 0 0 0 
135000 100 82.38 0 10 1429.51 0 9.98647 1 46958.1 39.8645 0 0 0 
136000 100 84.99 0 10 1446.85 0 9.98657 1 47926.3 40.5702 0 0 0 
137000 100 77.92 0 10 1460.25 0 9.98667 1 49364.6 41.8114 0 0 0 
138000 100 72.62 0 10 1469.88 0 9.98677 1 52162.7 43.9948 0 0 0 
139000 100 79.63 0 10 1480.59 0 9.98686 1 52782.7 44.5263 0 0 0 
140000 100 81.23 0 10 1481.17 0 9.98696 1 51145.1 43.0876 0 0 0 
141000 100 83.27 0 10 1484.91 0 9.98705 1 51096.3 43.1279 0 0 0 
142000 100 80.58 0 10 1491.31 0 9.98714 1 56125 47.5008 0 0 0 
143000 100 83.71 0 10 1498.42 0 9.98723 1 49928.1 42.2766 0 0 0 
144000 100 89.5 0 10 1511.65 0 9.98732 1 50732.1 42.9071 0 0 0 
145000 100 80.67 0 10 1523.99 0 9.98741 1 49261.7 41.8917 0 0 0 
146000 100 83.55 0 10 1538.74 0 9.98749 1 49595.2 42.2529 0 0 0 
147000 100 94.17 0 10 1549.45 0 9.98758 1 47392.6 40.2873 0 0 0 
148000 100 96.32 0 10 1562.18 0 9.98766 1 49371.1 42.1464 0 0 0 
149000 100 81.76 0 10 1565.19 0 9.98775 1 48354.4 41.4135 0 0 0 
150000 100 81.68 0 10 1580.59 0 9.98783 1 48868.5 41.9295 0 0 0 
151000 100 74.25 0 10 1612.98 0 9.98791 1 51067.9 43.8589 0 0 0 
152000 100 71.18 0 10 1621.36 0 9.98799 1 55539.5 47.6711 0 0 0 
153000 100 56.96 0 10 1650.83 0 9.98807 1 54427.3 46.8763 0 0 0 
154000 100 66.48 0 10 1663.73 0 9.98814 1 51938.7 44.8354 0 0 0 
155000 100 79.73 0 10 1677.05 0 9.98822 1 51679.6 44.5773 0 0 0 
156000 100 77.03 0 10 1690.04 0 9.98829 1 50827.7 44.1051 0 0 0 
157000 100 87.23 0 10 1696.88 0 9.98837 1 50685.7 43.9398 0 0 0 
158000 100 92.82 0 10 1711.95 0 9.98844 1 51377.6 44.2719 0 0 0 
159000 100 79.58 0 10 1721.48 0 9.98852 1 52694.4 45.1813 0 0 0 
160000 100 83.38 0 10 1737.93 0 9.98859 1 54488.6 46.798 0 0 0 
161000 100 84.21 0 10 1756.69 0 9.98866 1 49448.2 42.2754 0 0 0 
162000 100 85.38 0 10 1778.39 0 9.98873 1 51204.4 43.9942 0 0 0 
163000 100 70.58 0 10 1794.31 0 9.9888 1 48003.2 41.3043 0 0 0 
164000 100 78.06 0 10 1808.04 0 9.98887 1 48426.4 41.7163 0 0 0 
165000 100 82.37 0 10 1824.82 0 9.98893 1 45824.7 39.6807 0 0 0 
166000 100 82.07 0 10 1831.7 0 9.989 1 54783.8 47.3192 0 0 0 
167000 100 90.54 0 10 1845.11 0 9.98907 1 53809.3 46.3296 0 0 0 
168000 100 80.88 0 10 1857.31 0 9.98913 1 50176.8 43.1881 0 0 0 
169000 100 79.56 0 10 1869.96 0 9.9892 1 48901.1 42.1441 0 0 0 
170000 100 92.45 0 10 1887.77 0 9.98926 1 50518.2 43.638 0 0 0 
171000 100 97.03 0 10 1930.04 0 9.98932 1 51130.2 43.5564 0 0 0 
172000 100 80.68 0 10 1940.03 0 9.98938 1 52458.3 44.6306 0 0 0 
173000 100 81.47 0 10 1953.52 0 9.98945 1 48952.9 41.765 0 0 0 
174000 100 96.43 0 10 1962.98 0 9.98951 1 54165.9 46.1925 0 0 0 
175000 100 65.72 0 10 1993.58 0 9.98957 1 47381.3 40.1831 0 0 0 
176000 100 76.82 0 10 1999.52 0 9.98963 1 55924 47.3419 0 0 0 
177000 100 90.92 0 10 2006.72 0 9.98968 1 54729.1 46.1942 0 0 0 
178000 100 79.67 0 10 2003.37 0 9.98974 1 49316.3 41.7342 0 0 0 
179000 100 104.13 0 10 2015.51 0 9.9898 1 51248.5 43.0908 0 0 0 
180000 100 95.83 0 10 2025.94 0 9.98986 1 54352.3 45.7304 0 0 0 
181000 100 89.72 0 10 2036.41 0 9.98991 1 49851.4 41.6727 0 0 0 
182000 100 75.12 0 10 2048.41 0 9.98997 1 48189 40.2623 0 0 0 
183000 100 81.62 0 10 2059.56 0 9.99002 1 51386.7 43.0695 0 0 0 
184000 100 98.83 0 10 2070.07 0 9.99008 1 51564.6 43.1983 0 0 0 
185000 100 80.15 0 10 2078.64 0 9.99013 1 52709 44.4713 0 0 0 
186000 100 96.26 0 10 2088.15 0 9.99018 1 51335.4 43.3468 0 0 0 
187000 100 85.57 0 10 2095.09 0 9.99024 1 53454.3 45.1066 0 0 0 
188000 100 80.92 0 10 2111.42 0 9.99029 1 50544.3 42.9108 0 0 0 
189000 100 83.53 0 10 2130.71 0 9.99034 1 53641 45.7156 0 0 0 
190000 100 84.05 0 10 2137.56 0 9.99039 1 54452.9 46.5803 0 0 0 
191000 100 92.78 0 10 2146.29 0 9.99044 1 54146.6 46.6986 0 0 0 
192000 100 91.27 0 10 2158.99 0 9.99049 1 47133.7 40.8722 0 0 0 
193000 100 79.34 0 10 2165.71 0 9.99054 1 55356.6 47.7244 0 0 0 
194000 100 82.4 0 10 2173.3 0 9.99059 1 52559.6 45.0849 0 0 0 
195000 100 95.78 0 10 2178.62 0 9.99064 1 55037.2 47.2511 0 0 0 
196000 100 82.13 0 10 2187.03 0 9.99068 1 53515.3 45.949 0 0 0 
197000 100 73.19 0 10 2197.86 0 9.99073 1 52327.7 44.8215 0 0 0 
198000 100 77.65 0 10 2209.32 0 9.99078 1 49373.9 42.2848 0 0 0 
199000 100 106.06 0 10 2217.39 0 9.99082 1 47448.7 40.5214 0 0 0 
200000 100 95.46 0 10 2233.57 0 9.99087 1 50150.3 42.5699 0 0 0 
201000 100 89.01 0 10 2242.47 0 9.99092 1 51922.9 44.1357 0 0 0 
202000 100 94.47 0 10 2250.16 0 9.99096 1 48350.7 41.3258 0 0 0 
203000 100 67.25 0 10 2264.24 0 9.991 1 51591.6 43.9978 0 0 0 
204000 100 84.4 0 10 2271.98 0 9.99105 1 48412.2 41.217 0 0 0 
205000 100 97.97 0 10 2283.73 0 9.99109 1 50295.8 42.6591 0 0 0 
206000 100 84.02 0 10 2286.98 0 9.99114 1 48032.2 40.6703 0 0 0 
207000 100 78.27 0 10 2298.72 0 9.99118 1 51047.7 43.203 0 0 0 
208000 100 91.38 0 10 2303.36 0 9.99122 1 51500.5 43.2941 0 0 0 
209000 100 89.83 0 10 2310.33 0 9.99126 1 57938.9 48.5489 0 0 0 
210000 100 85.12 0 10 2319.36 0 9.9913 1 48899.1 40.8635 0 0 0 
211000 100 94.46 0 10 2334.91 0 9.99135 1 54835 45.7876 0 0 0 
212000 100 91.66 0 10 2343.07 0 9.99139 1 51593.2 43.1458 0 0 0 
213000 100 83.29 0 10 2369.17 0 9.99143 1 52476.4 43.6655 0 0 0 
214000 100 82.31 0 10 2380.37 0 9.99147 1 50034.8 41.5999 0 0 0 
215000 100 72.87 0 10 2385.32 0 9.99151 1 47121 39.0287 0 0 0 
216000 100 85.11 0 10 2390.36 0 9.99155 1 51967.6 42.7643 0 0 0 
217000 100 77.76 0 10 2396.83 0 9.99159 1 48923.8 40.4556 0 0 0 
218000 100 87.19 0 10 2406.07 0 9.99162 1 49320.7 41.2358 0 0 0 
219000 100 80.09 0 10 2417.22 0 9.99166 1 50891.5 42.4812 0 0 0 
220000 100 93.23 0 10 2430.11 0 9.9917 1 51625.4 43.3562 0 0 0 
221000 100 95.16 0 10 2448.54 0 9.99174 1 52366.6 43.9531 0 0 0 
222000 100 87.64 0 10 2455.39 0 9.99177 1 48211.7 40.3987 0 0 0 
223000 100 89.13 0 10 2472.17 0 9.99181 1 50661.7 42.3637 0 0 0 
224000 100 95.45 0 10 2490.57 0 9.99185 1 50105.8 42.1102 0 0 0 
225000 100 81.26 0 10 2520.97 0 9.99188 1 45887.2 38.4059 0 0 0 
226000 100 82.9 0 10 2529.93 0 9.99192 1 51583.8 43.1173 0 0 0 
227000 100 76.3 0 10 2547.15 0 9.99196 1 52772.2 44.0107 0 0 0 
228000 100 94.84 0 10 2555.66 0 9.99199 1 49514.8 41.4471 0 0 0 
229000 100 91.38 0 10 2572.87 0 9.99203 1 45510.7 37.9523 0 0 0 
230000 100 84.17 0 10 2587.2 0 9.99206 1 51023.8 42.7381 0 0 0 
231000 100 77.9 0 10 2595.95 0 9.9921 1 52572 44.0451 0 0 0 
232000 100 76.11 0 10 2597.76 0 9.99213 1 49761.2 41.5584 0 0 0 
233000 100 88.86 0 10 2597.63 0 9.99216 1 51577.6 42.9022 0 0 0 
234000 100 88.13 0 10 2609.18 0 9.9922 1 52476.9 43.8357 0 0 0 
235000 100 74.48 0 10 2613.48 0 9.99223 1 54604.9 45.4031 0 0 0 
236000 100 80.14 0 10 2628.42 0 9.99226 1 50393.7 42.1034 0 0 0 
237000 100 84.72 0 10 2645.16 0 9.9923 1 50682.8 42.3619 0 0 0 
238000 100 91.87 0 10 2661.08 0 9.99233 1 47792.8 40.0979 0 0 0 
239000 100 76.42 0 10 2667.03 0 9.99236 1 50146.7 41.9333 0 0 0 
240000 100 80.42 0 10 2675.54 0 9.99239 1 45559.4 38.3042 0 0 0 
241000 100 83.13 0 10 2682.17 0 9.99242 1 49388.3 41.626 0 0 0 
242000 100 84.8 0 10 2689.26 0 9.99245 1 50058.2 42.3922 0 0 0 
243000 100 79.89 0 10 2691.87 0 9.99249 1 47867.5 40.5345 0 0 0 
244000 100 81.9 0 10 2698.74 0 9.99252 1 51201.1 43.5019 0 0 0 
245000 100 96.35 0 10 2709.86 0 9.99255 1 52979.6 45.0281 0 0 0 
246000 100 94.62 0 10 2717.62 0 9.99258 1 50471.3 42.8005 0 0 0 
247000 100 82.48 0 10 2715.02 0 9.99261 1 46875.2 39.6971 0 0 0 
248000 100 79.95 0 10 2719.53 0 9.99264 1 42522.5 36.0068 0 0 0 
249000 100 71.91 0 10 2729.59 0 9.99267 1 49980.9 42.3511 0 0 0 
250000 100 71.91 0 10 2739.52 0 9.9927 1 50314.9 42.6294 0 0 0 