# Avida Average Deme Data
# Wed Apr 16 11:42:38 2014
#  1: Update
#  2: Count
#  3: Age
#  4: Births
#  5: Organisms
#  6: Generation
#  7: Births (at last replication)
#  8: Organisms (at last replication)
#  9: Merit
# 10: Gestation Time
# 11: Time Used (normalized by org fitness)
# 12: Generations between current and last founders
# 13: Events killed
# 14: Attempts to kill event

0 100 0 0 1 0 0 0 1 0 0 0 0 0 
1000 100 23.55 0 10 5.97 0 8.18521 1 56462.7 48.6894 0 0 0 
2000 100 57.62 0 10 13.66 0 9.09215 1 55572.9 47.9111 0 0 0 
3000 100 72.38 0 10 20.04 0 9.39467 1 55458.8 47.8632 0 0 0 
4000 100 87.46 0 10 25.91 0 9.54596 1 53843.1 46.4403 0 0 0 
5000 100 103.61 0 10 32.27 0 9.63675 1 56250.2 48.4035 0 0 0 
6000 100 96.35 0 10 35.75 0 9.69728 1 56747.3 48.8433 0 0 0 
7000 100 85.4 0 10 43.33 0 9.74052 1 55447.5 47.6108 0 0 0 
8000 100 85.69 0 10 47.12 0 9.77295 1 55098.2 47.3233 0 0 0 
9000 100 77.6 0 10 52.36 0 9.79818 1 57805.8 49.4861 0 0 0 
10000 100 72.91 0 10 61.2 0 9.81836 1 53223.1 45.6327 0 0 0 
11000 100 69.54 0 10 72.17 0 9.83487 1 52059.3 44.6707 0 0 0 
12000 100 79.45 0 10 80.69 0 9.84863 1 54229.4 46.6442 0 0 0 
13000 100 83.53 0 10 86.67 0 9.86027 1 51603.1 44.4771 0 0 0 
14000 100 83.59 0 10 96.73 0 9.87025 1 54209.8 46.4506 0 0 0 
15000 100 91.43 0 10 107.25 0 9.8789 1 56563.4 48.3444 0 0 0 
16000 100 91.99 0 10 110.66 0 9.88647 1 55908.2 47.6662 0 0 0 
17000 100 102.79 0 10 117.49 0 9.89315 1 55302.6 47.1383 0 0 0 
18000 100 95.47 0 10 120.9 0 9.89908 1 56945 48.5464 0 0 0 
19000 100 98.21 0 10 127.46 0 9.90439 1 55532.9 47.4745 0 0 0 
20000 100 103.15 0 10 136.85 0 9.90917 1 57955.2 49.6351 0 0 0 
21000 100 107.63 0 10 140.53 0 9.9135 1 57206.9 48.985 0 0 0 
22000 100 109.71 0 10 145.64 0 9.91743 1 57355.4 48.992 0 0 0 
23000 100 80.7 0 10 154.08 0 9.92102 1 55888.7 47.7688 0 0 0 
24000 100 86.14 0 10 166.22 0 9.92431 1 56304.2 47.9364 0 0 0 
25000 100 80.16 0 10 177.88 0 9.92734 1 57127.6 48.4094 0 0 0 
26000 100 87.83 0 10 184.23 0 9.93013 1 54256.8 45.906 0 0 0 
27000 100 72 0 10 190.7 0 9.93272 1 60013.1 50.6912 0 0 0 
28000 100 77.26 0 10 196.49 0 9.93512 1 55044.1 46.3098 0 0 0 
29000 100 94.62 0 10 200.12 0 9.93736 1 55019.3 46.152 0 0 0 
30000 100 71.68 0 10 206.96 0 9.93945 1 59090.8 49.6585 0 0 0 
31000 100 61.09 0 10 213.23 0 9.9414 1 60051.1 50.5229 0 0 0 
32000 100 50.13 0 10 218.76 0 9.94323 1 55605.3 46.6483 0 0 0 
33000 100 61.93 0 10 224.7 0 9.94495 1 59653.5 50.0781 0 0 0 
34000 100 67.21 0 10 232.08 0 9.94657 1 58721.1 49.3163 0 0 0 
35000 100 51.27 0 10 235.99 0 9.9481 1 55490.7 46.6685 0 0 0 
36000 100 68.91 0 10 241.83 0 9.94954 1 54570.6 45.8824 0 0 0 
37000 100 76.89 0 10 249.5 0 9.9509 1 53138.8 44.5477 0 0 0 
38000 100 82.97 0 10 256.75 0 9.9522 1 53168.2 44.5592 0 0 0 
39000 100 93.41 0 10 262.56 0 9.95342 1 56632.9 47.4121 0 0 0 
40000 100 93.15 0 10 269.67 0 9.95459 1 56664.3 47.4942 0 0 0 
41000 100 97.97 0 10 281.51 0 9.95569 1 51194.3 42.867 0 0 0 
42000 100 79.31 0 10 294.58 0 9.95675 1 55944.5 47.0089 0 0 0 
43000 100 76.55 0 10 302.52 0 9.95775 1 51904.7 43.5618 0 0 0 
44000 100 76.24 0 10 314.98 0 9.95871 1 53651.6 45.1765 0 0 0 
45000 100 89.48 0 10 326.13 0 9.95963 1 53890.9 45.356 0 0 0 
46000 100 92.48 0 10 340.13 0 9.96051 1 55085.4 46.2562 0 0 0 
47000 100 91.53 0 10 349.08 0 9.96135 1 55865 46.8365 0 0 0 
48000 100 99.55 0 10 359.6 0 9.96215 1 53591.1 44.7628 0 0 0 
49000 100 88.78 0 10 356.59 0 9.96293 1 57669.6 48.1509 0 0 0 
50000 100 96.13 0 10 359.08 0 9.96367 1 59239.8 49.6015 0 0 0 
51000 100 89.75 0 10 361.5 0 9.96438 1 59404.4 49.9361 0 0 0 
52000 100 84.13 0 10 364.28 0 9.96507 1 58893.8 49.4965 0 0 0 
53000 100 92.49 0 10 368.92 0 9.96573 1 57769.5 48.655 0 0 0 
54000 100 103.79 0 10 372.52 0 9.96636 1 58659.1 49.522 0 0 0 
55000 100 100.87 0 10 372.59 0 9.96697 1 59889.9 50.6463 0 0 0 
56000 100 105.64 0 10 370.84 0 9.96756 1 58525 49.4614 0 0 0 
57000 100 109.88 0 10 379.11 0 9.96813 1 59634.9 50.3214 0 0 0 
58000 100 106.68 0 10 386.49 0 9.96868 1 58426.9 49.2339 0 0 0 
59000 100 99.51 0 10 386.77 0 9.96921 1 59991.5 50.9962 0 0 0 
60000 100 103.52 0 10 390.08 0 9.96972 1 60086.3 51.0327 0 0 0 
61000 100 102.31 0 10 394.61 0 9.97022 1 60042.3 50.8702 0 0 0 
62000 100 101.34 0 10 398.26 0 9.9707 1 60018.9 50.7687 0 0 0 
63000 100 102.04 0 10 404.49 0 9.97117 1 59936.7 50.755 0 0 0 
64000 100 107 0 10 412.98 0 9.97162 1 60008 50.8631 0 0 0 
65000 100 109.56 0 10 415.6 0 9.97205 1 60073.7 50.9877 0 0 0 
66000 100 105.52 0 10 422.81 0 9.97248 1 60086.6 50.8089 0 0 0 
67000 100 100.82 0 10 428.21 0 9.97289 1 60114.5 50.6613 0 0 0 
68000 100 106.54 0 10 429.94 0 9.97329 1 60079.8 50.7475 0 0 0 
69000 100 108.12 0 10 438.89 0 9.97367 1 59984.8 50.8261 0 0 0 
70000 100 108.54 0 10 441.35 0 9.97405 1 60050 50.9122 0 0 0 
71000 100 108.41 0 10 449.17 0 9.97441 1 59986 50.629 0 0 0 
72000 100 111.5 0 10 455.01 0 9.97477 1 59996.1 50.706 0 0 0 
73000 100 112.08 0 10 463.18 0 9.97512 1 59938.3 50.8171 0 0 0 
74000 100 112.02 0 10 463.22 0 9.97545 1 60013.6 51.0194 0 0 0 
75000 100 113.58 0 10 468.1 0 9.97578 1 59926.2 50.9402 0 0 0 
76000 100 111.9 0 10 468.62 0 9.9761 1 59797.2 50.9085 0 0 0 
77000 100 110.4 0 10 474.15 0 9.97641 1 60020 51.0162 0 0 0 
78000 100 111.5 0 10 478.64 0 9.97671 1 60033.1 50.858 0 0 0 
79000 100 110.5 0 10 481.87 0 9.97701 1 59988.5 50.8163 0 0 0 
80000 100 110 0 10 485.53 0 9.97729 1 60040.2 50.7785 0 0 0 
81000 100 110.22 0 10 493.24 0 9.97757 1 59320 50.1962 0 0 0 
82000 100 112.7 0 10 498.58 0 9.97785 1 60095.4 50.692 0 0 0 
83000 100 111.02 0 10 499.27 0 9.97811 1 59151.5 49.9428 0 0 0 
84000 100 105.8 0 10 505.03 0 9.97837 1 59585.3 50.3655 0 0 0 
85000 100 106.3 0 10 508.73 0 9.97863 1 59167.3 50.0046 0 0 0 
86000 100 108.88 0 10 513.83 0 9.97888 1 59988.6 50.5596 0 0 0 
87000 100 110.02 0 10 518.86 0 9.97912 1 59887.4 50.2605 0 0 0 
88000 100 110.44 0 10 523.75 0 9.97936 1 60073.5 50.3719 0 0 0 
89000 100 112.95 0 10 529.04 0 9.97959 1 59991.9 50.2579 0 0 0 
90000 100 112.5 0 10 533.93 0 9.97982 1 60210.9 50.1468 0 0 0 
91000 100 111.79 0 10 538.81 0 9.98004 1 59848.2 50.4368 0 0 0 
92000 100 111.55 0 10 543.6 0 9.98025 1 59738.4 50.5871 0 0 0 
93000 100 112.31 0 10 548.72 0 9.98047 1 60016.3 50.9954 0 0 0 
94000 100 114 0 10 553.89 0 9.98067 1 59863.1 50.7829 0 0 0 
95000 100 112.28 0 10 558.64 0 9.98088 1 60013.2 50.8328 0 0 0 
96000 100 112.65 0 10 564.16 0 9.98108 1 60073.5 50.7329 0 0 0 
97000 100 110.18 0 10 568.8 0 9.98127 1 60009.8 50.6881 0 0 0 
98000 100 110.77 0 10 573.74 0 9.98146 1 60082.1 50.4762 0 0 0 
99000 100 110.47 0 10 578.7 0 9.98165 1 59917.1 50.3717 0 0 0 
100000 100 107.53 0 10 583.48 0 9.98183 1 59194 49.8596 0 0 0 
101000 100 108.6 0 10 588.64 0 9.98201 1 60126.4 50.6156 0 0 0 
102000 100 105.06 0 10 593.34 0 9.98219 1 59920.3 50.493 0 0 0 
103000 100 105.51 0 10 598.4 0 9.98236 1 59963.4 50.5512 0 0 0 
104000 100 100.7 0 10 603.17 0 9.98253 1 59902.4 50.325 0 0 0 
105000 100 101.9 0 10 608.19 0 9.9827 1 59835.3 50.2732 0 0 0 
106000 100 104.69 0 10 613.06 0 9.98286 1 60070.9 50.3193 0 0 0 
107000 100 103.69 0 10 618.06 0 9.98302 1 59898.8 50.28 0 0 0 
108000 100 106 0 10 623 0 9.98318 1 59917.4 50.2198 0 0 0 
109000 100 106 0 10 628 0 9.98333 1 59971.5 50.3156 0 0 0 
110000 100 106 0 10 633 0 9.98349 1 59965.5 50.3321 0 0 0 
111000 100 106 0 10 638 0 9.98363 1 60065.3 50.3401 0 0 0 
112000 100 106 0 10 643 0 9.98378 1 59898.3 50.3946 0 0 0 
113000 100 106 0 10 648 0 9.98392 1 59989.2 50.3475 0 0 0 
114000 100 106 0 10 653 0 9.98407 1 59969.5 50.4622 0 0 0 
115000 100 106 0 10 658 0 9.9842 1 59958.1 50.5462 0 0 0 
116000 100 106 0 10 663 0 9.98434 1 60072.7 50.4176 0 0 0 
117000 100 106 0 10 668 0 9.98447 1 60011.5 50.5788 0 0 0 
118000 100 106 0 10 673 0 9.98461 1 60002.2 50.4433 0 0 0 
119000 100 106 0 10 678 0 9.98473 1 59994.8 50.4367 0 0 0 
120000 100 106 0 10 683 0 9.98486 1 60051.2 50.3488 0 0 0 
121000 100 106 0 10 688 0 9.98499 1 59982.4 50.3462 0 0 0 
122000 100 107.3 0 10 693 0 9.98511 1 59977.7 50.3676 0 0 0 
123000 100 106 0 10 698 0 9.98523 1 60014.8 50.5217 0 0 0 
124000 100 106 0 10 703 0 9.98535 1 60020.6 50.5477 0 0 0 
125000 100 106 0 10 708 0 9.98547 1 59990.2 50.5818 0 0 0 
126000 100 106 0 10 713 0 9.98558 1 60024.5 50.5937 0 0 0 
127000 100 106 0 10 718 0 9.9857 1 60003.7 50.5891 0 0 0 
128000 100 106.42 0 10 723 0 9.98581 1 60037.7 50.746 0 0 0 
129000 100 105.18 0 10 728.04 0 9.98592 1 59409.3 50.2489 0 0 0 
130000 100 110.23 0 10 733.08 0 9.98603 1 59975 50.6505 0 0 0 
131000 100 106.18 0 10 738.08 0 9.98613 1 59459.5 50.2644 0 0 0 
132000 100 108.12 0 10 743.12 0 9.98624 1 59991.2 50.8401 0 0 0 
133000 100 112.08 0 10 748.16 0 9.98634 1 59964.9 50.8137 0 0 0 
134000 100 116.32 0 10 753.24 0 9.98644 1 59988 50.8889 0 0 0 
135000 100 110.73 0 10 758.18 0 9.98654 1 59580 50.5644 0 0 0 
136000 100 111.62 0 10 763.14 0 9.98664 1 59955.8 50.6506 0 0 0 
137000 100 105.97 0 10 768.16 0 9.98674 1 59806 50.5541 0 0 0 
138000 100 100.21 0 10 773.3 0 9.98684 1 60001.3 50.7196 0 0 0 
139000 100 114.85 0 10 778.2 0 9.98693 1 59703.9 50.3583 0 0 0 
140000 100 120.92 0 10 783.32 0 9.98702 1 59936.9 50.6691 0 0 0 
141000 100 121.78 0 10 788.5 0 9.98712 1 59748.1 50.5476 0 0 0 
142000 100 124.94 0 10 793.7 0 9.98721 1 59046.8 50.0399 0 0 0 
143000 100 108.64 0 10 798.82 0 9.9873 1 59862.6 50.7869 0 0 0 
144000 100 107.88 0 10 804.23 0 9.98738 1 58935.3 49.8597 0 0 0 
145000 100 118.63 0 10 809.36 0 9.98747 1 59518 50.3119 0 0 0 
146000 100 109.21 0 10 814.87 0 9.98756 1 58743.4 49.5426 0 0 0 
147000 100 117.58 0 10 819.81 0 9.98764 1 59886.5 50.341 0 0 0 
148000 100 121.25 0 10 824.64 0 9.98773 1 59461.7 50.203 0 0 0 
149000 100 95.37 0 10 830.26 0 9.98781 1 58663.8 49.4681 0 0 0 
150000 100 86.95 0 10 835.55 0 9.98789 1 58886.8 49.8963 0 0 0 
151000 100 83.97 0 10 840.7 0 9.98797 1 58670.3 49.7926 0 0 0 
152000 100 79.62 0 10 845.88 0 9.98805 1 59578.8 50.7919 0 0 0 
153000 100 70.84 0 10 852.1 0 9.98813 1 59212.7 50.5824 0 0 0 
154000 100 86.44 0 10 858.43 0 9.9882 1 59106.4 50.9201 0 0 0 
155000 100 90.45 0 10 863.75 0 9.98828 1 56089.7 48.3875 0 0 0 
156000 100 89.41 0 10 869.55 0 9.98836 1 58434.8 50.6276 0 0 0 
157000 100 75.81 0 10 875.12 0 9.98843 1 59764.9 51.5601 0 0 0 
158000 100 82.24 0 10 881.45 0 9.9885 1 57832.3 50.1621 0 0 0 
159000 100 88.42 0 10 886.67 0 9.98857 1 58887.5 51.0075 0 0 0 
160000 100 86.06 0 10 892.07 0 9.98865 1 58974.9 51.0442 0 0 0 
161000 100 86.5 0 10 898.08 0 9.98872 1 57017.5 49.4583 0 0 0 
162000 100 87.57 0 10 904.02 0 9.98879 1 57650.4 50.082 0 0 0 
163000 100 84.04 0 10 910.96 0 9.98886 1 59251.5 51.3373 0 0 0 
164000 100 87.69 0 10 917.84 0 9.98892 1 58851.9 51.0848 0 0 0 
165000 100 65.45 0 10 923.22 0 9.98899 1 59121.9 51.1841 0 0 0 
166000 100 68.1 0 10 930.06 0 9.98906 1 57786.3 50.0532 0 0 0 
167000 100 56.48 0 10 933.47 0 9.98912 1 58342.4 50.3258 0 0 0 
168000 100 56.45 0 10 939.72 0 9.98919 1 56753.4 49.1169 0 0 0 
169000 100 80.27 0 10 947.09 0 9.98925 1 58626.2 50.6329 0 0 0 
170000 100 66.07 0 10 954.48 0 9.98931 1 56806.6 48.9412 0 0 0 
171000 100 67.07 0 10 959.84 0 9.98938 1 56814.8 48.7536 0 0 0 
172000 100 68.82 0 10 965.45 0 9.98944 1 56383.6 48.147 0 0 0 
173000 100 70.23 0 10 971.95 0 9.9895 1 56706.5 48.3583 0 0 0 
174000 100 80.15 0 10 979.12 0 9.98956 1 56353.9 47.6269 0 0 0 
175000 100 71.33 0 10 983 0 9.98962 1 58028 48.7882 0 0 0 
176000 100 84.64 0 10 988.57 0 9.98968 1 56268.1 47.2132 0 0 0 
177000 100 74.37 0 10 994.85 0 9.98974 1 58635.4 49.1103 0 0 0 
178000 100 71.8 0 10 998.22 0 9.98979 1 56293.3 47.1409 0 0 0 
179000 100 75.62 0 10 1004.09 0 9.98985 1 59166.2 49.5613 0 0 0 
180000 100 68.11 0 10 1008.78 0 9.98991 1 57144.3 47.8654 0 0 0 
181000 100 66.1 0 10 1013.66 0 9.98996 1 58632.6 49.0702 0 0 0 
182000 100 44 0 10 1018.47 0 9.99002 1 58608.2 49.154 0 0 0 
183000 100 60.07 0 10 1025.23 0 9.99007 1 58682.4 49.1171 0 0 0 
184000 100 59.72 0 10 1031.61 0 9.99013 1 56757.1 47.4942 0 0 0 
185000 100 67.54 0 10 1039.02 0 9.99018 1 56935.3 47.4802 0 0 0 
186000 100 77.91 0 10 1047.11 0 9.99023 1 57004.8 47.6547 0 0 0 
187000 100 74.55 0 10 1053.89 0 9.99029 1 57593.1 48.0975 0 0 0 
188000 100 57.66 0 10 1057.71 0 9.99034 1 59072.6 49.4494 0 0 0 
189000 100 48.81 0 10 1062.54 0 9.99039 1 55054 46.195 0 0 0 
190000 100 62.26 0 10 1069.29 0 9.99044 1 56226.4 47.0248 0 0 0 
191000 100 71.28 0 10 1077.37 0 9.99049 1 55266.9 46.2686 0 0 0 
192000 100 89.85 0 10 1082.88 0 9.99054 1 57304.1 47.8293 0 0 0 
193000 100 94.63 0 10 1091.12 0 9.99059 1 56684.3 47.3274 0 0 0 
194000 100 103.63 0 10 1095.87 0 9.99064 1 55666 46.6101 0 0 0 
195000 100 99.53 0 10 1100.63 0 9.99068 1 55942.5 47.0471 0 0 0 
196000 100 99.67 0 10 1106.07 0 9.99073 1 55922 46.9217 0 0 0 
197000 100 82.64 0 10 1113.07 0 9.99078 1 56151.8 47.454 0 0 0 
198000 100 73.51 0 10 1120.76 0 9.99083 1 54091.3 45.9258 0 0 0 
199000 100 61.92 0 10 1128.01 0 9.99087 1 58329.5 49.6389 0 0 0 
200000 100 65.12 0 10 1134.71 0 9.99092 1 58147.2 49.3806 0 0 0 
201000 100 80.31 0 10 1143.36 0 9.99096 1 54583.4 46.4896 0 0 0 
202000 100 84.89 0 10 1149.34 0 9.99101 1 53863.6 45.8992 0 0 0 
203000 100 93.22 0 10 1158.72 0 9.99105 1 54726.3 46.5018 0 0 0 
204000 100 89.77 0 10 1174.99 0 9.9911 1 56295.6 48.2705 0 0 0 
205000 100 76.98 0 10 1178.64 0 9.99114 1 55888.7 47.856 0 0 0 
206000 100 68.99 0 10 1185.94 0 9.99118 1 56658.6 48.3694 0 0 0 
207000 100 76.37 0 10 1196.65 0 9.99122 1 57487.6 49.287 0 0 0 
208000 100 76.36 0 10 1210.3 0 9.99127 1 57158.3 48.9949 0 0 0 
209000 100 92.05 0 10 1213.89 0 9.99131 1 55911.8 48.0963 0 0 0 
210000 100 99.66 0 10 1217.38 0 9.99135 1 58254.8 50.3499 0 0 0 
211000 100 97.87 0 10 1226.34 0 9.99139 1 58600.7 50.6777 0 0 0 
212000 100 76.63 0 10 1230.6 0 9.99143 1 58820.3 51.0391 0 0 0 
213000 100 65.37 0 10 1238.68 0 9.99147 1 57267 49.6056 0 0 0 
214000 100 73.69 0 10 1245.26 0 9.99151 1 55648.5 48.2218 0 0 0 
215000 100 73.13 0 10 1251.28 0 9.99155 1 54168.6 46.7099 0 0 0 
216000 100 77.09 0 10 1258.5 0 9.99159 1 55502.4 48.0108 0 0 0 
217000 100 97.38 0 10 1264.18 0 9.99163 1 56073.3 48.6537 0 0 0 
218000 100 87.86 0 10 1270.78 0 9.99167 1 56218.5 48.6503 0 0 0 
219000 100 78.28 0 10 1271.74 0 9.99171 1 59595.2 51.5717 0 0 0 
220000 100 65.19 0 10 1277.94 0 9.99174 1 60061.4 51.9028 0 0 0 
221000 100 57.42 0 10 1282.68 0 9.99178 1 58535.5 50.3672 0 0 0 
222000 100 73.01 0 10 1289.62 0 9.99182 1 56203.9 48.401 0 0 0 
223000 100 64.76 0 10 1296.7 0 9.99185 1 54039.4 46.6434 0 0 0 
224000 100 56.61 0 10 1303.38 0 9.99189 1 53970.4 46.6655 0 0 0 
225000 100 48.68 0 10 1308.65 0 9.99193 1 57595.7 49.7233 0 0 0 
226000 100 61.47 0 10 1315.91 0 9.99196 1 55544.2 48.013 0 0 0 
227000 100 74.63 0 10 1321.63 0 9.992 1 53000.5 45.9305 0 0 0 
228000 100 88.11 0 10 1330.5 0 9.99203 1 53578.9 46.3008 0 0 0 
229000 100 82.3 0 10 1339.58 0 9.99207 1 56688.6 48.9728 0 0 0 
230000 100 88.6 0 10 1345.33 0 9.9921 1 54249.2 46.8678 0 0 0 
231000 100 68.07 0 10 1353.64 0 9.99214 1 55576.1 48.0117 0 0 0 
232000 100 73.16 0 10 1355.25 0 9.99217 1 56856.4 49.2597 0 0 0 
233000 100 72.62 0 10 1361.14 0 9.9922 1 57716.3 50.2215 0 0 0 
234000 100 64.53 0 10 1368.96 0 9.99224 1 59136 51.5735 0 0 0 
235000 100 56.89 0 10 1376.07 0 9.99227 1 54992.8 47.9399 0 0 0 
236000 100 50.59 0 10 1382.2 0 9.9923 1 55816.6 48.7305 0 0 0 
237000 100 67.3 0 10 1386.39 0 9.99234 1 58264.6 50.7174 0 0 0 
238000 100 70.59 0 10 1391.74 0 9.99237 1 56369 49.0141 0 0 0 
239000 100 83.79 0 10 1396.21 0 9.9924 1 59156.2 51.2906 0 0 0 
240000 100 77.25 0 10 1402.08 0 9.99243 1 56911.4 49.4345 0 0 0 
241000 100 68.22 0 10 1408.91 0 9.99246 1 56744.3 49.2854 0 0 0 
242000 100 63.79 0 10 1414.03 0 9.99249 1 54946.4 47.8524 0 0 0 
243000 100 54.08 0 10 1421.1 0 9.99252 1 56183.2 49.0412 0 0 0 
244000 100 72.65 0 10 1428.68 0 9.99255 1 56032.7 48.9855 0 0 0 
245000 100 66.41 0 10 1437.56 0 9.99259 1 55113.3 48.2255 0 0 0 
246000 100 78 0 10 1443.82 0 9.99262 1 55753.7 48.8265 0 0 0 
247000 100 75.85 0 10 1454.14 0 9.99265 1 54025.4 47.2621 0 0 0 
248000 100 69.81 0 10 1460.01 0 9.99268 1 58157.4 50.9554 0 0 0 
249000 100 89.2 0 10 1466.77 0 9.9927 1 57419.2 50.3127 0 0 0 
250000 100 89.02 0 10 1476.5 0 9.99273 1 55175.6 48.4751 0 0 0 