# Avida Average Deme Data
# Wed Apr 16 13:44:39 2014
#  1: Update
#  2: Count
#  3: Age
#  4: Births
#  5: Organisms
#  6: Generation
#  7: Births (at last replication)
#  8: Organisms (at last replication)
#  9: Merit
# 10: Gestation Time
# 11: Time Used (normalized by org fitness)
# 12: Generations between current and last founders
# 13: Events killed
# 14: Attempts to kill event

0 100 0 0 1 0 0 0 1 0 0 0 0 0 
1000 100 12.38 0 10 5.68 0 8.18242 1 58043.1 50.0505 0 0 0 
2000 100 47.34 0 10 12.55 0 9.09075 1 53735.8 46.2365 0 0 0 
3000 100 53.31 0 10 17.61 0 9.39374 1 56353.6 48.5844 0 0 0 
4000 100 53.1 0 10 22.45 0 9.54526 1 58609.8 50.434 0 0 0 
5000 100 76.07 0 10 28.47 0 9.63619 1 57678.6 49.6661 0 0 0 
6000 100 65.55 0 10 35.47 0 9.69682 1 57003.1 48.8898 0 0 0 
7000 100 74.89 0 10 43 0 9.74012 1 55033.7 47.1471 0 0 0 
8000 100 71.76 0 10 47.25 0 9.7726 1 57947.5 49.713 0 0 0 
9000 100 82.92 0 10 54.06 0 9.79787 1 55240.1 47.3648 0 0 0 
10000 100 87.63 0 10 61.31 0 9.81808 1 53992.2 46.3581 0 0 0 
11000 100 85.15 0 10 65.13 0 9.83462 1 53662.4 46.1592 0 0 0 
12000 100 83.98 0 10 72.32 0 9.8484 1 56635.1 48.7478 0 0 0 
13000 100 76.26 0 10 77.38 0 9.86006 1 53245.6 45.9122 0 0 0 
14000 100 88.21 0 10 83.76 0 9.87005 1 54455.4 46.8812 0 0 0 
15000 100 91.34 0 10 92.55 0 9.87871 1 55900.8 48.1665 0 0 0 
16000 100 97.57 0 10 99.96 0 9.88629 1 57619.3 49.6473 0 0 0 
17000 100 90.6 0 10 107.34 0 9.89298 1 56372.2 48.5216 0 0 0 
18000 100 92.72 0 10 117.19 0 9.89893 1 54128.1 46.6219 0 0 0 
19000 100 87.66 0 10 123.96 0 9.90425 1 55994.3 48.3004 0 0 0 
20000 100 98.32 0 10 131.83 0 9.90903 1 56582.3 48.842 0 0 0 
21000 100 99.8 0 10 138.68 0 9.91337 1 54336 46.7592 0 0 0 
22000 100 105.32 0 10 146.78 0 9.9173 1 55485.8 47.7418 0 0 0 
23000 100 76.43 0 10 158.21 0 9.9209 1 55228.3 47.2952 0 0 0 
24000 100 83.3 0 10 167.81 0 9.92419 1 57064.4 48.6799 0 0 0 
25000 100 69.45 0 10 175.02 0 9.92723 1 59317.3 50.3906 0 0 0 
26000 100 67.62 0 10 179.08 0 9.93003 1 59393.7 50.6719 0 0 0 
27000 100 72.1 0 10 186.27 0 9.93262 1 57897.7 49.3243 0 0 0 
28000 100 68.39 0 10 198.97 0 9.93502 1 55416.4 46.9637 0 0 0 
29000 100 62.36 0 10 207.48 0 9.93726 1 53478.5 45.2762 0 0 0 
30000 100 57.32 0 10 216.84 0 9.93936 1 55551.8 46.9308 0 0 0 
31000 100 75 0 10 227.45 0 9.94131 1 51966.8 44.1774 0 0 0 
32000 100 79.83 0 10 256.99 0 9.94315 1 45734.2 38.853 0 0 0 
33000 100 108.23 0 10 277.18 0 9.94487 1 45903.7 39.0548 0 0 0 
34000 100 91.22 0 10 288.68 0 9.94649 1 44741.8 37.9044 0 0 0 
35000 100 100.2 0 10 307.93 0 9.94802 1 50581.6 42.8565 0 0 0 
36000 100 86.96 0 10 325.69 0 9.94946 1 46815 39.6997 0 0 0 
37000 100 70.7 0 10 345.27 0 9.95083 1 53036.2 45.0141 0 0 0 
38000 100 78.32 0 10 360.97 0 9.95212 1 48798.9 41.4367 0 0 0 
39000 100 82.54 0 10 367.32 0 9.95335 1 49715.1 42.2007 0 0 0 
40000 100 80.83 0 10 381.06 0 9.95452 1 48085.5 40.8903 0 0 0 
41000 100 82.36 0 10 399.06 0 9.95563 1 52991.9 45.1816 0 0 0 
42000 100 92.54 0 10 402.44 0 9.95668 1 55300.8 47.1444 0 0 0 
43000 100 90.65 0 10 407.26 0 9.95769 1 50402.4 43.0055 0 0 0 
44000 100 95.16 0 10 419.27 0 9.95865 1 53260.3 45.5049 0 0 0 
45000 100 74.13 0 10 432.25 0 9.95957 1 43463 37.2754 0 0 0 
46000 100 77.09 0 10 448.08 0 9.96045 1 45872.6 39.428 0 0 0 
47000 100 77.4 0 10 461.77 0 9.96129 1 48908.9 42.1273 0 0 0 
48000 100 88.07 0 10 486.82 0 9.9621 1 44933.8 38.8341 0 0 0 
49000 100 84.14 0 10 511.99 0 9.96287 1 46036.3 39.5317 0 0 0 
50000 100 73.71 0 10 530.23 0 9.96361 1 51591.4 44.3598 0 0 0 
51000 100 84.46 0 10 535.33 0 9.96433 1 54500.8 46.8628 0 0 0 
52000 100 63.4 0 10 549.36 0 9.96501 1 55393.3 47.8072 0 0 0 
53000 100 72.67 0 10 572.26 0 9.96567 1 49923.1 43.1183 0 0 0 
54000 100 87.28 0 10 585.34 0 9.96631 1 44148.6 38.0745 0 0 0 
55000 100 81.32 0 10 620.09 0 9.96692 1 43913.2 37.8876 0 0 0 
56000 100 80.78 0 10 642.88 0 9.96751 1 46518.2 40.0365 0 0 0 
57000 100 63.02 0 10 650.69 0 9.96808 1 44478.5 38.25 0 0 0 
58000 100 79.6 0 10 679.26 0 9.96863 1 42941.7 36.8388 0 0 0 
59000 100 66.74 0 10 718.74 0 9.96916 1 44067.6 37.6995 0 0 0 
60000 100 75.53 0 10 730.83 0 9.96968 1 41561.8 35.5494 0 0 0 
61000 100 75.25 0 10 766.94 0 9.97017 1 49309.5 42.1964 0 0 0 
62000 100 95.15 0 10 820.44 0 9.97066 1 38985 33.3973 0 0 0 
63000 100 61.87 0 10 862.32 0 9.97112 1 37855.7 32.5212 0 0 0 
64000 100 79.94 0 10 896.4 0 9.97157 1 33910 29.0938 0 0 0 
65000 100 73.73 0 10 947.93 0 9.97201 1 38882.5 33.2226 0 0 0 
66000 100 79.42 0 10 1017.2 0 9.97243 1 36753.2 31.2639 0 0 0 
67000 100 72.13 0 10 1091.95 0 9.97285 1 31585.7 27.0095 0 0 0 
68000 100 65.12 0 10 1151.99 0 9.97324 1 43986.4 37.9805 0 0 0 
69000 100 75.23 0 10 1190.84 0 9.97363 1 36869 31.9307 0 0 0 
70000 100 73.97 0 10 1251.94 0 9.97401 1 36218.7 31.3555 0 0 0 
71000 100 70.48 0 10 1285.07 0 9.97438 1 35391.5 30.6318 0 0 0 
72000 100 87.01 0 10 1362.5 0 9.97473 1 29474.7 25.7312 0 0 0 
73000 100 79.76 0 10 1413.71 0 9.97508 1 29554 25.7561 0 0 0 
74000 100 80.35 0 10 1449.52 0 9.97541 1 25783 22.4264 0 0 0 
75000 100 78.02 0 10 1473.84 0 9.97574 1 45873.1 39.9317 0 0 0 
76000 100 85.01 0 10 1504.07 0 9.97606 1 41237.1 35.9264 0 0 0 
77000 100 73.8 0 10 1563.33 0 9.97637 1 31934.7 27.6963 0 0 0 
78000 100 86.78 0 10 1615.81 0 9.97667 1 34061.1 29.6287 0 0 0 
79000 100 77.95 0 10 1660.15 0 9.97697 1 32583.2 28.4603 0 0 0 
80000 100 78.35 0 10 1733.26 0 9.97726 1 31222 27.3014 0 0 0 
81000 100 70.55 0 10 1792.16 0 9.97754 1 28886.4 25.4034 0 0 0 
82000 100 76.49 0 10 1841.61 0 9.97781 1 40046 35.3264 0 0 0 
83000 100 89.92 0 10 1872.3 0 9.97808 1 39307.9 34.5501 0 0 0 
84000 100 88.54 0 10 1912.46 0 9.97834 1 36538.9 32.0293 0 0 0 
85000 100 81.08 0 10 1936 0 9.9786 1 38242.9 33.5187 0 0 0 
86000 100 77.22 0 10 1968.42 0 9.97884 1 38174.1 33.4329 0 0 0 
87000 100 83.77 0 10 2000.08 0 9.97909 1 40020.2 34.8951 0 0 0 
88000 100 81.89 0 10 2008.01 0 9.97933 1 32400.4 28.187 0 0 0 
89000 100 79.55 0 10 2037.81 0 9.97956 1 39744.2 34.6009 0 0 0 
90000 100 73.43 0 10 2067.26 0 9.97978 1 40148.3 35.0219 0 0 0 
91000 100 79.48 0 10 2102.07 0 9.98001 1 45460.3 39.8053 0 0 0 
92000 100 88.36 0 10 2133.13 0 9.98022 1 30820 26.9392 0 0 0 
93000 100 73.05 0 10 2171.18 0 9.98044 1 35639.5 31.3515 0 0 0 
94000 100 80.38 0 10 2240.45 0 9.98064 1 37161.7 32.6236 0 0 0 
95000 100 75.97 0 10 2291.02 0 9.98085 1 38530.4 33.841 0 0 0 
96000 100 77.6 0 10 2304.45 0 9.98105 1 42071.5 36.9113 0 0 0 
97000 100 83.37 0 10 2334.19 0 9.98124 1 32786.8 28.7637 0 0 0 
98000 100 82.94 0 10 2368.26 0 9.98143 1 33756.4 29.8002 0 0 0 
99000 100 68.88 0 10 2396.62 0 9.98162 1 38266.9 33.9895 0 0 0 
100000 100 88.59 0 10 2431.04 0 9.98181 1 50713.2 44.8736 0 0 0 
101000 100 88.48 0 10 2449.46 0 9.98199 1 32693.2 28.6475 0 0 0 
102000 100 79.9 0 10 2502.6 0 9.98216 1 34414.9 29.9876 0 0 0 
103000 100 78.08 0 10 2547.92 0 9.98234 1 37455.4 32.5789 0 0 0 
104000 100 80.94 0 10 2586.86 0 9.98251 1 34309.3 29.8245 0 0 0 
105000 100 71.11 0 10 2602.97 0 9.98267 1 40593.3 35.2526 0 0 0 
106000 100 74.1 0 10 2625.37 0 9.98284 1 36660.8 31.8607 0 0 0 
107000 100 72.32 0 10 2660.88 0 9.983 1 33583.4 29.1985 0 0 0 
108000 100 82.85 0 10 2699.91 0 9.98315 1 30278.2 26.3502 0 0 0 
109000 100 92.93 0 10 2709.44 0 9.98331 1 43325.2 37.7015 0 0 0 
110000 100 72.07 0 10 2749.74 0 9.98346 1 37480.5 32.4638 0 0 0 
111000 100 69.93 0 10 2794.16 0 9.98361 1 31377.5 27.0858 0 0 0 
112000 100 101.29 0 10 2846.55 0 9.98376 1 37009.8 31.8403 0 0 0 
113000 100 76.45 0 10 2905.96 0 9.9839 1 33679.5 29.0322 0 0 0 
114000 100 78.39 0 10 2971.89 0 9.98404 1 27753.1 23.9394 0 0 0 
115000 100 85.68 0 10 3046.87 0 9.98418 1 34474 29.624 0 0 0 
116000 100 78.73 0 10 3125.37 0 9.98432 1 32475.6 27.9496 0 0 0 
117000 100 85.77 0 10 3171.76 0 9.98445 1 31631.4 27.2684 0 0 0 
118000 100 66.51 0 10 3193.68 0 9.98458 1 35420.2 30.5383 0 0 0 
119000 100 69.44 0 10 3231.6 0 9.98471 1 33409 28.8996 0 0 0 
120000 100 67 0 10 3248.54 0 9.98484 1 34574.1 29.9178 0 0 0 
121000 100 60.93 0 10 3276.15 0 9.98496 1 37093.3 32.1268 0 0 0 
122000 100 75.01 0 10 3323.27 0 9.98509 1 39922.6 34.5282 0 0 0 
123000 100 93.27 0 10 3346.32 0 9.98521 1 44813.8 38.9345 0 0 0 
124000 100 78.34 0 10 3375.56 0 9.98533 1 40946.6 35.523 0 0 0 
125000 100 77.98 0 10 3399.68 0 9.98544 1 41054.9 35.6218 0 0 0 
126000 100 75.97 0 10 3463.34 0 9.98556 1 33050.5 28.8023 0 0 0 
127000 100 89.14 0 10 3497.62 0 9.98567 1 46605.3 40.565 0 0 0 
128000 100 75.23 0 10 3531.27 0 9.98579 1 45524.4 39.6983 0 0 0 
129000 100 73.45 0 10 3557.46 0 9.9859 1 33596.5 29.3492 0 0 0 
130000 100 86.52 0 10 3589.02 0 9.986 1 53026.8 46.3549 0 0 0 
131000 100 80.57 0 10 3630.16 0 9.98611 1 40120.9 34.9283 0 0 0 
132000 100 74.81 0 10 3678.09 0 9.98622 1 39128.5 34.1055 0 0 0 
133000 100 77.63 0 10 3714.81 0 9.98632 1 40038.5 34.705 0 0 0 
134000 100 80.63 0 10 3756.16 0 9.98642 1 46999.6 40.7201 0 0 0 
135000 100 75.43 0 10 3787.05 0 9.98652 1 28526.7 24.6594 0 0 0 
136000 100 84.39 0 10 3807.4 0 9.98662 1 40726 35.2422 0 0 0 
137000 100 87.11 0 10 3844.45 0 9.98672 1 37856.9 32.6678 0 0 0 
138000 100 73.59 0 10 3889.74 0 9.98682 1 51166.1 44.0481 0 0 0 
139000 100 88.52 0 10 3903.84 0 9.98691 1 37790.2 32.2907 0 0 0 
140000 100 84.09 0 10 3939.55 0 9.987 1 35717.6 30.2286 0 0 0 
141000 100 76.54 0 10 3989.39 0 9.9871 1 31799.1 26.9402 0 0 0 
142000 100 71.84 0 10 4035.92 0 9.98719 1 45358.8 38.4845 0 0 0 
143000 100 75.41 0 10 4081.48 0 9.98728 1 33693.2 28.5951 0 0 0 
144000 100 91.04 0 10 4133.24 0 9.98737 1 35518.2 30.15 0 0 0 
145000 100 68.55 0 10 4169.89 0 9.98745 1 31898.6 27.0097 0 0 0 
146000 100 67.91 0 10 4194.4 0 9.98754 1 38553.1 32.5273 0 0 0 
147000 100 69.57 0 10 4242.42 0 9.98762 1 26359.7 22.1308 0 0 0 
148000 100 89.01 0 10 4287.8 0 9.98771 1 33566.3 28.1961 0 0 0 
149000 100 85.1 0 10 4363.17 0 9.98779 1 31015.3 25.9379 0 0 0 
150000 100 75.68 0 10 4424.65 0 9.98787 1 33689 28.3185 0 0 0 
151000 100 79.17 0 10 4488.79 0 9.98795 1 39532.9 33.2863 0 0 0 
152000 100 79.45 0 10 4540.26 0 9.98803 1 34840 29.3545 0 0 0 
153000 100 60.64 0 10 4579.24 0 9.98811 1 37024.2 31.2126 0 0 0 
154000 100 73.56 0 10 4590.46 0 9.98819 1 36208.1 30.6382 0 0 0 
155000 100 64.61 0 10 4636.3 0 9.98826 1 26081 21.7944 0 0 0 
156000 100 67.64 0 10 4666.15 0 9.98834 1 35746.6 29.9422 0 0 0 
157000 100 74.1 0 10 4688.92 0 9.98841 1 41527.9 34.7701 0 0 0 
158000 100 79.59 0 10 4728.28 0 9.98848 1 33955.8 28.5966 0 0 0 
159000 100 77.76 0 10 4794.45 0 9.98856 1 34070.2 28.1133 0 0 0 
160000 100 70.05 0 10 4830.36 0 9.98863 1 32745.8 26.7963 0 0 0 
161000 100 81.68 0 10 4860.19 0 9.9887 1 38957.1 31.7874 0 0 0 
162000 100 73.65 0 10 4890.51 0 9.98877 1 39943.8 32.6641 0 0 0 
163000 100 66.63 0 10 4929.44 0 9.98884 1 35774 29.5724 0 0 0 
164000 100 75.76 0 10 4952.44 0 9.98891 1 38139.3 31.5431 0 0 0 
165000 100 82.16 0 10 4968.88 0 9.98897 1 39634 32.8241 0 0 0 
166000 100 88.13 0 10 5011.99 0 9.98904 1 34716.2 28.7691 0 0 0 
167000 100 77.54 0 10 5031.27 0 9.98911 1 40469.2 33.739 0 0 0 
168000 100 76.28 0 10 5062.2 0 9.98917 1 44614.4 36.6013 0 0 0 
169000 100 72.43 0 10 5105.72 0 9.98923 1 34119.7 27.9024 0 0 0 
170000 100 70.44 0 10 5152.13 0 9.9893 1 26122 21.2393 0 0 0 
171000 100 82.18 0 10 5213.85 0 9.98936 1 27937.6 22.7056 0 0 0 
172000 100 64.67 0 10 5235.88 0 9.98942 1 30288.8 24.5855 0 0 0 
173000 100 74.31 0 10 5285.17 0 9.98948 1 32137.6 26.1296 0 0 0 
174000 100 68.2 0 10 5302.62 0 9.98954 1 39882.2 32.5408 0 0 0 
175000 100 72.57 0 10 5348.17 0 9.9896 1 40829.8 33.3216 0 0 0 
176000 100 78.46 0 10 5409 0 9.98966 1 32662.8 26.6959 0 0 0 
177000 100 73.24 0 10 5474.33 0 9.98972 1 29256 23.9907 0 0 0 
178000 100 75.6 0 10 5454.62 0 9.98978 1 40437.8 32.92 0 0 0 
179000 100 78.34 0 10 5504.42 0 9.98984 1 35049.7 28.5446 0 0 0 
180000 100 68.07 0 10 5560.34 0 9.98989 1 27448.5 22.1077 0 0 0 
181000 100 79.32 0 10 5658.6 0 9.98995 1 25214 20.3152 0 0 0 
182000 100 76.83 0 10 5720.02 0 9.99 1 32636.8 26.2441 0 0 0 
183000 100 70.37 0 10 5816.52 0 9.99006 1 32087.8 25.9659 0 0 0 
184000 100 76.98 0 10 5863.74 0 9.99011 1 31218.4 25.3393 0 0 0 
185000 100 65.35 0 10 5886.6 0 9.99017 1 32248.8 26.0718 0 0 0 
186000 100 85.07 0 10 5988.79 0 9.99022 1 33803.4 27.3327 0 0 0 
187000 100 76.03 0 10 6034.22 0 9.99027 1 38235.7 30.8165 0 0 0 
188000 100 71.27 0 10 6088.2 0 9.99032 1 41084.4 33.0816 0 0 0 
189000 100 70.06 0 10 6103.79 0 9.99037 1 36747.9 29.5014 0 0 0 
190000 100 71.15 0 10 6156.76 0 9.99042 1 32078.1 25.7013 0 0 0 
191000 100 82.41 0 10 6221.6 0 9.99047 1 24528.8 19.4832 0 0 0 
192000 100 89.25 0 10 6264.11 0 9.99052 1 31209.9 24.6919 0 0 0 
193000 100 74.02 0 10 6301.57 0 9.99057 1 41733 33.009 0 0 0 
194000 100 72.07 0 10 6341.13 0 9.99062 1 33707.1 26.4972 0 0 0 
195000 100 76.03 0 10 6432.81 0 9.99067 1 31490.4 24.673 0 0 0 
196000 100 80.5 0 10 6484.77 0 9.99072 1 43832.3 34.2495 0 0 0 
197000 100 71.77 0 10 6539.07 0 9.99076 1 41570.2 32.5025 0 0 0 
198000 100 64.13 0 10 6569.8 0 9.99081 1 36131.4 28.2496 0 0 0 
199000 100 71.1 0 10 6606.92 0 9.99086 1 32831 25.6382 0 0 0 
200000 100 75.96 0 10 6631.84 0 9.9909 1 40054.8 31.3311 0 0 0 
201000 100 66.08 0 10 6674.3 0 9.99095 1 35619.6 27.829 0 0 0 
202000 100 79.29 0 10 6746.03 0 9.99099 1 29300.7 22.8628 0 0 0 
203000 100 78.61 0 10 6795.08 0 9.99104 1 34132.4 26.6697 0 0 0 
204000 100 90.79 0 10 6817.24 0 9.99108 1 39237.4 30.525 0 0 0 
205000 100 80.03 0 10 6840.46 0 9.99112 1 41322.3 32.0158 0 0 0 
206000 100 79.18 0 10 6881.89 0 9.99117 1 36519.4 28.2425 0 0 0 
207000 100 77.51 0 10 6946.23 0 9.99121 1 30503.9 23.4916 0 0 0 
208000 100 76.23 0 10 6990.14 0 9.99125 1 39975.7 30.754 0 0 0 
209000 100 72.98 0 10 7054.79 0 9.99129 1 33921.4 26.0974 0 0 0 
210000 100 73.09 0 10 7020.05 0 9.99134 1 28137.7 21.726 0 0 0 
211000 100 70.75 0 10 7068.77 0 9.99138 1 38432.4 29.8177 0 0 0 
212000 100 80.51 0 10 7129.56 0 9.99142 1 41120 31.8078 0 0 0 
213000 100 64.97 0 10 7182.61 0 9.99146 1 30413.6 23.5455 0 0 0 
214000 100 81.44 0 10 7231.52 0 9.9915 1 25477.2 19.777 0 0 0 
215000 100 68.07 0 10 7290.9 0 9.99154 1 35225.9 27.2675 0 0 0 
216000 100 80.43 0 10 7337.84 0 9.99158 1 41887.4 32.2619 0 0 0 
217000 100 77.45 0 10 7353.17 0 9.99162 1 40696.7 31.1931 0 0 0 
218000 100 76.62 0 10 7380.85 0 9.99165 1 30050.1 22.8555 0 0 0 
219000 100 83.46 0 10 7391.01 0 9.99169 1 41920.4 31.8096 0 0 0 
220000 100 77.12 0 10 7409.21 0 9.99173 1 40643.7 30.8195 0 0 0 
221000 100 81.08 0 10 7458.38 0 9.99177 1 39057 29.3873 0 0 0 
222000 100 73.7 0 10 7486.85 0 9.9918 1 46201.1 34.5535 0 0 0 
223000 100 75.84 0 10 7506.61 0 9.99184 1 40179.5 29.947 0 0 0 
224000 100 66.02 0 10 7533.28 0 9.99188 1 37143.3 27.662 0 0 0 
225000 100 84.43 0 10 7554.75 0 9.99191 1 39967.3 29.6713 0 0 0 
226000 100 70.95 0 10 7587.25 0 9.99195 1 47135.9 35.1608 0 0 0 
227000 100 80.5 0 10 7628.95 0 9.99199 1 41357.9 30.9883 0 0 0 
228000 100 80.06 0 10 7645.42 0 9.99202 1 43265.6 32.4323 0 0 0 
229000 100 78.01 0 10 7689.76 0 9.99206 1 38888.6 29.2686 0 0 0 
230000 100 77.18 0 10 7686.1 0 9.99209 1 40712.7 30.5562 0 0 0 
231000 100 57.82 0 10 7736.66 0 9.99212 1 30484.5 22.8375 0 0 0 
232000 100 81.37 0 10 7721.52 0 9.99216 1 42457.5 32.0386 0 0 0 
233000 100 70.05 0 10 7781.81 0 9.99219 1 32545.8 24.5984 0 0 0 
234000 100 65.6 0 10 7832.89 0 9.99222 1 41228.9 31.2237 0 0 0 
235000 100 70.02 0 10 7834.42 0 9.99226 1 32519.7 24.649 0 0 0 
236000 100 71.08 0 10 7902.15 0 9.99229 1 39136.3 29.6191 0 0 0 
237000 100 85.49 0 10 7979.77 0 9.99232 1 34732.6 26.2805 0 0 0 
238000 100 82.85 0 10 8010.31 0 9.99236 1 41305.6 31.3175 0 0 0 
239000 100 78.6 0 10 8026.51 0 9.99239 1 39796.4 30.3426 0 0 0 
240000 100 71.56 0 10 8064.34 0 9.99242 1 40320.2 30.976 0 0 0 
241000 100 74.56 0 10 8106.28 0 9.99245 1 33250.1 25.5285 0 0 0 
242000 100 74.1 0 10 8152.52 0 9.99248 1 28547.7 21.9276 0 0 0 
243000 100 76.98 0 10 8187.3 0 9.99251 1 36217.7 27.8547 0 0 0 
244000 100 69.71 0 10 8222.23 0 9.99254 1 41485.2 32.0523 0 0 0 
245000 100 75.89 0 10 8288.05 0 9.99257 1 29804 23.1231 0 0 0 
246000 100 67.33 0 10 8340.61 0 9.9926 1 27601.5 21.5136 0 0 0 
247000 100 87.56 0 10 8412.4 0 9.99263 1 30283 23.6801 0 0 0 
248000 100 66.54 0 10 8494.77 0 9.99266 1 26902.6 20.9756 0 0 0 
249000 100 86.6 0 10 8539.2 0 9.99269 1 27859.6 21.78 0 0 0 
250000 100 77.05 0 10 8607.56 0 9.99272 1 30347.6 23.7016 0 0 0 