# Avida Average Deme Data
# Sun Apr  6 19:10:32 2014
#  1: Update
#  2: Count
#  3: Age
#  4: Births
#  5: Organisms
#  6: Generation
#  7: Births (at last replication)
#  8: Organisms (at last replication)
#  9: Merit
# 10: Gestation Time
# 11: Time Used (normalized by org fitness)
# 12: Generations between current and last founders
# 13: Events killed
# 14: Attempts to kill event

0 100 0 0 1 0 0 0 1 0 0 0 0 0 
1000 100 45.75 0 10 9.41 0 8.56434 1 41033 35.4055 0 0 0 
2000 100 68.15 0 10 19.37 0 9.28181 1 39303.1 33.8701 0 0 0 
3000 100 58.13 0 10 26.81 0 9.52113 1 41276.9 35.4721 0 0 0 
4000 100 71.19 0 10 37.73 0 9.64081 1 36018.7 30.8834 0 0 0 
5000 100 69.38 0 10 44.76 0 9.71264 1 43213.9 37.0111 0 0 0 
6000 100 63.66 0 10 53.84 0 9.76052 1 40666.3 34.8815 0 0 0 
7000 100 61.81 0 10 63.68 0 9.79473 1 39510 33.8655 0 0 0 
8000 100 80.71 0 10 77.11 0 9.82038 1 35907.8 30.8061 0 0 0 
9000 100 67.98 0 10 88.01 0 9.84034 1 34361.8 29.3366 0 0 0 
10000 100 72.24 0 10 94.9 0 9.8563 1 42273.8 36.0513 0 0 0 
11000 100 68.7 0 10 109.25 0 9.86937 1 39331.7 33.5797 0 0 0 
12000 100 72.87 0 10 117.13 0 9.88025 1 37320.9 31.9286 0 0 0 
13000 100 73.19 0 10 129.61 0 9.88946 1 38300.2 32.5943 0 0 0 
14000 100 63.08 0 10 138.08 0 9.89736 1 37736.5 32.2503 0 0 0 
15000 100 71.05 0 10 147.39 0 9.9042 1 37829.3 32.3312 0 0 0 
16000 100 70.13 0 10 157.17 0 9.91019 1 34606.2 29.6124 0 0 0 
17000 100 66.32 0 10 167.4 0 9.91547 1 40150.2 34.4959 0 0 0 
18000 100 72.23 0 10 180.69 0 9.92017 1 37449 32.0743 0 0 0 
19000 100 71.57 0 10 191.34 0 9.92437 1 35459.4 30.3363 0 0 0 
20000 100 74.89 0 10 202.38 0 9.92815 1 37322.1 31.9649 0 0 0 
21000 100 64.17 0 10 213.07 0 9.93157 1 38544 33.0664 0 0 0 
22000 100 67.58 0 10 229.66 0 9.93468 1 38109.9 32.7978 0 0 0 
23000 100 69.55 0 10 241.15 0 9.93752 1 37500.9 32.29 0 0 0 
24000 100 58.31 0 10 253.33 0 9.94012 1 36337.4 31.1975 0 0 0 
25000 100 75.89 0 10 270.94 0 9.94252 1 38628.5 33.2938 0 0 0 
26000 100 70.19 0 10 278.42 0 9.94473 1 37149.2 32.0245 0 0 0 
27000 100 76.81 0 10 290.7 0 9.94678 1 39667.8 34.0918 0 0 0 
28000 100 63.9 0 10 299.76 0 9.94868 1 38082.5 32.6717 0 0 0 
29000 100 87.13 0 10 306.27 0 9.95045 1 40279.5 34.4728 0 0 0 
30000 100 68.93 0 10 312.96 0 9.9521 1 39257 33.5736 0 0 0 
31000 100 65.69 0 10 325.66 0 9.95364 1 36019.3 30.8341 0 0 0 
32000 100 69.81 0 10 335.95 0 9.95509 1 34898.2 29.8115 0 0 0 
33000 100 74.36 0 10 340.93 0 9.95645 1 33625.2 28.6628 0 0 0 
34000 100 60.57 0 10 344.2 0 9.95773 1 43899.2 37.4655 0 0 0 
35000 100 69.32 0 10 348.6 0 9.95894 1 37718.2 31.9252 0 0 0 
36000 100 74.1 0 10 358.46 0 9.96008 1 37445.2 31.6285 0 0 0 
37000 100 54.52 0 10 369.21 0 9.96116 1 44144.8 37.18 0 0 0 
38000 100 68.65 0 10 378.94 0 9.96218 1 40504.2 33.9572 0 0 0 
39000 100 71.75 0 10 393.96 0 9.96315 1 34585.2 28.7556 0 0 0 
40000 100 83.64 0 10 405.7 0 9.96407 1 38518.2 31.9707 0 0 0 
41000 100 75.77 0 10 418.36 0 9.96495 1 38905.3 32.3119 0 0 0 
42000 100 63.78 0 10 429.06 0 9.96578 1 40611.3 33.7747 0 0 0 
43000 100 76.69 0 10 436.02 0 9.96658 1 38914.2 32.4321 0 0 0 
44000 100 57.75 0 10 448.66 0 9.96734 1 43023.9 35.8498 0 0 0 
45000 100 76.28 0 10 460.42 0 9.96807 1 40077.4 33.3854 0 0 0 
46000 100 66.95 0 10 472.62 0 9.96876 1 36917.7 30.7025 0 0 0 
47000 100 71.21 0 10 486.51 0 9.96942 1 40257.1 33.5558 0 0 0 
48000 100 72.17 0 10 500.8 0 9.97006 1 33341.2 27.8091 0 0 0 
49000 100 74.29 0 10 512.04 0 9.97067 1 38575.3 32.0305 0 0 0 
50000 100 75.86 0 10 528.08 0 9.97126 1 35057.4 28.8184 0 0 0 
51000 100 54.83 0 10 544.46 0 9.97182 1 35210.7 28.974 0 0 0 
52000 100 73.56 0 10 563.94 0 9.97236 1 33985.6 27.964 0 0 0 
53000 100 53.15 0 10 578.58 0 9.97289 1 27548.7 22.617 0 0 0 
54000 100 54.75 0 10 619.14 0 9.97339 1 19674.8 16.2089 0 0 0 
55000 100 62.72 0 10 671 0 9.97387 1 15497 12.8327 0 0 0 
56000 100 33.57 0 10 746.56 0 9.97434 1 5585.78 4.60572 0 0 0 
57000 100 29.77 0 10 841.66 0 9.97479 1 3059.07 2.50197 0 0 0 
58000 100 32.05 0 10 962.65 0 9.97522 1 3235.43 2.68035 0 0 0 
59000 100 39.15 0 10 1069.77 0 9.97564 1 4050.4 3.41365 0 0 0 
60000 100 35.28 0 10 1188.09 0 9.97605 1 2364.73 2.00361 0 0 0 
61000 100 34.13 0 10 1314.56 0 9.97644 1 3312.66 2.81829 0 0 0 
62000 100 38.82 0 10 1429.17 0 9.97682 1 3601.04 3.0552 0 0 0 
63000 100 34.3 0 10 1545.94 0 9.97719 1 4802.33 4.06349 0 0 0 
64000 100 30.06 0 10 1663.6 0 9.97755 1 3806.02 3.22071 0 0 0 
65000 100 25.66 0 10 1817.65 0 9.97789 1 3602.69 3.05593 0 0 0 
66000 100 33.1 0 10 1948.78 0 9.97823 1 3980.8 3.3353 0 0 0 
67000 100 33.47 0 10 2078.6 0 9.97855 1 2435.95 2.02028 0 0 0 
68000 100 29.28 0 10 2197.3 0 9.97887 1 2405.95 2.00471 0 0 0 
69000 100 36.96 0 10 2316.47 0 9.97917 1 3414.29 2.85264 0 0 0 
70000 100 39.48 0 10 2426.87 0 9.97947 1 3186.84 2.65158 0 0 0 
71000 100 35.88 0 10 2538.37 0 9.97976 1 5455.83 4.5951 0 0 0 
72000 100 30.59 0 10 2650.57 0 9.98004 1 5615.01 4.72915 0 0 0 
73000 100 47.64 0 10 2756.7 0 9.98031 1 6109.32 5.17069 0 0 0 
74000 100 38.3 0 10 2880.11 0 9.98058 1 3698.43 3.13559 0 0 0 
75000 100 35.94 0 10 2978.57 0 9.98084 1 4276.47 3.62881 0 0 0 
76000 100 40.66 0 10 3062.71 0 9.98109 1 4353.45 3.68911 0 0 0 
77000 100 33.05 0 10 3179.44 0 9.98134 1 2764.33 2.35139 0 0 0 
78000 100 38.83 0 10 3284.96 0 9.98158 1 5396.58 4.56978 0 0 0 
79000 100 29.82 0 10 3425.95 0 9.98181 1 4440.73 3.76817 0 0 0 
80000 100 31.27 0 10 3506.86 0 9.98204 1 2532.48 2.10498 0 0 0 
81000 100 33.39 0 10 3631.11 0 9.98226 1 2744.03 2.26706 0 0 0 
82000 100 36.51 0 10 3737.77 0 9.98247 1 3909.39 3.23539 0 0 0 
83000 100 35.4 0 10 3836.03 0 9.98269 1 2781.33 2.30492 0 0 0 
84000 100 41.43 0 10 3940.98 0 9.98289 1 3511.73 2.9194 0 0 0 
85000 100 34.49 0 10 4052.63 0 9.98309 1 5991.05 4.91219 0 0 0 
86000 100 32.76 0 10 4155.07 0 9.98329 1 2376.18 1.92847 0 0 0 
87000 100 32.81 0 10 4283.89 0 9.98348 1 2406.56 1.94019 0 0 0 
88000 100 35.26 0 10 4392.04 0 9.98367 1 4624.05 3.68546 0 0 0 
89000 100 30.68 0 10 4514.43 0 9.98385 1 4474.69 3.57852 0 0 0 
90000 100 29 0 10 4646.62 0 9.98403 1 3789 3.00775 0 0 0 
91000 100 35.58 0 10 4773.33 0 9.98421 1 2514.85 1.99308 0 0 0 
92000 100 23.13 0 10 4920.93 0 9.98438 1 3937.11 3.15172 0 0 0 
93000 100 37.53 0 10 5081.07 0 9.98455 1 4458.69 3.5426 0 0 0 
94000 100 29.2 0 10 5228.21 0 9.98471 1 2110.73 1.6666 0 0 0 
95000 100 34.37 0 10 5368.26 0 9.98487 1 2554.41 2.00179 0 0 0 
96000 100 37.21 0 10 5501.15 0 9.98503 1 3363 2.65459 0 0 0 
97000 100 26.73 0 10 5649.6 0 9.98518 1 4433.33 3.52845 0 0 0 
98000 100 26.9 0 10 5822.16 0 9.98534 1 1982.07 1.57635 0 0 0 
99000 100 32.76 0 10 5974.22 0 9.98548 1 2823.01 2.25234 0 0 0 
100000 100 37.59 0 10 6142.18 0 9.98563 1 2818.21 2.2499 0 0 0 
101000 100 25.88 0 10 6312.65 0 9.98577 1 1738.03 1.37415 0 0 0 
102000 100 36.21 0 10 6460.38 0 9.98591 1 2731.93 2.14859 0 0 0 
103000 100 32.47 0 10 6622.47 0 9.98605 1 2783.13 2.18931 0 0 0 
104000 100 25.96 0 10 6782.48 0 9.98618 1 2684.81 2.11432 0 0 0 
105000 100 28.83 0 10 6949.7 0 9.98631 1 2074.49 1.62573 0 0 0 
106000 100 29.06 0 10 7095.95 0 9.98644 1 2278.24 1.77424 0 0 0 
107000 100 32.18 0 10 7242.24 0 9.98657 1 3043.61 2.40034 0 0 0 
108000 100 31.94 0 10 7393.76 0 9.98669 1 2044.02 1.61873 0 0 0 
109000 100 35.18 0 10 7527.14 0 9.98682 1 2055.74 1.64113 0 0 0 
110000 100 38.21 0 10 7682.55 0 9.98694 1 2055.36 1.65644 0 0 0 
111000 100 25.63 0 10 7803.87 0 9.98705 1 1985.43 1.59325 0 0 0 
112000 100 34.62 0 10 7929.68 0 9.98717 1 2092.7 1.67925 0 0 0 
113000 100 30.76 0 10 8056.79 0 9.98728 1 4899.55 3.87037 0 0 0 
114000 100 34.91 0 10 8159.46 0 9.98739 1 4756.92 3.75035 0 0 0 
115000 100 28.45 0 10 8290.53 0 9.9875 1 4789.87 3.77166 0 0 0 
116000 100 36.96 0 10 8413.3 0 9.98761 1 3616.82 2.84445 0 0 0 
117000 100 41.65 0 10 8546.29 0 9.98772 1 2457.38 1.92003 0 0 0 
118000 100 42.21 0 10 8675.36 0 9.98782 1 5578.56 4.34017 0 0 0 
119000 100 30.82 0 10 8830.11 0 9.98792 1 3250.97 2.52416 0 0 0 
120000 100 46.82 0 10 8954.91 0 9.98802 1 5442.39 4.26118 0 0 0 
121000 100 31.88 0 10 9082.52 0 9.98812 1 4682.63 3.58994 0 0 0 
122000 100 35.61 0 10 9185.89 0 9.98822 1 3852.76 2.92934 0 0 0 
123000 100 30.97 0 10 9321.25 0 9.98832 1 3620.52 2.72625 0 0 0 
124000 100 33.71 0 10 9467.79 0 9.98841 1 2690.66 2.01255 0 0 0 
125000 100 35 0 10 9615.76 0 9.9885 1 2987.58 2.27595 0 0 0 
126000 100 26.06 0 10 9752.92 0 9.98859 1 2439.74 1.79105 0 0 0 
127000 100 36.1 0 10 9872.91 0 9.98868 1 2480.35 1.81801 0 0 0 
128000 100 31.42 0 10 10002.9 0 9.98877 1 3024.51 2.24282 0 0 0 
129000 100 27.73 0 10 10153.8 0 9.98886 1 1706.55 1.27474 0 0 0 
130000 100 25.95 0 10 10297.1 0 9.98895 1 2060.76 1.53064 0 0 0 
131000 100 24.4 0 10 10466.6 0 9.98903 1 1594.3 1.18574 0 0 0 
132000 100 32.51 0 10 10611.5 0 9.98911 1 4355.66 3.21045 0 0 0 
133000 100 33.87 0 10 10765.7 0 9.98919 1 4693.41 3.55907 0 0 0 
134000 100 28.17 0 10 10927.5 0 9.98928 1 1639.45 1.24621 0 0 0 
135000 100 18.57 0 10 11140.2 0 9.98935 1 1701.36 1.31133 0 0 0 
136000 100 25.45 0 10 11369.5 0 9.98943 1 1544.06 1.16712 0 0 0 
137000 100 22.62 0 10 11559.9 0 9.98951 1 1450.46 1.09413 0 0 0 
138000 100 32.37 0 10 11711.3 0 9.98959 1 3694.33 2.77948 0 0 0 
139000 100 33.9 0 10 11857.8 0 9.98966 1 3201.83 2.41531 0 0 0 
140000 100 28.78 0 10 12040.5 0 9.98974 1 2400.46 1.79891 0 0 0 
141000 100 28.62 0 10 12252.4 0 9.98981 1 1877.12 1.40768 0 0 0 
142000 100 24.15 0 10 12427.2 0 9.98988 1 3054.99 2.2844 0 0 0 
143000 100 30.03 0 10 12610.3 0 9.98995 1 1741.62 1.30363 0 0 0 
144000 100 33.24 0 10 12791.2 0 9.99002 1 2475.41 1.84786 0 0 0 
145000 100 24.81 0 10 12975.9 0 9.99009 1 1810.44 1.35524 0 0 0 
146000 100 26.78 0 10 13188.9 0 9.99016 1 1550.87 1.14488 0 0 0 
147000 100 24.74 0 10 13374.8 0 9.99022 1 1738.99 1.28097 0 0 0 
148000 100 27.86 0 10 13570.7 0 9.99029 1 2056.98 1.52206 0 0 0 
149000 100 30.03 0 10 13774.2 0 9.99036 1 1989.68 1.46824 0 0 0 
150000 100 24.78 0 10 13947.1 0 9.99042 1 2083.88 1.50892 0 0 0 
151000 100 31.27 0 10 14125.2 0 9.99048 1 1775.93 1.28452 0 0 0 
152000 100 25.79 0 10 14286.4 0 9.99055 1 2047.25 1.46925 0 0 0 
153000 100 27.88 0 10 14457.5 0 9.99061 1 1978.32 1.41165 0 0 0 
154000 100 29.99 0 10 14638.8 0 9.99067 1 1810.86 1.27705 0 0 0 
155000 100 36.46 0 10 14784.2 0 9.99073 1 3455.77 2.38334 0 0 0 
156000 100 31.77 0 10 14921.7 0 9.99079 1 3268.67 2.25416 0 0 0 
157000 100 33.37 0 10 15075.2 0 9.99085 1 2325.4 1.61584 0 0 0 
158000 100 29.05 0 10 15308.5 0 9.9909 1 2971.23 2.10714 0 0 0 
159000 100 30.08 0 10 15445.8 0 9.99096 1 2108.28 1.4861 0 0 0 
160000 100 23.62 0 10 15620.1 0 9.99102 1 2024.34 1.40928 0 0 0 
161000 100 28.06 0 10 15784.1 0 9.99107 1 3649.05 2.49871 0 0 0 
162000 100 27.91 0 10 15936.5 0 9.99113 1 2554.15 1.74728 0 0 0 
163000 100 26.59 0 10 16128.1 0 9.99118 1 1908.33 1.30686 0 0 0 
164000 100 29.6 0 10 16291.1 0 9.99124 1 2306.41 1.56633 0 0 0 
165000 100 19.71 0 10 16507.2 0 9.99129 1 1848.9 1.26849 0 0 0 
166000 100 30.87 0 10 16694.1 0 9.99134 1 1832.94 1.26275 0 0 0 
167000 100 26.22 0 10 16824.3 0 9.99139 1 1839.24 1.28238 0 0 0 
168000 100 33.5 0 10 16964.2 0 9.99145 1 3176.12 2.21565 0 0 0 
169000 100 30.62 0 10 17121.7 0 9.9915 1 2141.24 1.49609 0 0 0 
170000 100 27.65 0 10 17282.6 0 9.99155 1 3154.66 2.21241 0 0 0 
171000 100 23.62 0 10 17477.5 0 9.9916 1 1601.23 1.10371 0 0 0 
172000 100 21.1 0 10 17672.8 0 9.99164 1 1752.68 1.21295 0 0 0 
173000 100 23.32 0 10 17846.4 0 9.99169 1 2034.04 1.38393 0 0 0 
174000 100 24.79 0 10 18044.8 0 9.99174 1 1869.79 1.28685 0 0 0 
175000 100 25.61 0 10 18232.8 0 9.99179 1 2006.68 1.39067 0 0 0 
176000 100 25.82 0 10 18484.7 0 9.99183 1 2211.4 1.54504 0 0 0 
177000 100 23.84 0 10 18682.9 0 9.99188 1 1426.4 0.998165 0 0 0 
178000 100 25.15 0 10 18877.2 0 9.99193 1 2285.5 1.59101 0 0 0 
179000 100 25.81 0 10 19031.7 0 9.99197 1 1753.38 1.21536 0 0 0 
180000 100 26.83 0 10 19158.9 0 9.99202 1 2383.35 1.62338 0 0 0 
181000 100 24.14 0 10 19307.8 0 9.99206 1 1989.52 1.35341 0 0 0 
182000 100 30.93 0 10 19494.6 0 9.9921 1 1917.29 1.31605 0 0 0 
183000 100 23.72 0 10 19699.8 0 9.99215 1 1664.83 1.1409 0 0 0 
184000 100 28.4 0 10 19901.5 0 9.99219 1 1732 1.19427 0 0 0 
185000 100 26.12 0 10 20043.5 0 9.99223 1 1947.91 1.36432 0 0 0 
186000 100 31.75 0 10 20211.1 0 9.99227 1 1860.69 1.3205 0 0 0 
187000 100 25.6 0 10 20372.5 0 9.99232 1 1653.33 1.16872 0 0 0 
188000 100 24.57 0 10 20561 0 9.99236 1 2227.65 1.58939 0 0 0 
189000 100 24.02 0 10 20742.3 0 9.9924 1 2741.08 1.9606 0 0 0 
190000 100 24.83 0 10 20907.3 0 9.99244 1 1784.59 1.27265 0 0 0 
191000 100 30.46 0 10 21075.5 0 9.99248 1 2225.56 1.59854 0 0 0 
192000 100 24.2 0 10 21242.8 0 9.99252 1 3070.25 2.19515 0 0 0 
193000 100 23.6 0 10 21400.5 0 9.99255 1 1703.23 1.2117 0 0 0 
194000 100 25.34 0 10 21571 0 9.99259 1 2305.55 1.64669 0 0 0 
195000 100 23.21 0 10 21753.5 0 9.99263 1 1962.15 1.38767 0 0 0 
196000 100 26.46 0 10 21943 0 9.99267 1 2140.18 1.51005 0 0 0 
197000 100 25.88 0 10 22130.9 0 9.99271 1 1854.1 1.30707 0 0 0 
198000 100 25.36 0 10 22281.4 0 9.99274 1 1648.36 1.13925 0 0 0 
199000 100 19.17 0 10 22430.6 0 9.99278 1 1734.7 1.20391 0 0 0 
200000 100 32.77 0 10 22597.2 0 9.99281 1 2201.1 1.53131 0 0 0 
201000 100 29.07 0 10 22730.9 0 9.99285 1 2772.53 1.92582 0 0 0 
202000 100 34.15 0 10 22888.1 0 9.99289 1 2491.76 1.74304 0 0 0 
203000 100 29.77 0 10 23035.7 0 9.99292 1 1850.02 1.2918 0 0 0 
204000 100 26.72 0 10 23198.6 0 9.99296 1 1577.41 1.09019 0 0 0 
205000 100 27.65 0 10 23359.5 0 9.99299 1 2427.9 1.68246 0 0 0 
206000 100 37.93 0 10 23525.1 0 9.99302 1 1795.49 1.24918 0 0 0 
207000 100 30.46 0 10 23659.5 0 9.99306 1 2218.33 1.53133 0 0 0 
208000 100 25.41 0 10 23828.3 0 9.99309 1 2013.1 1.38613 0 0 0 
209000 100 28.43 0 10 23994.8 0 9.99312 1 1911.96 1.32214 0 0 0 
210000 100 32.97 0 10 24133.2 0 9.99316 1 1941.18 1.35498 0 0 0 
211000 100 35.47 0 10 24306 0 9.99319 1 2065.4 1.44351 0 0 0 
212000 100 25.35 0 10 24454.7 0 9.99322 1 2921.96 2.04372 0 0 0 
213000 100 26.26 0 10 24653.9 0 9.99325 1 1779.29 1.22128 0 0 0 
214000 100 28.54 0 10 24815.3 0 9.99328 1 2705.14 1.82086 0 0 0 
215000 100 28.58 0 10 24991 0 9.99332 1 3051.59 2.03546 0 0 0 
216000 100 23.84 0 10 25164.4 0 9.99335 1 2322.68 1.52876 0 0 0 
217000 100 33.5 0 10 25293.9 0 9.99338 1 2567.11 1.68963 0 0 0 
218000 100 27.76 0 10 25438 0 9.99341 1 2238.6 1.44157 0 0 0 
219000 100 31.26 0 10 25577.1 0 9.99344 1 5179.89 3.30063 0 0 0 
220000 100 46.44 0 10 25717.6 0 9.99347 1 4033.43 2.58555 0 0 0 
221000 100 26.96 0 10 25835.2 0 9.9935 1 4983.9 3.22366 0 0 0 
222000 100 40.78 0 10 25998.2 0 9.99353 1 2448.26 1.59375 0 0 0 
223000 100 30.03 0 10 26165.3 0 9.99356 1 2686.54 1.74747 0 0 0 
224000 100 27.88 0 10 26298.1 0 9.99358 1 2045.11 1.32714 0 0 0 
225000 100 27.33 0 10 26446.2 0 9.99361 1 2740.53 1.76157 0 0 0 
226000 100 28.35 0 10 26595.2 0 9.99364 1 2229.65 1.43002 0 0 0 
227000 100 33.07 0 10 26742.5 0 9.99367 1 3277.15 2.09859 0 0 0 
228000 100 35.52 0 10 26892.4 0 9.9937 1 1999.48 1.29472 0 0 0 
229000 100 29.28 0 10 27016.6 0 9.99372 1 2696.21 1.73814 0 0 0 
230000 100 29.43 0 10 27165.2 0 9.99375 1 3372.54 2.17062 0 0 0 
231000 100 30.57 0 10 27305.8 0 9.99378 1 2137.05 1.37998 0 0 0 
232000 100 28.13 0 10 27445.6 0 9.99381 1 4271.34 2.74228 0 0 0 
233000 100 17.75 0 10 27619.8 0 9.99383 1 1842.19 1.17645 0 0 0 
234000 100 30.61 0 10 27791.7 0 9.99386 1 1855.65 1.19627 0 0 0 
235000 100 27.98 0 10 27960.2 0 9.99388 1 2345.94 1.52407 0 0 0 
236000 100 24.25 0 10 28084.5 0 9.99391 1 2671.39 1.74226 0 0 0 
237000 100 27.85 0 10 28216.3 0 9.99394 1 2066.4 1.35259 0 0 0 
238000 100 22.96 0 10 28386.7 0 9.99396 1 2021.46 1.32475 0 0 0 
239000 100 33.7 0 10 28524.7 0 9.99399 1 2998.23 1.96412 0 0 0 
240000 100 23.51 0 10 28662.3 0 9.99401 1 1771.84 1.16701 0 0 0 
241000 100 31.57 0 10 28810.7 0 9.99404 1 2866.7 1.87908 0 0 0 
242000 100 25.81 0 10 28962.6 0 9.99406 1 2323.02 1.53834 0 0 0 
243000 100 35.07 0 10 29086.6 0 9.99409 1 4860.89 3.22921 0 0 0 
244000 100 21.63 0 10 29239.5 0 9.99411 1 2158.01 1.45352 0 0 0 
245000 100 33.59 0 10 29363 0 9.99413 1 2339.34 1.54668 0 0 0 
246000 100 35.02 0 10 29488.1 0 9.99416 1 3162.99 2.07229 0 0 0 
247000 100 34.34 0 10 29628.6 0 9.99418 1 2530.56 1.64396 0 0 0 
248000 100 32.91 0 10 29739.5 0 9.99421 1 3216.94 2.08183 0 0 0 
249000 100 35.79 0 10 29852.6 0 9.99423 1 3019.09 1.94767 0 0 0 
250000 100 36.72 0 10 29981.9 0 9.99425 1 3249.55 2.08367 0 0 0 