# Avida Average Deme Data
# Mon Apr  7 11:28:06 2014
#  1: Update
#  2: Count
#  3: Age
#  4: Births
#  5: Organisms
#  6: Generation
#  7: Births (at last replication)
#  8: Organisms (at last replication)
#  9: Merit
# 10: Gestation Time
# 11: Time Used (normalized by org fitness)
# 12: Generations between current and last founders
# 13: Events killed
# 14: Attempts to kill event

0 100 0 0 1 0 0 0 1 0 0 0 0 0 
1000 100 70.27 0 10 10.88 0 8.68472 1 40462 34.8922 0 0 0 
2000 100 64.91 0 10 19.24 0 9.34203 1 41276.9 35.6795 0 0 0 
3000 100 73.27 0 10 28.07 0 9.56128 1 41811.5 36.21 0 0 0 
4000 100 77.74 0 10 38.5 0 9.67093 1 39009.7 33.7069 0 0 0 
5000 100 62.89 0 10 48.95 0 9.73673 1 39706.4 34.5137 0 0 0 
6000 100 70.93 0 10 57.63 0 9.7806 1 40480.6 35.0915 0 0 0 
7000 100 80.31 0 10 67.82 0 9.81194 1 40781.1 35.369 0 0 0 
8000 100 74.21 0 10 76.32 0 9.83545 1 35834.5 31.1369 0 0 0 
9000 100 77.53 0 10 88.21 0 9.85373 1 39559.8 34.4542 0 0 0 
10000 100 76.63 0 10 109.1 0 9.86835 1 34201.8 29.5582 0 0 0 
11000 100 74.96 0 10 124.22 0 9.88032 1 35004.6 30.1403 0 0 0 
12000 100 58.64 0 10 133.67 0 9.89029 1 34464.2 29.6415 0 0 0 
13000 100 68.54 0 10 150.76 0 9.89873 1 40265.2 34.6019 0 0 0 
14000 100 69.99 0 10 174.86 0 9.90596 1 35752.4 30.8144 0 0 0 
15000 100 69.28 0 10 193.96 0 9.91223 1 33867 29.3014 0 0 0 
16000 100 67.83 0 10 210.86 0 9.91772 1 35042.7 30.3513 0 0 0 
17000 100 65.22 0 10 228.41 0 9.92256 1 31937.3 27.7702 0 0 0 
18000 100 62.09 0 10 243.95 0 9.92686 1 34008.8 29.5805 0 0 0 
19000 100 69.08 0 10 259.4 0 9.93071 1 32433.7 28.1795 0 0 0 
20000 100 74.85 0 10 274.48 0 9.93417 1 29669.8 25.9271 0 0 0 
21000 100 65.91 0 10 285.85 0 9.93731 1 31824.2 27.846 0 0 0 
22000 100 67.5 0 10 302.56 0 9.94016 1 34281.8 30.0063 0 0 0 
23000 100 65.34 0 10 318.7 0 9.94276 1 33527.3 29.3624 0 0 0 
24000 100 66.9 0 10 333.98 0 9.94514 1 31701.8 27.8207 0 0 0 
25000 100 74.23 0 10 345.86 0 9.94734 1 32251.8 28.0838 0 0 0 
26000 100 74.28 0 10 349.77 0 9.94936 1 36822 31.896 0 0 0 
27000 100 69.11 0 10 364.11 0 9.95124 1 34568.6 29.8773 0 0 0 
28000 100 78.16 0 10 371.26 0 9.95298 1 36381.9 31.2575 0 0 0 
29000 100 78.65 0 10 383.99 0 9.9546 1 36034.4 31.0303 0 0 0 
30000 100 68.29 0 10 393.69 0 9.95611 1 37899.1 32.633 0 0 0 
31000 100 77.03 0 10 403.41 0 9.95753 1 33900.3 29.1037 0 0 0 
32000 100 77.88 0 10 420.96 0 9.95886 1 39108 33.6325 0 0 0 
33000 100 78.43 0 10 433.15 0 9.9601 1 36531 31.3942 0 0 0 
34000 100 76.87 0 10 446.92 0 9.96128 1 35171.9 30.1528 0 0 0 
35000 100 76.6 0 10 462.88 0 9.96238 1 35802.3 30.6525 0 0 0 
36000 100 69.47 0 10 476.88 0 9.96343 1 30712.6 26.3503 0 0 0 
37000 100 58.95 0 10 488.37 0 9.96442 1 35135.8 30.2125 0 0 0 
38000 100 65.72 0 10 495.26 0 9.96535 1 38270.6 33.4942 0 0 0 
39000 100 60.87 0 10 506.7 0 9.96624 1 31512.1 27.5624 0 0 0 
40000 100 57.51 0 10 525.36 0 9.96709 1 35793.5 31.2877 0 0 0 
41000 100 57.36 0 10 544 0 9.96789 1 32259.4 28.0564 0 0 0 
42000 100 59.56 0 10 565.29 0 9.96865 1 33051.6 28.7805 0 0 0 
43000 100 61.76 0 10 571.66 0 9.96938 1 35909.1 30.7768 0 0 0 
44000 100 71.1 0 10 582.98 0 9.97008 1 36120.9 30.5593 0 0 0 
45000 100 64.78 0 10 601.58 0 9.97074 1 35896.3 30.4372 0 0 0 
46000 100 62.53 0 10 623 0 9.97138 1 39117.4 33.1913 0 0 0 
47000 100 62.41 0 10 651.54 0 9.97199 1 28548.2 24.3079 0 0 0 
48000 100 65.98 0 10 670.35 0 9.97257 1 31291.1 26.6922 0 0 0 
49000 100 69.09 0 10 687.91 0 9.97313 1 24723.4 21.1133 0 0 0 
50000 100 71.34 0 10 707.83 0 9.97367 1 32243.1 27.5158 0 0 0 
51000 100 71.36 0 10 718.96 0 9.97418 1 32974.9 28.0467 0 0 0 
52000 100 66.76 0 10 726.75 0 9.97468 1 31152.4 26.5857 0 0 0 
53000 100 57.36 0 10 743.1 0 9.97516 1 30781.3 26.2566 0 0 0 
54000 100 72.52 0 10 760.66 0 9.97562 1 31206.1 26.5131 0 0 0 
55000 100 69.73 0 10 782.2 0 9.97606 1 28958.7 24.5011 0 0 0 
56000 100 60.02 0 10 802.76 0 9.97649 1 30972.9 26.0928 0 0 0 
57000 100 69.49 0 10 825.04 0 9.9769 1 32617.1 27.6099 0 0 0 
58000 100 71.52 0 10 843.83 0 9.9773 1 30955.5 26.2967 0 0 0 
59000 100 61.95 0 10 868.51 0 9.97769 1 31805.9 26.8597 0 0 0 
60000 100 73.47 0 10 894.33 0 9.97806 1 29741.3 25.0805 0 0 0 
61000 100 64.62 0 10 901.52 0 9.97842 1 37541.7 31.6453 0 0 0 
62000 100 69.7 0 10 909 0 9.97876 1 32804.6 27.6542 0 0 0 
63000 100 72.93 0 10 905.71 0 9.9791 1 35961.8 30.1969 0 0 0 
64000 100 68.92 0 10 929.78 0 9.97943 1 32246.5 27.1212 0 0 0 
65000 100 69.16 0 10 955.38 0 9.97974 1 31199.6 26.4438 0 0 0 
66000 100 70.61 0 10 975.33 0 9.98005 1 33906.7 28.6646 0 0 0 
67000 100 61.65 0 10 1011.11 0 9.98035 1 32686.7 27.7404 0 0 0 
68000 100 69.46 0 10 1033.46 0 9.98064 1 31523.7 26.8971 0 0 0 
69000 100 71.28 0 10 1051.47 0 9.98092 1 31162.2 26.6818 0 0 0 
70000 100 69.82 0 10 1067.62 0 9.98119 1 31098 26.6061 0 0 0 
71000 100 65.96 0 10 1082.74 0 9.98146 1 30222.1 25.8086 0 0 0 
72000 100 63.6 0 10 1093.88 0 9.98171 1 30840 26.186 0 0 0 
73000 100 61.02 0 10 1112.43 0 9.98196 1 32160.9 27.3924 0 0 0 
74000 100 61.15 0 10 1131.36 0 9.98221 1 34229.8 29.1566 0 0 0 
75000 100 75.97 0 10 1143.65 0 9.98245 1 27098 23.072 0 0 0 
76000 100 65.21 0 10 1161.66 0 9.98268 1 31486.1 26.6507 0 0 0 
77000 100 74.54 0 10 1172.31 0 9.9829 1 30160.2 25.5857 0 0 0 
78000 100 63.4 0 10 1191.34 0 9.98312 1 30991.4 26.3805 0 0 0 
79000 100 69.39 0 10 1211.74 0 9.98333 1 29150.9 24.9142 0 0 0 
80000 100 68.38 0 10 1231.25 0 9.98354 1 32893.1 28.1328 0 0 0 
81000 100 66.94 0 10 1252.12 0 9.98375 1 33917.4 28.8864 0 0 0 
82000 100 70.73 0 10 1271.35 0 9.98394 1 31846.2 27.1405 0 0 0 
83000 100 64.3 0 10 1292.06 0 9.98414 1 32481.4 27.9194 0 0 0 
84000 100 72.02 0 10 1316.96 0 9.98433 1 30861.4 26.7625 0 0 0 
85000 100 63.82 0 10 1335.09 0 9.98451 1 31789.2 27.6232 0 0 0 
86000 100 77.46 0 10 1347.79 0 9.98469 1 34846.8 30.3722 0 0 0 
87000 100 72.17 0 10 1365.27 0 9.98487 1 33781.1 29.4553 0 0 0 
88000 100 60.61 0 10 1389.19 0 9.98504 1 26960.8 23.6153 0 0 0 
89000 100 63.94 0 10 1405.54 0 9.98521 1 25273.2 22.1326 0 0 0 
90000 100 69.6 0 10 1422 0 9.98537 1 26296.1 23.0547 0 0 0 
91000 100 76.5 0 10 1431.82 0 9.98553 1 29412.3 25.8508 0 0 0 
92000 100 61.9 0 10 1454.03 0 9.98569 1 28631.4 25.1202 0 0 0 
93000 100 61.31 0 10 1470.93 0 9.98584 1 31221.9 27.4046 0 0 0 
94000 100 72.73 0 10 1491.34 0 9.98599 1 30523.1 26.6807 0 0 0 
95000 100 62.64 0 10 1519.6 0 9.98614 1 28481.7 24.789 0 0 0 
96000 100 58.47 0 10 1544.4 0 9.98629 1 27801.9 24.1748 0 0 0 
97000 100 64.33 0 10 1561.06 0 9.98643 1 24515.8 21.288 0 0 0 
98000 100 58.57 0 10 1580.15 0 9.98657 1 27262 23.6804 0 0 0 
99000 100 65.34 0 10 1604.3 0 9.9867 1 23093.9 20.0551 0 0 0 
100000 100 53.56 0 10 1624.21 0 9.98683 1 26267.3 22.7979 0 0 0 
101000 100 59.94 0 10 1645.99 0 9.98696 1 23728.6 20.5822 0 0 0 
102000 100 57.41 0 10 1664.93 0 9.98709 1 25534.3 22.1257 0 0 0 
103000 100 60.67 0 10 1689.85 0 9.98722 1 25495 22.1639 0 0 0 
104000 100 60.66 0 10 1706.87 0 9.98734 1 25058.5 21.7866 0 0 0 
105000 100 62.91 0 10 1727.86 0 9.98746 1 25849.4 22.3531 0 0 0 
106000 100 60.66 0 10 1753.09 0 9.98758 1 21374.4 18.4833 0 0 0 
107000 100 46.27 0 10 1781.18 0 9.9877 1 20638.1 17.6291 0 0 0 
108000 100 60.53 0 10 1806.69 0 9.98781 1 21087.8 18.0928 0 0 0 
109000 100 56.85 0 10 1831.33 0 9.98792 1 30408.2 26.0756 0 0 0 
110000 100 64.81 0 10 1858.67 0 9.98803 1 24790.5 21.3249 0 0 0 
111000 100 56.85 0 10 1884.02 0 9.98814 1 26185.8 22.3985 0 0 0 
112000 100 75.47 0 10 1912.36 0 9.98824 1 24887.2 21.366 0 0 0 
113000 100 59.44 0 10 1932.62 0 9.98835 1 24475.7 20.9788 0 0 0 
114000 100 60.15 0 10 1951.63 0 9.98845 1 29157.2 25.0009 0 0 0 
115000 100 59.76 0 10 1974.18 0 9.98855 1 26803.5 23.194 0 0 0 
116000 100 61.59 0 10 1995.09 0 9.98865 1 22415.2 19.3368 0 0 0 
117000 100 70.56 0 10 2018.56 0 9.98875 1 25690.4 22.2893 0 0 0 
118000 100 55.71 0 10 2045.6 0 9.98884 1 25265.8 21.9673 0 0 0 
119000 100 62.78 0 10 2054.03 0 9.98894 1 21633.8 18.796 0 0 0 
120000 100 71.74 0 10 2077.6 0 9.98903 1 22107.3 19.2525 0 0 0 
121000 100 59.12 0 10 2104.09 0 9.98912 1 22105.6 19.1215 0 0 0 
122000 100 66.15 0 10 2118.21 0 9.98921 1 23387.5 20.2331 0 0 0 
123000 100 56.45 0 10 2145.07 0 9.9893 1 23568.8 20.5704 0 0 0 
124000 100 60.64 0 10 2170.93 0 9.98938 1 26010.7 22.7709 0 0 0 
125000 100 63.74 0 10 2193.92 0 9.98947 1 23661.7 20.4748 0 0 0 
126000 100 71.7 0 10 2213.92 0 9.98955 1 32300.4 27.6586 0 0 0 
127000 100 58.25 0 10 2240.22 0 9.98963 1 27009 22.9829 0 0 0 
128000 100 62.07 0 10 2261.59 0 9.98971 1 27144.9 23.2543 0 0 0 
129000 100 68.01 0 10 2286.09 0 9.98979 1 28453.9 24.2998 0 0 0 
130000 100 69.31 0 10 2313.51 0 9.98987 1 24745.6 21.2801 0 0 0 
131000 100 63.33 0 10 2333.22 0 9.98995 1 24491.1 21.18 0 0 0 
132000 100 64.9 0 10 2355.89 0 9.99003 1 25286.3 21.8352 0 0 0 
133000 100 65.4 0 10 2378.24 0 9.9901 1 24811.9 21.3626 0 0 0 
134000 100 63.12 0 10 2411.19 0 9.99017 1 25827.7 22.2733 0 0 0 
135000 100 63.39 0 10 2439.75 0 9.99025 1 24745.8 21.3842 0 0 0 
136000 100 60.34 0 10 2449.3 0 9.99032 1 30284.5 26.2397 0 0 0 
137000 100 67.29 0 10 2472.24 0 9.99039 1 25827.4 22.3105 0 0 0 
138000 100 67.61 0 10 2493.32 0 9.99046 1 30648.1 26.8275 0 0 0 
139000 100 69.36 0 10 2513.03 0 9.99053 1 29359.2 25.8154 0 0 0 
140000 100 53.64 0 10 2539.34 0 9.9906 1 25765.3 22.7088 0 0 0 
141000 100 74.5 0 10 2566.96 0 9.99066 1 29054.5 25.5908 0 0 0 
142000 100 54.15 0 10 2588.26 0 9.99073 1 23881.2 21.0554 0 0 0 
143000 100 66.18 0 10 2610.1 0 9.99079 1 24407.1 21.5773 0 0 0 
144000 100 59.85 0 10 2631.89 0 9.99086 1 25886.4 22.8303 0 0 0 
145000 100 69.02 0 10 2652.02 0 9.99092 1 25043.5 22.0994 0 0 0 
146000 100 64.14 0 10 2670.95 0 9.99098 1 20065.7 17.6031 0 0 0 
147000 100 57.23 0 10 2699.81 0 9.99104 1 26285.9 23.352 0 0 0 
148000 100 62.3 0 10 2722.34 0 9.9911 1 20977.1 18.681 0 0 0 
149000 100 60.76 0 10 2742.08 0 9.99116 1 25924.9 23.0557 0 0 0 
150000 100 71.69 0 10 2761.1 0 9.99122 1 25569.7 23.0188 0 0 0 
151000 100 61.84 0 10 2792.56 0 9.99128 1 25121.6 22.5331 0 0 0 
152000 100 54.79 0 10 2807.72 0 9.99134 1 28369 25.4076 0 0 0 
153000 100 63.49 0 10 2840.21 0 9.99139 1 23485 21.1595 0 0 0 
154000 100 64.23 0 10 2863.38 0 9.99145 1 29146 26.2443 0 0 0 
155000 100 59.24 0 10 2876.86 0 9.99151 1 31819.7 28.5142 0 0 0 
156000 100 54.42 0 10 2894.49 0 9.99156 1 28327 25.2835 0 0 0 
157000 100 64.02 0 10 2900.81 0 9.99161 1 25342.5 22.7189 0 0 0 
158000 100 67.1 0 10 2918.84 0 9.99167 1 32843.9 29.6392 0 0 0 
159000 100 62.95 0 10 2942.76 0 9.99172 1 27019.3 24.4695 0 0 0 
160000 100 59.93 0 10 2977.75 0 9.99177 1 30500.4 27.5793 0 0 0 
161000 100 55.22 0 10 3004.18 0 9.99182 1 25567.9 23.1976 0 0 0 
162000 100 62.05 0 10 3025.45 0 9.99187 1 24791.2 22.6735 0 0 0 
163000 100 56.11 0 10 3049.39 0 9.99192 1 24151.6 22.0779 0 0 0 
164000 100 52.67 0 10 3081.01 0 9.99197 1 21707.2 19.8237 0 0 0 
165000 100 56.89 0 10 3105.07 0 9.99202 1 28512 25.9908 0 0 0 
166000 100 55.62 0 10 3124.47 0 9.99207 1 25099 23.0077 0 0 0 
167000 100 67.13 0 10 3140.71 0 9.99212 1 22887.7 20.8489 0 0 0 
168000 100 54.03 0 10 3160.65 0 9.99216 1 31756.7 28.7117 0 0 0 
169000 100 64.54 0 10 3191.04 0 9.99221 1 25198.1 23.0317 0 0 0 
170000 100 60.86 0 10 3204.25 0 9.99226 1 22940.6 20.9306 0 0 0 
171000 100 71.53 0 10 3233.03 0 9.9923 1 25307.8 23.1249 0 0 0 
172000 100 67.46 0 10 3253.94 0 9.99235 1 30211.8 27.7295 0 0 0 
173000 100 70.97 0 10 3276.67 0 9.99239 1 24332.6 22.3006 0 0 0 
174000 100 68.4 0 10 3298.72 0 9.99243 1 26619.8 24.3476 0 0 0 
175000 100 55.67 0 10 3318.04 0 9.99248 1 29320.8 26.7536 0 0 0 
176000 100 69.07 0 10 3344.87 0 9.99252 1 28817.4 26.1194 0 0 0 
177000 100 57.46 0 10 3380.73 0 9.99256 1 24520.5 22.271 0 0 0 
178000 100 54.85 0 10 3403.76 0 9.9926 1 21141.2 19.1211 0 0 0 
179000 100 65.15 0 10 3437.42 0 9.99264 1 25751.8 23.0976 0 0 0 
180000 100 59.37 0 10 3461.24 0 9.99269 1 24531 21.9931 0 0 0 
181000 100 59.76 0 10 3485.11 0 9.99273 1 25591.6 22.8382 0 0 0 
182000 100 67.95 0 10 3507.83 0 9.99277 1 26662.9 23.8236 0 0 0 
183000 100 68.46 0 10 3527.21 0 9.99281 1 26991.2 24.3083 0 0 0 
184000 100 60.15 0 10 3544.25 0 9.99284 1 24743.5 22.3226 0 0 0 
185000 100 62.83 0 10 3572.55 0 9.99288 1 25659.6 22.9897 0 0 0 
186000 100 66.26 0 10 3604.97 0 9.99292 1 22466.3 20.1239 0 0 0 
187000 100 52.27 0 10 3624.65 0 9.99296 1 21861.4 19.6456 0 0 0 
188000 100 60.69 0 10 3642.39 0 9.993 1 26765 23.9899 0 0 0 
189000 100 60.11 0 10 3660.4 0 9.99303 1 24163.6 21.5629 0 0 0 
190000 100 60.52 0 10 3678.3 0 9.99307 1 29502.7 26.2427 0 0 0 
191000 100 55.66 0 10 3701.13 0 9.99311 1 26508.8 23.9327 0 0 0 
192000 100 70.41 0 10 3724.78 0 9.99314 1 23780.3 21.2248 0 0 0 
193000 100 64.52 0 10 3748.52 0 9.99318 1 22008.4 19.5494 0 0 0 
194000 100 62.61 0 10 3776.8 0 9.99321 1 22450.2 19.9082 0 0 0 
195000 100 66.15 0 10 3799.92 0 9.99325 1 26285.1 23.1878 0 0 0 
196000 100 62.54 0 10 3822.17 0 9.99328 1 22118.3 19.4715 0 0 0 
197000 100 62.91 0 10 3837.7 0 9.99332 1 25453 22.3066 0 0 0 
198000 100 53.87 0 10 3857.88 0 9.99335 1 30663.2 26.9532 0 0 0 
199000 100 62.66 0 10 3879.48 0 9.99338 1 25344.6 22.1747 0 0 0 
200000 100 66.07 0 10 3906.23 0 9.99342 1 28835.6 25.2371 0 0 0 
201000 100 52.09 0 10 3927.41 0 9.99345 1 28500.4 24.8542 0 0 0 
202000 100 57.76 0 10 3954.45 0 9.99348 1 22949.3 20.0164 0 0 0 
203000 100 67.19 0 10 3977.73 0 9.99351 1 26003.9 22.6143 0 0 0 
204000 100 62.62 0 10 4002.08 0 9.99355 1 27381.4 23.8126 0 0 0 
205000 100 67.59 0 10 4020.87 0 9.99358 1 26785 23.2674 0 0 0 
206000 100 64.41 0 10 4050.85 0 9.99361 1 22084 19.0133 0 0 0 
207000 100 54.27 0 10 4074.52 0 9.99364 1 25631.5 22.0385 0 0 0 
208000 100 70.01 0 10 4096.88 0 9.99367 1 25550.1 21.8323 0 0 0 
209000 100 63.9 0 10 4125.38 0 9.9937 1 26247.9 22.133 0 0 0 
210000 100 66.5 0 10 4162.93 0 9.99373 1 23057.1 19.4092 0 0 0 
211000 100 67.6 0 10 4179.71 0 9.99376 1 24061.3 20.2787 0 0 0 
212000 100 51.07 0 10 4215.38 0 9.99379 1 23686.9 19.9542 0 0 0 
213000 100 62.21 0 10 4246.54 0 9.99382 1 28180.5 23.7422 0 0 0 
214000 100 34.2 0 10 4285.04 0 9.99385 1 10058.4 8.50911 0 0 0 
215000 100 41.75 0 10 4385.69 0 9.99388 1 3666.05 3.10191 0 0 0 
216000 100 37.04 0 10 4506.74 0 9.9939 1 2498.12 2.13145 0 0 0 
217000 100 35.61 0 10 4615.32 0 9.99393 1 3121.31 2.6787 0 0 0 
218000 100 28.53 0 10 4728.34 0 9.99396 1 4309.25 3.69138 0 0 0 
219000 100 30.84 0 10 4859.77 0 9.99399 1 3358.38 2.86853 0 0 0 
220000 100 24.04 0 10 5017.07 0 9.99402 1 4533.2 3.89426 0 0 0 
221000 100 30.63 0 10 5155.18 0 9.99404 1 4135.04 3.60749 0 0 0 
222000 100 31.17 0 10 5295.44 0 9.99407 1 4322.16 3.75099 0 0 0 
223000 100 24.36 0 10 5409.27 0 9.9941 1 2290.43 1.98063 0 0 0 
224000 100 35.03 0 10 5544.92 0 9.99412 1 2187.57 1.86112 0 0 0 
225000 100 27.72 0 10 5688.55 0 9.99415 1 3588.11 3.00886 0 0 0 
226000 100 39.23 0 10 5823.69 0 9.99417 1 4326 3.616 0 0 0 
227000 100 27.27 0 10 5968.91 0 9.9942 1 2517.58 2.08859 0 0 0 
228000 100 28.13 0 10 6100.36 0 9.99423 1 4396.24 3.64386 0 0 0 
229000 100 29.75 0 10 6236.15 0 9.99425 1 2312.13 1.89544 0 0 0 
230000 100 34.19 0 10 6365.2 0 9.99428 1 3992.27 3.26205 0 0 0 
231000 100 28.48 0 10 6518.09 0 9.9943 1 2211.4 1.79821 0 0 0 
232000 100 29.45 0 10 6652.34 0 9.99433 1 2398.24 1.95777 0 0 0 
233000 100 30.8 0 10 6783.43 0 9.99435 1 3401.41 2.71157 0 0 0 
234000 100 27.15 0 10 6910.78 0 9.99437 1 3178.09 2.51255 0 0 0 
235000 100 35.67 0 10 7026.36 0 9.9944 1 3804.38 3.01381 0 0 0 
236000 100 27.33 0 10 7167.27 0 9.99442 1 3763.62 2.96844 0 0 0 
237000 100 33.56 0 10 7296.44 0 9.99444 1 3391.71 2.70406 0 0 0 
238000 100 34.16 0 10 7426.91 0 9.99447 1 2959.13 2.37775 0 0 0 
239000 100 29.65 0 10 7576.98 0 9.99449 1 3052.31 2.44228 0 0 0 
240000 100 37.9 0 10 7709.03 0 9.99451 1 2458.55 1.95647 0 0 0 
241000 100 35.02 0 10 7836.6 0 9.99454 1 3720.14 2.95525 0 0 0 
242000 100 28.73 0 10 7981 0 9.99456 1 2792.55 2.1607 0 0 0 
243000 100 29.89 0 10 8129.11 0 9.99458 1 2435.4 1.88156 0 0 0 
244000 100 37.8 0 10 8223.46 0 9.9946 1 3104.8 2.38388 0 0 0 
245000 100 24.44 0 10 8379.85 0 9.99463 1 2019.59 1.5518 0 0 0 
246000 100 24.43 0 10 8524.43 0 9.99465 1 1952.23 1.48406 0 0 0 
247000 100 25.83 0 10 8673.22 0 9.99467 1 2026.31 1.53331 0 0 0 
248000 100 24.46 0 10 8845.52 0 9.99469 1 2103.87 1.58243 0 0 0 
249000 100 26 0 10 9024.72 0 9.99471 1 2550.51 1.92354 0 0 0 
250000 100 30.48 0 10 9191.95 0 9.99473 1 2215.36 1.67549 0 0 0 