# Avida Average Deme Data
# Mon Apr  7 02:50:36 2014
#  1: Update
#  2: Count
#  3: Age
#  4: Births
#  5: Organisms
#  6: Generation
#  7: Births (at last replication)
#  8: Organisms (at last replication)
#  9: Merit
# 10: Gestation Time
# 11: Time Used (normalized by org fitness)
# 12: Generations between current and last founders
# 13: Events killed
# 14: Attempts to kill event

0 100 0 0 1 0 0 0 1 0 0 0 0 0 
1000 100 57.41 0 10 9.05 0 8.66643 1 41984.7 36.1817 0 0 0 
2000 100 69.52 0 10 19.18 0 9.33288 1 44719.5 38.4589 0 0 0 
3000 100 75.58 0 10 34.14 0 9.55518 1 36799.7 31.6266 0 0 0 
4000 100 60.93 0 10 42.03 0 9.66636 1 38552.9 33.0357 0 0 0 
5000 100 78.22 0 10 52.25 0 9.73307 1 43475.3 37.0432 0 0 0 
6000 100 69.49 0 10 61.96 0 9.77755 1 42264.8 35.8517 0 0 0 
7000 100 65.45 0 10 69.21 0 9.80933 1 40008.7 33.6228 0 0 0 
8000 100 67.44 0 10 81.72 0 9.83316 1 38250.6 32.4532 0 0 0 
9000 100 71.51 0 10 99.89 0 9.85169 1 32333.3 27.4325 0 0 0 
10000 100 71.92 0 10 124.23 0 9.86652 1 28808.2 24.4366 0 0 0 
11000 100 60.2 0 10 141.9 0 9.87866 1 34335.6 28.9118 0 0 0 
12000 100 77.55 0 10 158.32 0 9.88877 1 36695.8 30.9528 0 0 0 
13000 100 54.25 0 10 176.11 0 9.89732 1 28849.8 24.3679 0 0 0 
14000 100 55.81 0 10 195.69 0 9.90466 1 32013.7 26.9936 0 0 0 
15000 100 62.67 0 10 212.35 0 9.91101 1 32076.8 27.0253 0 0 0 
16000 100 66.43 0 10 223.43 0 9.91657 1 25041.4 21.1956 0 0 0 
17000 100 69.05 0 10 238.2 0 9.92148 1 28826.4 24.2958 0 0 0 
18000 100 69.11 0 10 257.43 0 9.92584 1 28698.7 24.1919 0 0 0 
19000 100 70.88 0 10 271.1 0 9.92975 1 30061.8 25.3651 0 0 0 
20000 100 64.57 0 10 287.57 0 9.93326 1 34657.6 29.2226 0 0 0 
21000 100 66.08 0 10 309.65 0 9.93644 1 30039.8 25.2956 0 0 0 
22000 100 72.15 0 10 336.47 0 9.93933 1 26723.7 22.5157 0 0 0 
23000 100 58.27 0 10 347.31 0 9.94196 1 27445.5 23.0773 0 0 0 
24000 100 62.16 0 10 365.22 0 9.94438 1 31114.4 26.1112 0 0 0 
25000 100 66.41 0 10 380.96 0 9.94661 1 31620 26.6135 0 0 0 
26000 100 74.39 0 10 396.08 0 9.94866 1 38375.1 32.3672 0 0 0 
27000 100 66.98 0 10 409.71 0 9.95056 1 30721.8 25.8944 0 0 0 
28000 100 63.56 0 10 430.32 0 9.95233 1 34614 29.2245 0 0 0 
29000 100 71.17 0 10 447.45 0 9.95397 1 31847.8 26.9625 0 0 0 
30000 100 79.14 0 10 471.08 0 9.9555 1 33373.1 28.2309 0 0 0 
31000 100 78.24 0 10 493.35 0 9.95694 1 29407.8 25.0901 0 0 0 
32000 100 62.72 0 10 515.1 0 9.95829 1 32569.3 27.9752 0 0 0 
33000 100 65.08 0 10 533.49 0 9.95955 1 27043 23.4732 0 0 0 
34000 100 61.46 0 10 549.41 0 9.96074 1 30958.1 26.9754 0 0 0 
35000 100 60.19 0 10 571.17 0 9.96186 1 29266.7 25.6942 0 0 0 
36000 100 71.03 0 10 590.14 0 9.96292 1 31385.2 27.52 0 0 0 
37000 100 78.77 0 10 609.54 0 9.96392 1 27817.2 24.3531 0 0 0 
38000 100 63.52 0 10 627.05 0 9.96487 1 32449.7 28.3407 0 0 0 
39000 100 63.32 0 10 650.21 0 9.96577 1 32252.8 27.9933 0 0 0 
40000 100 60.67 0 10 667.72 0 9.96663 1 31146.9 27.1809 0 0 0 
41000 100 69.91 0 10 684.26 0 9.96744 1 29495.4 25.945 0 0 0 
42000 100 72.39 0 10 690.12 0 9.96822 1 32404.8 28.0334 0 0 0 
43000 100 59.86 0 10 702.85 0 9.96896 1 30044.9 25.7637 0 0 0 
44000 100 49.55 0 10 741.19 0 9.96966 1 28119 24.7568 0 0 0 
45000 100 60.69 0 10 746.57 0 9.97034 1 29245.1 25.2669 0 0 0 
46000 100 59.7 0 10 765.09 0 9.97098 1 32111.1 27.6885 0 0 0 
47000 100 65.11 0 10 771.37 0 9.9716 1 28457.4 24.28 0 0 0 
48000 100 66.14 0 10 789.75 0 9.97219 1 24435.3 20.9224 0 0 0 
49000 100 77.79 0 10 804.16 0 9.97276 1 30462.5 26.157 0 0 0 
50000 100 64.73 0 10 820.64 0 9.9733 1 29958.4 25.7977 0 0 0 
51000 100 65.65 0 10 836.26 0 9.97383 1 32267.4 27.6802 0 0 0 
52000 100 70.5 0 10 857.2 0 9.97433 1 25632.9 21.9007 0 0 0 
53000 100 66.06 0 10 882.92 0 9.97481 1 27287.6 23.3075 0 0 0 
54000 100 65.67 0 10 900.96 0 9.97528 1 28302.3 23.9971 0 0 0 
55000 100 63.5 0 10 921.54 0 9.97573 1 28824.6 24.4652 0 0 0 
56000 100 65.38 0 10 944.82 0 9.97616 1 25014.3 21.2775 0 0 0 
57000 100 63.52 0 10 959.78 0 9.97658 1 28326.8 24.0472 0 0 0 
58000 100 63.09 0 10 975.56 0 9.97698 1 32088.4 27.2672 0 0 0 
59000 100 73.34 0 10 992.95 0 9.97737 1 27558 23.4395 0 0 0 
60000 100 69.81 0 10 1019.53 0 9.97775 1 29653.4 25.156 0 0 0 
61000 100 65.48 0 10 1046.16 0 9.97812 1 29528.2 24.9583 0 0 0 
62000 100 59.04 0 10 1070.22 0 9.97847 1 31403.6 26.5068 0 0 0 
63000 100 62.3 0 10 1088.5 0 9.97881 1 30953.1 26.1512 0 0 0 
64000 100 58.11 0 10 1101.18 0 9.97914 1 31651.2 26.8617 0 0 0 
65000 100 64.66 0 10 1122.82 0 9.97946 1 33430.4 27.9594 0 0 0 
66000 100 80.95 0 10 1143.31 0 9.97977 1 33149.9 27.6722 0 0 0 
67000 100 52.97 0 10 1161.78 0 9.98008 1 30346.3 25.2822 0 0 0 
68000 100 63.57 0 10 1182.27 0 9.98037 1 29201.5 24.3734 0 0 0 
69000 100 66.59 0 10 1196.14 0 9.98065 1 29378.7 24.4537 0 0 0 
70000 100 72.3 0 10 1215.78 0 9.98093 1 33102.4 27.5901 0 0 0 
71000 100 68.6 0 10 1229.23 0 9.9812 1 30365.6 25.4082 0 0 0 
72000 100 71.81 0 10 1242.78 0 9.98146 1 27389.6 22.8804 0 0 0 
73000 100 61.8 0 10 1267.92 0 9.98171 1 29641.5 24.8259 0 0 0 
74000 100 67.37 0 10 1284.54 0 9.98196 1 28660.2 23.9471 0 0 0 
75000 100 61.65 0 10 1302.53 0 9.9822 1 30636.5 25.5093 0 0 0 
76000 100 67.39 0 10 1320.34 0 9.98244 1 34658.4 28.865 0 0 0 
77000 100 72.25 0 10 1339.86 0 9.98266 1 28860.2 24.1241 0 0 0 
78000 100 65.62 0 10 1355.68 0 9.98289 1 33113.6 27.6605 0 0 0 
79000 100 61.44 0 10 1365.88 0 9.9831 1 32846 27.4884 0 0 0 
80000 100 69.4 0 10 1381.94 0 9.98331 1 32152.9 26.9351 0 0 0 
81000 100 63.92 0 10 1404.63 0 9.98352 1 34005 28.4394 0 0 0 
82000 100 57.82 0 10 1425.39 0 9.98372 1 33948.9 28.2879 0 0 0 
83000 100 75.63 0 10 1445.09 0 9.98392 1 29138.9 24.2621 0 0 0 
84000 100 66.61 0 10 1458.67 0 9.98411 1 33576.6 27.8809 0 0 0 
85000 100 69.81 0 10 1483.64 0 9.9843 1 24918.2 20.7923 0 0 0 
86000 100 63.84 0 10 1504.95 0 9.98448 1 31017.1 25.9345 0 0 0 
87000 100 62.99 0 10 1524.2 0 9.98466 1 27651.7 22.9233 0 0 0 
88000 100 61.14 0 10 1535.21 0 9.98483 1 35473.2 29.4584 0 0 0 
89000 100 62.77 0 10 1551.9 0 9.985 1 27612.3 22.9627 0 0 0 
90000 100 74.68 0 10 1570.53 0 9.98517 1 30884 25.7851 0 0 0 
91000 100 67.54 0 10 1592.26 0 9.98533 1 23586.2 19.7969 0 0 0 
92000 100 58.06 0 10 1639.36 0 9.98549 1 16440.2 13.9503 0 0 0 
93000 100 61.4 0 10 1684.2 0 9.98565 1 15086.7 12.7772 0 0 0 
94000 100 52.94 0 10 1733.09 0 9.9858 1 20527.7 17.3147 0 0 0 
95000 100 61.27 0 10 1762.77 0 9.98595 1 16810.7 14.1908 0 0 0 
96000 100 61.67 0 10 1814.05 0 9.98609 1 16452.9 13.9623 0 0 0 
97000 100 58.58 0 10 1841.02 0 9.98624 1 22660.8 19.3918 0 0 0 
98000 100 50.37 0 10 1891.76 0 9.98638 1 20118.6 17.3459 0 0 0 
99000 100 47.57 0 10 1937.56 0 9.98652 1 12523.8 10.8036 0 0 0 
100000 100 47.53 0 10 1972.25 0 9.98665 1 13480.1 11.5328 0 0 0 
101000 100 49.65 0 10 2039.15 0 9.98678 1 10442.7 8.86119 0 0 0 
102000 100 43.58 0 10 2123.16 0 9.98691 1 7995.31 6.74 0 0 0 
103000 100 43 0 10 2206.46 0 9.98704 1 8686.28 7.23132 0 0 0 
104000 100 52.03 0 10 2274.36 0 9.98716 1 8832.96 7.36271 0 0 0 
105000 100 40.8 0 10 2343.98 0 9.98729 1 6645.84 5.53182 0 0 0 
106000 100 46.32 0 10 2413.83 0 9.98741 1 6039.56 5.024 0 0 0 
107000 100 38.14 0 10 2496.49 0 9.98752 1 4668.16 3.87403 0 0 0 
108000 100 34.12 0 10 2609.15 0 9.98764 1 3990.74 3.29889 0 0 0 
109000 100 37.64 0 10 2708.77 0 9.98775 1 4906.02 4.0509 0 0 0 
110000 100 39.89 0 10 2812.94 0 9.98786 1 3726.88 3.07685 0 0 0 
111000 100 33.42 0 10 2923.92 0 9.98797 1 4526.7 3.75687 0 0 0 
112000 100 40.21 0 10 3016.95 0 9.98808 1 4812.09 3.93244 0 0 0 
113000 100 41.35 0 10 3119.25 0 9.98819 1 6816.02 5.60333 0 0 0 
114000 100 36.71 0 10 3212.63 0 9.98829 1 7631.73 6.3214 0 0 0 
115000 100 39.94 0 10 3304.22 0 9.98839 1 3919.21 3.24358 0 0 0 
116000 100 37.67 0 10 3388.73 0 9.98849 1 8382.11 6.98699 0 0 0 
117000 100 38.21 0 10 3483.05 0 9.98859 1 3711.36 3.11318 0 0 0 
118000 100 40.99 0 10 3582.07 0 9.98869 1 5970.25 4.9178 0 0 0 
119000 100 38.92 0 10 3700.88 0 9.98878 1 3188.6 2.66786 0 0 0 
120000 100 35.63 0 10 3794.59 0 9.98888 1 5439.37 4.56406 0 0 0 
121000 100 27.64 0 10 3926.57 0 9.98897 1 3849.44 3.30076 0 0 0 
122000 100 32.23 0 10 4052.25 0 9.98906 1 5081.74 4.34569 0 0 0 
123000 100 28.8 0 10 4188.91 0 9.98915 1 2286.2 1.93888 0 0 0 
124000 100 26.45 0 10 4317.53 0 9.98923 1 3191.07 2.69413 0 0 0 
125000 100 32.16 0 10 4455.09 0 9.98932 1 3118.51 2.62823 0 0 0 
126000 100 33.65 0 10 4579.43 0 9.98941 1 4067.45 3.39965 0 0 0 
127000 100 28.97 0 10 4688.18 0 9.98949 1 4395.89 3.62047 0 0 0 
128000 100 19.04 0 10 4873.65 0 9.98957 1 1403.02 1.19043 0 0 0 
129000 100 23.96 0 10 5060.5 0 9.98965 1 1927.1 1.61811 0 0 0 
130000 100 19.95 0 10 5255.08 0 9.98973 1 1571.01 1.30135 0 0 0 
131000 100 23.76 0 10 5442.3 0 9.98981 1 1860.11 1.52989 0 0 0 
132000 100 23.68 0 10 5616.23 0 9.98989 1 1914.94 1.56422 0 0 0 
133000 100 19.82 0 10 5835.51 0 9.98996 1 1408.01 1.1445 0 0 0 
134000 100 15.16 0 10 6101.7 0 9.99004 1 1361.72 1.14393 0 0 0 
135000 100 20.11 0 10 6362.39 0 9.99011 1 1214.21 1.03235 0 0 0 
136000 100 15.86 0 10 6611.12 0 9.99018 1 1889.26 1.60609 0 0 0 
137000 100 15.05 0 10 6897.31 0 9.99026 1 1030.63 0.862699 0 0 0 
138000 100 13.79 0 10 7195.17 0 9.99033 1 1154.34 0.968736 0 0 0 
139000 100 14.73 0 10 7492.81 0 9.9904 1 1308.81 1.09732 0 0 0 
140000 100 13.26 0 10 7798.45 0 9.99047 1 1174 0.954992 0 0 0 
141000 100 12.6 0 10 8086.51 0 9.99053 1 902.34 0.730497 0 0 0 
142000 100 13.93 0 10 8383.71 0 9.9906 1 1017.2 0.805991 0 0 0 
143000 100 11.48 0 10 8715.52 0 9.99067 1 973.23 0.765639 0 0 0 
144000 100 13.48 0 10 8994.31 0 9.99073 1 1032.28 0.803737 0 0 0 
145000 100 12.6 0 10 9308.99 0 9.99079 1 913.78 0.718129 0 0 0 
146000 100 12.24 0 10 9609.36 0 9.99086 1 927.54 0.724042 0 0 0 
147000 100 10.94 0 10 9916.81 0 9.99092 1 1058.5 0.829345 0 0 0 
148000 100 11.82 0 10 10246.7 0 9.99098 1 1131.36 0.870928 0 0 0 
149000 100 13.94 0 10 10563.2 0 9.99104 1 1199.63 0.942439 0 0 0 
150000 100 16.01 0 10 10877.9 0 9.9911 1 876.81 0.69531 0 0 0 
151000 100 14.99 0 10 11192.2 0 9.99116 1 1152.84 0.908535 0 0 0 
152000 100 16.57 0 10 11503.5 0 9.99122 1 1245.9 0.983306 0 0 0 
153000 100 14.89 0 10 11823.2 0 9.99128 1 980.19 0.7734 0 0 0 
154000 100 15.67 0 10 12124.9 0 9.99133 1 1158.25 0.921596 0 0 0 
155000 100 15.58 0 10 12443.8 0 9.99139 1 1020.45 0.82094 0 0 0 
156000 100 10.48 0 10 12775 0 9.99144 1 1037.2 0.836351 0 0 0 
157000 100 12.79 0 10 13104.3 0 9.9915 1 1005.62 0.784883 0 0 0 
158000 100 12.82 0 10 13424.4 0 9.99155 1 897.62 0.692131 0 0 0 
159000 100 13.37 0 10 13739.5 0 9.9916 1 1039.09 0.830603 0 0 0 
160000 100 17.77 0 10 14023.4 0 9.99166 1 1106.39 0.876652 0 0 0 
161000 100 16.32 0 10 14295.9 0 9.99171 1 956.12 0.755782 0 0 0 
162000 100 14.6 0 10 14552.7 0 9.99176 1 1014.09 0.799675 0 0 0 
163000 100 18.58 0 10 14828 0 9.99181 1 1081.9 0.844056 0 0 0 
164000 100 16.49 0 10 15113.5 0 9.99186 1 1330.92 1.04342 0 0 0 
165000 100 14.91 0 10 15372.4 0 9.99191 1 1020.36 0.806029 0 0 0 
166000 100 13.45 0 10 15657.8 0 9.99196 1 1070.26 0.842144 0 0 0 
167000 100 14.85 0 10 15949.6 0 9.99201 1 1119.81 0.885992 0 0 0 
168000 100 17.72 0 10 16234.2 0 9.99205 1 1098.75 0.857145 0 0 0 
169000 100 15.64 0 10 16520.2 0 9.9921 1 971.99 0.762051 0 0 0 
170000 100 16.54 0 10 16804.6 0 9.99215 1 1231.49 0.97677 0 0 0 
171000 100 14.49 0 10 17099.4 0 9.99219 1 1173.41 0.895978 0 0 0 
172000 100 13.29 0 10 17398.7 0 9.99224 1 997.01 0.754446 0 0 0 
173000 100 14.67 0 10 17702 0 9.99228 1 1101.98 0.841793 0 0 0 
174000 100 13.56 0 10 17994.4 0 9.99233 1 933.57 0.701848 0 0 0 
175000 100 15.17 0 10 18273 0 9.99237 1 1049.34 0.813417 0 0 0 
176000 100 14.63 0 10 18561.6 0 9.99242 1 1164.75 0.896369 0 0 0 
177000 100 11.11 0 10 18857.5 0 9.99246 1 996.74 0.756844 0 0 0 
178000 100 16.91 0 10 19155.4 0 9.9925 1 1097.02 0.834021 0 0 0 
179000 100 14.97 0 10 19442 0 9.99254 1 1300.93 1.0002 0 0 0 
180000 100 18.21 0 10 19728.9 0 9.99258 1 1243.95 0.94792 0 0 0 
181000 100 12.84 0 10 20020.2 0 9.99262 1 1104.57 0.832 0 0 0 
182000 100 19.46 0 10 20305.2 0 9.99267 1 1163.76 0.867632 0 0 0 
183000 100 13.33 0 10 20555.7 0 9.99271 1 1002.34 0.759253 0 0 0 
184000 100 15.96 0 10 20816.8 0 9.99275 1 1127.57 0.868157 0 0 0 
185000 100 14.76 0 10 21085.7 0 9.99278 1 1241.01 0.964482 0 0 0 
186000 100 17.49 0 10 21356.4 0 9.99282 1 1097.48 0.853509 0 0 0 
187000 100 16.98 0 10 21625 0 9.99286 1 1270.58 1.00698 0 0 0 
188000 100 12.37 0 10 21901.2 0 9.9929 1 1072.26 0.855438 0 0 0 
189000 100 13.75 0 10 22171.5 0 9.99294 1 1051.78 0.841677 0 0 0 
190000 100 12.66 0 10 22460.8 0 9.99297 1 889.94 0.712789 0 0 0 
191000 100 16.74 0 10 22750.9 0 9.99301 1 1221.17 0.984794 0 0 0 
192000 100 11.47 0 10 23047.8 0 9.99305 1 1148.57 0.92466 0 0 0 
193000 100 12.81 0 10 23360.1 0 9.99308 1 878.52 0.707833 0 0 0 
194000 100 12.03 0 10 23668.5 0 9.99312 1 889.09 0.714142 0 0 0 
195000 100 15.62 0 10 23966.2 0 9.99315 1 962.6 0.764084 0 0 0 
196000 100 12.12 0 10 24261.4 0 9.99319 1 965.58 0.77349 0 0 0 
197000 100 11.31 0 10 24576.5 0 9.99322 1 855.08 0.692143 0 0 0 
198000 100 13.04 0 10 24873.3 0 9.99326 1 1017.7 0.816969 0 0 0 
199000 100 13.24 0 10 25166.4 0 9.99329 1 1030.15 0.851999 0 0 0 
200000 100 12.54 0 10 25474.5 0 9.99333 1 865.95 0.716799 0 0 0 
201000 100 14.92 0 10 25796.9 0 9.99336 1 1058.92 0.876738 0 0 0 
202000 100 13.2 0 10 26114.9 0 9.99339 1 1032.35 0.859247 0 0 0 
203000 100 11.57 0 10 26438.8 0 9.99342 1 919.41 0.775662 0 0 0 
204000 100 10.55 0 10 26769.6 0 9.99346 1 897.29 0.761649 0 0 0 
205000 100 10.8 0 10 27084.2 0 9.99349 1 966.32 0.811732 0 0 0 
206000 100 12.71 0 10 27428.3 0 9.99352 1 1062.19 0.913893 0 0 0 
207000 100 11.1 0 10 27739 0 9.99355 1 1001.15 0.866023 0 0 0 
208000 100 11.53 0 10 28074.9 0 9.99358 1 908.72 0.78487 0 0 0 
209000 100 12.97 0 10 28398.2 0 9.99361 1 822.26 0.706605 0 0 0 
210000 100 12.87 0 10 28756 0 9.99364 1 939.12 0.811028 0 0 0 
211000 100 11.35 0 10 29142.9 0 9.99367 1 919.95 0.793866 0 0 0 
212000 100 11.62 0 10 29520.4 0 9.9937 1 860.08 0.734878 0 0 0 
213000 100 10.79 0 10 29845.7 0 9.99373 1 802.66 0.669889 0 0 0 
214000 100 11.92 0 10 30181.6 0 9.99376 1 985.85 0.826948 0 0 0 
215000 100 10.9 0 10 30494.5 0 9.99379 1 895.67 0.733779 0 0 0 
216000 100 13.96 0 10 30833.8 0 9.99382 1 885.46 0.73775 0 0 0 
217000 100 12.23 0 10 31182.3 0 9.99385 1 834.87 0.694794 0 0 0 
218000 100 14.23 0 10 31535.6 0 9.99388 1 955.33 0.817748 0 0 0 
219000 100 10.5 0 10 31867.3 0 9.9939 1 880.59 0.768556 0 0 0 
220000 100 12.49 0 10 32180 0 9.99393 1 1155.41 1.00361 0 0 0 
221000 100 11.22 0 10 32504.3 0 9.99396 1 870.2 0.768221 0 0 0 
222000 100 10.81 0 10 32858.1 0 9.99399 1 1009.62 0.893816 0 0 0 
223000 100 12.92 0 10 33173.8 0 9.99401 1 1020.64 0.875618 0 0 0 
224000 100 12.88 0 10 33490.2 0 9.99404 1 1042.18 0.881389 0 0 0 
225000 100 14.62 0 10 33808.9 0 9.99407 1 1059.32 0.885385 0 0 0 
226000 100 14.31 0 10 34122 0 9.99409 1 1136.84 0.938983 0 0 0 
227000 100 13.68 0 10 34424.9 0 9.99412 1 940.3 0.766839 0 0 0 
228000 100 16.14 0 10 34680.4 0 9.99415 1 1015.78 0.828833 0 0 0 
229000 100 12.02 0 10 34985.6 0 9.99417 1 910.72 0.741768 0 0 0 
230000 100 16.11 0 10 35308.5 0 9.9942 1 1004.04 0.805055 0 0 0 
231000 100 14.34 0 10 35626.7 0 9.99422 1 1105.74 0.907677 0 0 0 
232000 100 13.65 0 10 35952.6 0 9.99425 1 1009.63 0.823614 0 0 0 
233000 100 13.4 0 10 36251.4 0 9.99427 1 1006.82 0.811259 0 0 0 
234000 100 14.16 0 10 36575.6 0 9.9943 1 978.2 0.793814 0 0 0 
235000 100 12.88 0 10 36848.6 0 9.99432 1 1014.6 0.835181 0 0 0 
236000 100 11.2 0 10 37131.8 0 9.99434 1 959.47 0.781738 0 0 0 
237000 100 14.57 0 10 37409.9 0 9.99437 1 1130.45 0.917727 0 0 0 
238000 100 11.72 0 10 37711.1 0 9.99439 1 1045.51 0.867828 0 0 0 
239000 100 13.91 0 10 37968.3 0 9.99441 1 1039.01 0.878575 0 0 0 
240000 100 11.63 0 10 38304.6 0 9.99444 1 980.2 0.810979 0 0 0 
241000 100 12.61 0 10 38628.4 0 9.99446 1 918.53 0.765846 0 0 0 
242000 100 11.86 0 10 38966.9 0 9.99448 1 1065.64 0.903346 0 0 0 
243000 100 11.15 0 10 39308.6 0 9.99451 1 849.99 0.725939 0 0 0 
244000 100 11.07 0 10 39633.7 0 9.99453 1 929.72 0.808042 0 0 0 
245000 100 10.38 0 10 39985.5 0 9.99455 1 860.73 0.741349 0 0 0 
246000 100 15.15 0 10 40326.5 0 9.99457 1 960.19 0.821706 0 0 0 
247000 100 13.46 0 10 40649.9 0 9.9946 1 865.99 0.735264 0 0 0 
248000 100 13.92 0 10 40967.8 0 9.99462 1 878.9 0.729422 0 0 0 
249000 100 11.89 0 10 41314.8 0 9.99464 1 944.21 0.800975 0 0 0 
250000 100 12.43 0 10 41653.1 0 9.99466 1 878.6 0.725145 0 0 0 