# Avida Average Deme Data
# Mon Apr  7 14:26:02 2014
#  1: Update
#  2: Count
#  3: Age
#  4: Births
#  5: Organisms
#  6: Generation
#  7: Births (at last replication)
#  8: Organisms (at last replication)
#  9: Merit
# 10: Gestation Time
# 11: Time Used (normalized by org fitness)
# 12: Generations between current and last founders
# 13: Events killed
# 14: Attempts to kill event

0 100 0 0 1 0 0 0 1 0 0 0 0 0 
1000 100 48.27 0 10 8.73 0 8.57263 1 41109.1 35.4581 0 0 0 
2000 100 60.64 0 10 20.04 0 9.28596 1 37580.6 32.3832 0 0 0 
3000 100 71.55 0 10 32.19 0 9.52389 1 40573.9 34.9908 0 0 0 
4000 100 71.12 0 10 41.56 0 9.64289 1 39235.1 33.8628 0 0 0 
5000 100 71.57 0 10 51.8 0 9.7143 1 39429.8 34.112 0 0 0 
6000 100 62.74 0 10 62 0 9.76191 1 38320.7 32.9786 0 0 0 
7000 100 76.52 0 10 76.81 0 9.79591 1 35920.2 30.6789 0 0 0 
8000 100 71.01 0 10 91.35 0 9.82142 1 34367.8 29.4336 0 0 0 
9000 100 70.96 0 10 105.24 0 9.84126 1 37210.1 31.6878 0 0 0 
10000 100 71.83 0 10 114.8 0 9.85713 1 35811 30.5779 0 0 0 
11000 100 78.38 0 10 127.14 0 9.87012 1 37373.7 32.0049 0 0 0 
12000 100 67.09 0 10 140.93 0 9.88094 1 42253.5 36.218 0 0 0 
13000 100 82.44 0 10 155.22 0 9.8901 1 37702.6 32.2561 0 0 0 
14000 100 70.8 0 10 167.03 0 9.89795 1 34653.4 29.8539 0 0 0 
15000 100 69.28 0 10 177.94 0 9.90475 1 35978.7 31.109 0 0 0 
16000 100 64.67 0 10 190.48 0 9.91071 1 37474.8 32.4349 0 0 0 
17000 100 63.3 0 10 236.96 0 9.91596 1 19538.7 16.841 0 0 0 
18000 100 50.21 0 10 293.07 0 9.92063 1 19171.5 16.4464 0 0 0 
19000 100 46.97 0 10 335.1 0 9.9248 1 12194.2 10.3646 0 0 0 
20000 100 42.61 0 10 406.99 0 9.92856 1 8085.1 6.92869 0 0 0 
21000 100 44.66 0 10 474.96 0 9.93197 1 6176.92 5.29093 0 0 0 
22000 100 38.66 0 10 560.56 0 9.93506 1 8704.06 7.4426 0 0 0 
23000 100 20.84 0 10 691.66 0 9.93788 1 1733.06 1.49467 0 0 0 
24000 100 25.34 0 10 845.91 0 9.94047 1 1950.47 1.68127 0 0 0 
25000 100 23.94 0 10 994.05 0 9.94285 1 2014.21 1.75277 0 0 0 
26000 100 31.6 0 10 1142.28 0 9.94505 1 2294.62 1.99395 0 0 0 
27000 100 27.23 0 10 1295.43 0 9.94708 1 2061.02 1.80236 0 0 0 
28000 100 22.91 0 10 1446.55 0 9.94897 1 2479.63 2.16994 0 0 0 
29000 100 23.03 0 10 1612.08 0 9.95073 1 1814.89 1.60674 0 0 0 
30000 100 25.02 0 10 1777.29 0 9.95237 1 1897.54 1.68487 0 0 0 
31000 100 22.05 0 10 1940.41 0 9.95391 1 1939.74 1.70953 0 0 0 
32000 100 24.61 0 10 2092.29 0 9.95535 1 2121.78 1.89521 0 0 0 
33000 100 27.02 0 10 2243.15 0 9.9567 1 3010.29 2.67925 0 0 0 
34000 100 24.37 0 10 2400.21 0 9.95798 1 1891.89 1.70546 0 0 0 
35000 100 19.56 0 10 2568.59 0 9.95918 1 1962.61 1.74893 0 0 0 
36000 100 24.28 0 10 2739.91 0 9.96031 1 1805.65 1.58112 0 0 0 
37000 100 21.29 0 10 2920.99 0 9.96138 1 1783.14 1.55173 0 0 0 
38000 100 21.97 0 10 3090.77 0 9.9624 1 1612.79 1.40243 0 0 0 
39000 100 24.11 0 10 3266.85 0 9.96337 1 2526.49 2.2086 0 0 0 
40000 100 21.19 0 10 3429.73 0 9.96428 1 1690.32 1.50639 0 0 0 
41000 100 20.21 0 10 3602.25 0 9.96515 1 1498.08 1.3305 0 0 0 
42000 100 20.89 0 10 3788.71 0 9.96598 1 1789.51 1.5776 0 0 0 
43000 100 26.18 0 10 3953.1 0 9.96677 1 1921.08 1.72405 0 0 0 
44000 100 21.32 0 10 4107.68 0 9.96753 1 1852.6 1.66423 0 0 0 
45000 100 26.41 0 10 4271.47 0 9.96825 1 2651.97 2.38866 0 0 0 
46000 100 27.07 0 10 4425.59 0 9.96894 1 2264.31 2.01257 0 0 0 
47000 100 28.74 0 10 4576.93 0 9.9696 1 1908.79 1.73949 0 0 0 
48000 100 28.03 0 10 4730.64 0 9.97023 1 3609.04 3.31138 0 0 0 
49000 100 29.56 0 10 4890.08 0 9.97084 1 3199.24 2.8845 0 0 0 
50000 100 31.02 0 10 5045.89 0 9.97142 1 2370.3 2.15142 0 0 0 
51000 100 23.03 0 10 5188.9 0 9.97198 1 1982.93 1.76809 0 0 0 
52000 100 26.06 0 10 5314.41 0 9.97252 1 2098.87 1.8435 0 0 0 
53000 100 24.17 0 10 5463.1 0 9.97304 1 2416.24 2.11404 0 0 0 
54000 100 21.94 0 10 5628.29 0 9.97354 1 2093.04 1.86071 0 0 0 
55000 100 27.78 0 10 5778.9 0 9.97402 1 1735.09 1.52298 0 0 0 
56000 100 20.99 0 10 5974.65 0 9.97449 1 1539.27 1.32739 0 0 0 
57000 100 16.8 0 10 6183.67 0 9.97493 1 1338.76 1.15962 0 0 0 
58000 100 21.13 0 10 6408.08 0 9.97537 1 1402.25 1.1985 0 0 0 
59000 100 25.59 0 10 6626.15 0 9.97578 1 1324.75 1.14575 0 0 0 
60000 100 17.54 0 10 6849.42 0 9.97619 1 1260.22 1.09495 0 0 0 
61000 100 27.29 0 10 7070.61 0 9.97658 1 1485.45 1.2895 0 0 0 
62000 100 21.97 0 10 7294.92 0 9.97696 1 1438.71 1.24511 0 0 0 
63000 100 19.5 0 10 7519.49 0 9.97732 1 1378.89 1.20609 0 0 0 
64000 100 20.09 0 10 7758.41 0 9.97768 1 1540.78 1.35169 0 0 0 
65000 100 16.23 0 10 7977.99 0 9.97802 1 1437.33 1.23948 0 0 0 
66000 100 20.92 0 10 8192.54 0 9.97835 1 1448.81 1.25046 0 0 0 
67000 100 19.47 0 10 8427.78 0 9.97867 1 1427.87 1.21821 0 0 0 
68000 100 16.01 0 10 8625.59 0 9.97899 1 1444.19 1.23259 0 0 0 
69000 100 20.08 0 10 8846.06 0 9.97929 1 1479.79 1.26839 0 0 0 
70000 100 19.08 0 10 9058.3 0 9.97959 1 1465.66 1.26356 0 0 0 
71000 100 20.83 0 10 9296.99 0 9.97988 1 1347.67 1.18114 0 0 0 
72000 100 18.85 0 10 9501.77 0 9.98016 1 1296.03 1.15426 0 0 0 
73000 100 19.69 0 10 9744.63 0 9.98043 1 1456.1 1.32881 0 0 0 
74000 100 21.36 0 10 9975.02 0 9.98069 1 1246.26 1.12865 0 0 0 
75000 100 22.16 0 10 10217.6 0 9.98095 1 1240.21 1.10776 0 0 0 
76000 100 23.93 0 10 10426.5 0 9.9812 1 1285.57 1.14073 0 0 0 
77000 100 18.1 0 10 10642.3 0 9.98144 1 1443.84 1.27411 0 0 0 
78000 100 17.74 0 10 10875.2 0 9.98168 1 1292.87 1.15315 0 0 0 
79000 100 18.19 0 10 11126.6 0 9.98191 1 1252.2 1.12013 0 0 0 
80000 100 18 0 10 11387.1 0 9.98214 1 1185.41 1.05172 0 0 0 
81000 100 19.34 0 10 11626.2 0 9.98236 1 1082.24 0.984466 0 0 0 
82000 100 15.55 0 10 11873.4 0 9.98258 1 1422.71 1.29018 0 0 0 
83000 100 19.68 0 10 12113 0 9.98279 1 1237.1 1.10535 0 0 0 
84000 100 18.57 0 10 12360.8 0 9.98299 1 1387.35 1.241 0 0 0 
85000 100 17.28 0 10 12617.5 0 9.98319 1 1319.25 1.16669 0 0 0 
86000 100 16.33 0 10 12849.6 0 9.98339 1 1138.3 1.00252 0 0 0 
87000 100 19.46 0 10 13095.6 0 9.98358 1 1280 1.13274 0 0 0 
88000 100 20.26 0 10 13338.8 0 9.98376 1 1307.57 1.16364 0 0 0 
89000 100 18.23 0 10 13588.7 0 9.98395 1 1934.63 1.69602 0 0 0 
90000 100 16.31 0 10 13812.1 0 9.98412 1 1311.93 1.13018 0 0 0 
91000 100 14.81 0 10 14052.1 0 9.9843 1 1314.77 1.12752 0 0 0 
92000 100 22.9 0 10 14271.7 0 9.98447 1 1823.67 1.56091 0 0 0 
93000 100 19.13 0 10 14487 0 9.98464 1 1487.2 1.26965 0 0 0 
94000 100 19.38 0 10 14693.2 0 9.9848 1 1803.76 1.53943 0 0 0 
95000 100 26.44 0 10 14888.2 0 9.98496 1 2596.34 2.16439 0 0 0 
96000 100 24.43 0 10 15071.5 0 9.98512 1 1787.77 1.47407 0 0 0 
97000 100 23.72 0 10 15250 0 9.98527 1 1556.9 1.272 0 0 0 
98000 100 18.29 0 10 15443.2 0 9.98542 1 1861.72 1.51326 0 0 0 
99000 100 20.15 0 10 15647.2 0 9.98557 1 1724.84 1.40836 0 0 0 
100000 100 24.64 0 10 15854.5 0 9.98571 1 1852.99 1.4833 0 0 0 
101000 100 27.4 0 10 16041.5 0 9.98585 1 1994.42 1.59012 0 0 0 
102000 100 19.1 0 10 16262.8 0 9.98599 1 1279.96 1.01484 0 0 0 
103000 100 17.5 0 10 16487.1 0 9.98613 1 1532.99 1.19261 0 0 0 
104000 100 19.71 0 10 16719.8 0 9.98626 1 1743.88 1.39153 0 0 0 
105000 100 22.29 0 10 16883.8 0 9.98639 1 1442.86 1.12621 0 0 0 
106000 100 21.07 0 10 17108.7 0 9.98652 1 1446.74 1.1306 0 0 0 
107000 100 19.34 0 10 17306.3 0 9.98665 1 1367.82 1.09017 0 0 0 
108000 100 20.59 0 10 17536.1 0 9.98677 1 1512.9 1.20069 0 0 0 
109000 100 19.77 0 10 17740.5 0 9.98689 1 1404.36 1.11136 0 0 0 
110000 100 21.39 0 10 17952.6 0 9.98701 1 1408.2 1.10658 0 0 0 
111000 100 17.32 0 10 18191.7 0 9.98713 1 1260.31 0.989283 0 0 0 
112000 100 20.45 0 10 18389.9 0 9.98724 1 1420.91 1.09293 0 0 0 
113000 100 15.9 0 10 18584.7 0 9.98736 1 1239.4 0.965393 0 0 0 
114000 100 18.02 0 10 18796.2 0 9.98747 1 1361.2 1.04157 0 0 0 
115000 100 24.8 0 10 19028.4 0 9.98758 1 1442.33 1.12342 0 0 0 
116000 100 18.07 0 10 19273.4 0 9.98768 1 1290.91 1.0088 0 0 0 
117000 100 15.43 0 10 19531 0 9.98779 1 1191.22 0.936439 0 0 0 
118000 100 14.74 0 10 19758.9 0 9.98789 1 1345.63 1.05388 0 0 0 
119000 100 19 0 10 20027.3 0 9.98799 1 1432.76 1.16279 0 0 0 
120000 100 21.14 0 10 20258.2 0 9.98809 1 1577.56 1.29324 0 0 0 
121000 100 17.66 0 10 20490.9 0 9.98819 1 1211.83 0.9862 0 0 0 
122000 100 18.45 0 10 20706.5 0 9.98829 1 1306.7 1.0654 0 0 0 
123000 100 18.54 0 10 20939.6 0 9.98838 1 1414.09 1.15016 0 0 0 
124000 100 18.37 0 10 21156.7 0 9.98848 1 1427.55 1.17347 0 0 0 
125000 100 18.35 0 10 21400.7 0 9.98857 1 1507.92 1.2339 0 0 0 
126000 100 24.36 0 10 21643.7 0 9.98866 1 1365.75 1.12763 0 0 0 
127000 100 17.67 0 10 21881.6 0 9.98875 1 1201.59 0.986889 0 0 0 
128000 100 15.99 0 10 22130.9 0 9.98884 1 1403.05 1.14069 0 0 0 
129000 100 18.7 0 10 22351.8 0 9.98892 1 1306.82 1.06231 0 0 0 
130000 100 19.19 0 10 22589.5 0 9.98901 1 1536.68 1.23971 0 0 0 
131000 100 16.3 0 10 22811.2 0 9.98909 1 1282.98 1.02772 0 0 0 
132000 100 20.12 0 10 23076.3 0 9.98918 1 1564.76 1.25432 0 0 0 
133000 100 18.98 0 10 23325.2 0 9.98926 1 1566.22 1.23196 0 0 0 
134000 100 20.06 0 10 23554.7 0 9.98934 1 1358.07 1.05289 0 0 0 
135000 100 22.46 0 10 23784.7 0 9.98942 1 1302.74 1.01619 0 0 0 
136000 100 23.4 0 10 24037.9 0 9.98949 1 1166.54 0.902143 0 0 0 
137000 100 15.97 0 10 24287.6 0 9.98957 1 1297.2 0.999469 0 0 0 
138000 100 17.92 0 10 24515.6 0 9.98965 1 1545.35 1.16216 0 0 0 
139000 100 21.29 0 10 24745.9 0 9.98972 1 1501.08 1.11015 0 0 0 
140000 100 19.52 0 10 24986.9 0 9.98979 1 1393.6 1.03276 0 0 0 
141000 100 19.98 0 10 25237.5 0 9.98987 1 1259.2 0.937111 0 0 0 
142000 100 16.96 0 10 25487.3 0 9.98994 1 1327.44 0.992561 0 0 0 
143000 100 15.31 0 10 25715.2 0 9.99001 1 1328.64 0.987471 0 0 0 
144000 100 19.38 0 10 25967.7 0 9.99008 1 1325.31 0.969009 0 0 0 
145000 100 18.06 0 10 26192.9 0 9.99015 1 1278.32 0.949483 0 0 0 
146000 100 18.46 0 10 26426.8 0 9.99021 1 1347.62 1.00497 0 0 0 
147000 100 21.67 0 10 26635 0 9.99028 1 1295.68 0.957697 0 0 0 
148000 100 20.39 0 10 26877 0 9.99035 1 1341.06 0.986008 0 0 0 
149000 100 22.68 0 10 27095.9 0 9.99041 1 1657.42 1.22482 0 0 0 
150000 100 18.99 0 10 27323.6 0 9.99047 1 1491.28 1.11559 0 0 0 
151000 100 17.06 0 10 27534.2 0 9.99054 1 1258.45 0.934121 0 0 0 
152000 100 18.24 0 10 27775.7 0 9.9906 1 1363.08 1.00917 0 0 0 
153000 100 22.91 0 10 27989.7 0 9.99066 1 1530.3 1.12653 0 0 0 
154000 100 24.51 0 10 28203.9 0 9.99072 1 1740.83 1.30449 0 0 0 
155000 100 15.46 0 10 28428.8 0 9.99078 1 1525.66 1.13219 0 0 0 
156000 100 21.98 0 10 28635 0 9.99084 1 1850.16 1.37398 0 0 0 
157000 100 18.66 0 10 28877.8 0 9.9909 1 1251.19 0.941533 0 0 0 
158000 100 15.23 0 10 29087.2 0 9.99096 1 1252.95 0.948321 0 0 0 
159000 100 16.99 0 10 29329 0 9.99101 1 1201.57 0.920367 0 0 0 
160000 100 21.07 0 10 29577.9 0 9.99107 1 1228.75 0.959156 0 0 0 
161000 100 16.67 0 10 29850.5 0 9.99113 1 1137.2 0.899841 0 0 0 
162000 100 15.61 0 10 30114 0 9.99118 1 1466.65 1.18354 0 0 0 
163000 100 16.8 0 10 30380.9 0 9.99123 1 1350.18 1.09374 0 0 0 
164000 100 21.47 0 10 30652.4 0 9.99129 1 1370.53 1.10962 0 0 0 
165000 100 20.79 0 10 30930 0 9.99134 1 1386.14 1.11529 0 0 0 
166000 100 15.86 0 10 31199.6 0 9.99139 1 1211.01 0.968597 0 0 0 
167000 100 17.35 0 10 31423.8 0 9.99144 1 1629.02 1.29863 0 0 0 
168000 100 17.42 0 10 31661.8 0 9.9915 1 1547.69 1.26819 0 0 0 
169000 100 19.71 0 10 31906.3 0 9.99155 1 1256.46 1.02171 0 0 0 
170000 100 16.53 0 10 32164.5 0 9.9916 1 1444.46 1.15465 0 0 0 
171000 100 17.27 0 10 32447.3 0 9.99164 1 1287.74 1.0374 0 0 0 
172000 100 19.26 0 10 32678.6 0 9.99169 1 1456.53 1.16379 0 0 0 
173000 100 18.3 0 10 32912.3 0 9.99174 1 1196.09 0.965242 0 0 0 
174000 100 19.13 0 10 33154.9 0 9.99179 1 1531.13 1.23298 0 0 0 
175000 100 18.93 0 10 33400.4 0 9.99184 1 1598.83 1.30993 0 0 0 
176000 100 21.78 0 10 33635 0 9.99188 1 1484.38 1.23156 0 0 0 
177000 100 18.67 0 10 33851.3 0 9.99193 1 1344.87 1.14237 0 0 0 
178000 100 15.63 0 10 34102 0 9.99197 1 1384.54 1.17154 0 0 0 
179000 100 20 0 10 34348.1 0 9.99202 1 1236.78 1.04788 0 0 0 
180000 100 18.04 0 10 34572.9 0 9.99206 1 1450.84 1.22907 0 0 0 
181000 100 22.55 0 10 34812.1 0 9.99211 1 1390.09 1.15695 0 0 0 
182000 100 18.45 0 10 35034.6 0 9.99215 1 1383.24 1.16004 0 0 0 
183000 100 22.23 0 10 35244.3 0 9.99219 1 1790.19 1.53149 0 0 0 
184000 100 18.07 0 10 35451.3 0 9.99223 1 1726.81 1.46478 0 0 0 
185000 100 18.65 0 10 35659.9 0 9.99228 1 2065.06 1.74492 0 0 0 
186000 100 18.03 0 10 35846.7 0 9.99232 1 1486.89 1.25503 0 0 0 
187000 100 21.18 0 10 36061.2 0 9.99236 1 1727.27 1.41441 0 0 0 
188000 100 20.23 0 10 36262 0 9.9924 1 1639 1.35194 0 0 0 
189000 100 20.96 0 10 36450.5 0 9.99244 1 1756.7 1.43724 0 0 0 
190000 100 23.41 0 10 36646.7 0 9.99248 1 3090.43 2.50299 0 0 0 
191000 100 18.96 0 10 36828.7 0 9.99252 1 1690.99 1.38371 0 0 0 
192000 100 21.44 0 10 37028 0 9.99256 1 1575.86 1.25441 0 0 0 
193000 100 26.02 0 10 37205.3 0 9.9926 1 1826.06 1.43949 0 0 0 
194000 100 23.14 0 10 37394.1 0 9.99264 1 1857.02 1.475 0 0 0 
195000 100 32.85 0 10 37574.6 0 9.99267 1 2792.39 2.22291 0 0 0 
196000 100 25.89 0 10 37746.7 0 9.99271 1 2800.75 2.17356 0 0 0 
197000 100 24.89 0 10 37939.8 0 9.99275 1 1814.46 1.42227 0 0 0 
198000 100 21.95 0 10 38150.2 0 9.99278 1 1988.73 1.57894 0 0 0 
199000 100 20.44 0 10 38341.3 0 9.99282 1 1598.71 1.28592 0 0 0 
200000 100 17.21 0 10 38561 0 9.99286 1 2615.01 2.09076 0 0 0 
201000 100 26.52 0 10 38729.1 0 9.99289 1 1795.73 1.42031 0 0 0 
202000 100 24.76 0 10 38937.2 0 9.99293 1 1871.24 1.45778 0 0 0 
203000 100 24.56 0 10 39113.9 0 9.99296 1 1851.66 1.44919 0 0 0 
204000 100 22.47 0 10 39285.2 0 9.993 1 1710.21 1.34967 0 0 0 
205000 100 21.88 0 10 39470.3 0 9.99303 1 1629.03 1.3124 0 0 0 
206000 100 24.67 0 10 39666.2 0 9.99306 1 1821.4 1.4812 0 0 0 
207000 100 21.4 0 10 39900.8 0 9.9931 1 1564.69 1.28639 0 0 0 
208000 100 17.82 0 10 40128.3 0 9.99313 1 1451.72 1.19148 0 0 0 
209000 100 19.2 0 10 40330.9 0 9.99316 1 1266.67 1.03151 0 0 0 
210000 100 23.24 0 10 40530.5 0 9.9932 1 1549.07 1.24727 0 0 0 
211000 100 22.65 0 10 40774.4 0 9.99323 1 1420.84 1.1456 0 0 0 
212000 100 24.31 0 10 40987 0 9.99326 1 1450.8 1.16526 0 0 0 
213000 100 25.13 0 10 41213.2 0 9.99329 1 1867.01 1.49725 0 0 0 
214000 100 15.32 0 10 41427.4 0 9.99332 1 1350.31 1.05992 0 0 0 
215000 100 17.16 0 10 41644.5 0 9.99335 1 1708.14 1.31963 0 0 0 
216000 100 28.83 0 10 41864.3 0 9.99339 1 1604.27 1.2256 0 0 0 
217000 100 15.66 0 10 42087.2 0 9.99342 1 1455.26 1.10914 0 0 0 
218000 100 20.26 0 10 42292 0 9.99345 1 1562.36 1.17403 0 0 0 
219000 100 18.09 0 10 42491.5 0 9.99348 1 1404.7 1.06492 0 0 0 
220000 100 21.51 0 10 42683 0 9.99351 1 1662.95 1.24783 0 0 0 
221000 100 25.51 0 10 42851.3 0 9.99353 1 1771.06 1.342 0 0 0 
222000 100 24.41 0 10 43034.2 0 9.99356 1 2267.1 1.7212 0 0 0 
223000 100 24.63 0 10 43230.9 0 9.99359 1 1447.93 1.10329 0 0 0 
224000 100 19.38 0 10 43428.6 0 9.99362 1 1474.98 1.12116 0 0 0 
225000 100 18.41 0 10 43663.5 0 9.99365 1 1444.1 1.09538 0 0 0 
226000 100 24.24 0 10 43873.5 0 9.99368 1 1490.7 1.12691 0 0 0 
227000 100 19.5 0 10 44101.7 0 9.99371 1 1332.11 1.02769 0 0 0 
228000 100 18.5 0 10 44316.4 0 9.99373 1 1302.86 0.989365 0 0 0 
229000 100 19.76 0 10 44529.2 0 9.99376 1 1717.97 1.29158 0 0 0 
230000 100 22.78 0 10 44759.7 0 9.99379 1 2155.84 1.61806 0 0 0 
231000 100 20.55 0 10 44988.1 0 9.99381 1 1428.45 1.06725 0 0 0 
232000 100 19.91 0 10 45198.5 0 9.99384 1 1256.85 0.958478 0 0 0 
233000 100 16.27 0 10 45440.8 0 9.99387 1 1546.9 1.2004 0 0 0 
234000 100 17.11 0 10 45667.9 0 9.99389 1 1324.19 1.03084 0 0 0 
235000 100 21.52 0 10 45895.5 0 9.99392 1 1307.92 1.01504 0 0 0 
236000 100 21.1 0 10 46123.2 0 9.99395 1 1310.77 1.02303 0 0 0 
237000 100 16.63 0 10 46383.4 0 9.99397 1 1311.45 1.0163 0 0 0 
238000 100 25.39 0 10 46602.6 0 9.994 1 1498.15 1.16116 0 0 0 
239000 100 17.77 0 10 46830.2 0 9.99402 1 1585.74 1.22722 0 0 0 
240000 100 16.56 0 10 47067.4 0 9.99405 1 1488.9 1.14523 0 0 0 
241000 100 20.53 0 10 47334.9 0 9.99407 1 1418.29 1.10663 0 0 0 
242000 100 18.84 0 10 47560.2 0 9.9941 1 1437.62 1.12892 0 0 0 
243000 100 17.02 0 10 47791.5 0 9.99412 1 1357.29 1.06833 0 0 0 
244000 100 17.81 0 10 48051.4 0 9.99414 1 1392.56 1.09805 0 0 0 
245000 100 13.88 0 10 48292 0 9.99417 1 1251.53 0.984592 0 0 0 
246000 100 21.31 0 10 48523 0 9.99419 1 1365.57 1.07253 0 0 0 
247000 100 16.32 0 10 48745 0 9.99422 1 1424.19 1.12254 0 0 0 
248000 100 22.79 0 10 48974.7 0 9.99424 1 1415.7 1.10404 0 0 0 
249000 100 17.48 0 10 49219.2 0 9.99426 1 1263.88 0.981633 0 0 0 
250000 100 19.26 0 10 49452.2 0 9.99428 1 1292.45 1.01012 0 0 0 