# Avida Average Deme Data
# Sun Apr  6 22:40:03 2014
#  1: Update
#  2: Count
#  3: Age
#  4: Births
#  5: Organisms
#  6: Generation
#  7: Births (at last replication)
#  8: Organisms (at last replication)
#  9: Merit
# 10: Gestation Time
# 11: Time Used (normalized by org fitness)
# 12: Generations between current and last founders
# 13: Events killed
# 14: Attempts to kill event

0 100 0 0 1 0 0 0 1 0 0 0 0 0 
1000 100 67.82 0 10 9.16 0 8.67223 1 39122.4 33.7016 0 0 0 
2000 100 77.87 0 10 20.43 0 9.33578 1 38901.8 33.4085 0 0 0 
3000 100 78.01 0 10 29.91 0 9.55711 1 38759.2 33.2394 0 0 0 
4000 100 66.59 0 10 44.46 0 9.66781 1 37019.1 31.7554 0 0 0 
5000 100 72.29 0 10 58.83 0 9.73423 1 40684.6 35.0749 0 0 0 
6000 100 79.08 0 10 63.71 0 9.77852 1 48109.7 41.2781 0 0 0 
7000 100 79.47 0 10 72 0 9.81016 1 47009.4 40.4339 0 0 0 
8000 100 67.02 0 10 85.81 0 9.83388 1 37008.6 31.7254 0 0 0 
9000 100 69.05 0 10 97.2 0 9.85234 1 42060.1 35.9284 0 0 0 
10000 100 74.48 0 10 104.72 0 9.8671 1 41365.7 35.0972 0 0 0 
11000 100 72.74 0 10 119.7 0 9.87918 1 37080.8 31.5424 0 0 0 
12000 100 70.43 0 10 132.13 0 9.88925 1 34719.5 29.5516 0 0 0 
13000 100 69.7 0 10 146.62 0 9.89777 1 35198.5 29.9068 0 0 0 
14000 100 72.73 0 10 155.96 0 9.90507 1 37843.4 32.304 0 0 0 
15000 100 67.88 0 10 168.08 0 9.9114 1 39177.1 33.5725 0 0 0 
16000 100 62.34 0 10 185.92 0 9.91694 1 35500.4 30.3201 0 0 0 
17000 100 67.46 0 10 205.62 0 9.92182 1 31975.3 27.3648 0 0 0 
18000 100 75.37 0 10 220.66 0 9.92617 1 36991.4 31.9753 0 0 0 
19000 100 67.38 0 10 237.13 0 9.93005 1 34111.4 29.6474 0 0 0 
20000 100 66.82 0 10 251.41 0 9.93355 1 35684.3 31.0724 0 0 0 
21000 100 62.19 0 10 261.54 0 9.93671 1 29970 26.0283 0 0 0 
22000 100 76.33 0 10 297.39 0 9.93959 1 36127.9 31.1878 0 0 0 
23000 100 73.82 0 10 305.97 0 9.94222 1 31377.6 27.2295 0 0 0 
24000 100 75.2 0 10 322.91 0 9.94462 1 37669.8 33.0389 0 0 0 
25000 100 62.17 0 10 338.67 0 9.94684 1 33290.6 29.2567 0 0 0 
26000 100 74.35 0 10 363.3 0 9.94888 1 30697.4 26.9116 0 0 0 
27000 100 59.12 0 10 380.94 0 9.95078 1 31467.2 27.7131 0 0 0 
28000 100 60.23 0 10 397.45 0 9.95253 1 37240 32.9991 0 0 0 
29000 100 60.01 0 10 415.38 0 9.95417 1 33140.5 29.2661 0 0 0 
30000 100 66.37 0 10 436.09 0 9.9557 1 30444.6 26.6796 0 0 0 
31000 100 79.94 0 10 452.4 0 9.95713 1 31285 27.2971 0 0 0 
32000 100 65.1 0 10 465.82 0 9.95847 1 36293.3 31.4012 0 0 0 
33000 100 70.22 0 10 481.54 0 9.95973 1 30544.8 26.4928 0 0 0 
34000 100 67.3 0 10 501.11 0 9.96091 1 26608.6 23.0676 0 0 0 
35000 100 64.12 0 10 517.22 0 9.96203 1 29452.9 25.5538 0 0 0 
36000 100 63.71 0 10 524.3 0 9.96308 1 25455.2 22.1217 0 0 0 
37000 100 62.94 0 10 539.2 0 9.96408 1 34013.4 29.5916 0 0 0 
38000 100 69.93 0 10 561.98 0 9.96502 1 27075.1 23.5623 0 0 0 
39000 100 63.84 0 10 584.77 0 9.96592 1 30520.3 26.6136 0 0 0 
40000 100 67.99 0 10 606.99 0 9.96677 1 35673.2 31.0429 0 0 0 
41000 100 66.31 0 10 618.13 0 9.96758 1 35159.5 30.6216 0 0 0 
42000 100 60.16 0 10 639.55 0 9.96836 1 30575.6 26.6076 0 0 0 
43000 100 71.4 0 10 648.74 0 9.96909 1 29080.6 25.3747 0 0 0 
44000 100 73.85 0 10 669.98 0 9.96979 1 29531.5 25.7813 0 0 0 
45000 100 69.49 0 10 681.06 0 9.97047 1 30804.5 26.9361 0 0 0 
46000 100 63.45 0 10 698.91 0 9.97111 1 27176.7 23.7908 0 0 0 
47000 100 68.33 0 10 729.48 0 9.97172 1 28291.3 24.877 0 0 0 
48000 100 65.59 0 10 740.33 0 9.97231 1 32317 28.1697 0 0 0 
49000 100 74.65 0 10 739.33 0 9.97288 1 33676.4 29.3189 0 0 0 
50000 100 63.4 0 10 746.39 0 9.97342 1 31512.2 27.3293 0 0 0 
51000 100 66.44 0 10 758.27 0 9.97394 1 31960.9 27.8598 0 0 0 
52000 100 66.34 0 10 775.02 0 9.97444 1 34105.3 29.7558 0 0 0 
53000 100 66.39 0 10 805.06 0 9.97492 1 33013.7 28.8129 0 0 0 
54000 100 72.83 0 10 815.33 0 9.97539 1 35993.9 31.3269 0 0 0 
55000 100 70.54 0 10 833.13 0 9.97583 1 32619.9 28.4133 0 0 0 
56000 100 61.02 0 10 851.85 0 9.97627 1 30027.7 25.9916 0 0 0 
57000 100 68.69 0 10 867.68 0 9.97668 1 37062.2 31.8914 0 0 0 
58000 100 57.89 0 10 878.77 0 9.97708 1 36238.1 31.2802 0 0 0 
59000 100 72.81 0 10 906.55 0 9.97747 1 38698.7 33.3116 0 0 0 
60000 100 60.63 0 10 920.72 0 9.97785 1 33363.7 28.5201 0 0 0 
61000 100 59.93 0 10 941.31 0 9.97821 1 34707.6 29.686 0 0 0 
62000 100 67.71 0 10 957.63 0 9.97856 1 32567.5 27.7833 0 0 0 
63000 100 66.1 0 10 971.16 0 9.9789 1 30674.2 26.1784 0 0 0 
64000 100 61.5 0 10 982.11 0 9.97923 1 33468.4 28.7537 0 0 0 
65000 100 60.77 0 10 1004.82 0 9.97955 1 26646.4 22.9853 0 0 0 
66000 100 62.86 0 10 1018.52 0 9.97986 1 40198.9 34.7348 0 0 0 
67000 100 66.79 0 10 1029.18 0 9.98016 1 28719.1 24.7709 0 0 0 
68000 100 59.16 0 10 1058 0 9.98045 1 22130.9 19.2522 0 0 0 
69000 100 56.02 0 10 1107.57 0 9.98074 1 13819 12.039 0 0 0 
70000 100 48.36 0 10 1155.77 0 9.98101 1 8699.7 7.61614 0 0 0 
71000 100 50.79 0 10 1242.64 0 9.98128 1 6509.24 5.6687 0 0 0 
72000 100 50.11 0 10 1313.8 0 9.98154 1 7123.3 6.17801 0 0 0 
73000 100 34.83 0 10 1414.13 0 9.98179 1 4747.68 4.12 0 0 0 
74000 100 45.68 0 10 1521.47 0 9.98204 1 5211.61 4.53294 0 0 0 
75000 100 40.45 0 10 1631.61 0 9.98228 1 5448.63 4.77437 0 0 0 
76000 100 37.74 0 10 1709.73 0 9.98251 1 5906.42 5.20695 0 0 0 
77000 100 29.35 0 10 1819.76 0 9.98274 1 3921.57 3.50944 0 0 0 
78000 100 34.33 0 10 1938.2 0 9.98296 1 3175.61 2.84335 0 0 0 
79000 100 37.52 0 10 2075.06 0 9.98318 1 2606.38 2.33715 0 0 0 
80000 100 27.67 0 10 2195.02 0 9.98339 1 3595.55 3.31309 0 0 0 
81000 100 34.19 0 10 2327.22 0 9.98359 1 2547.85 2.38949 0 0 0 
82000 100 38.32 0 10 2455.93 0 9.98379 1 3709.93 3.51245 0 0 0 
83000 100 33.36 0 10 2590.16 0 9.98399 1 3184.9 3.00169 0 0 0 
84000 100 32.05 0 10 2707.77 0 9.98418 1 2442.89 2.32145 0 0 0 
85000 100 26.43 0 10 2844.74 0 9.98436 1 2140.9 2.04078 0 0 0 
86000 100 27.17 0 10 2977.36 0 9.98455 1 2306.56 2.19051 0 0 0 
87000 100 28.77 0 10 3111.21 0 9.98472 1 4841.2 4.65929 0 0 0 
88000 100 34.12 0 10 3232.72 0 9.9849 1 4305.6 4.15642 0 0 0 
89000 100 32.54 0 10 3342.36 0 9.98507 1 5138.95 5.00743 0 0 0 
90000 100 38.51 0 10 3484.98 0 9.98523 1 3945.06 3.77163 0 0 0 
91000 100 30.17 0 10 3604.67 0 9.98539 1 3928.1 3.7717 0 0 0 
92000 100 34.28 0 10 3775.05 0 9.98555 1 2604.5 2.50259 0 0 0 
93000 100 29.32 0 10 3878.26 0 9.98571 1 5087.49 4.8786 0 0 0 
94000 100 32.88 0 10 3996.06 0 9.98586 1 3891.9 3.72761 0 0 0 
95000 100 32.71 0 10 4103.19 0 9.98601 1 3301.39 3.23131 0 0 0 
96000 100 36.27 0 10 4231.32 0 9.98616 1 4783.16 4.5735 0 0 0 
97000 100 43.93 0 10 4313.34 0 9.9863 1 5143.67 4.88293 0 0 0 
98000 100 45.73 0 10 4422.17 0 9.98644 1 3930.59 3.658 0 0 0 
99000 100 35.51 0 10 4559.19 0 9.98657 1 3214.48 3.00619 0 0 0 
100000 100 31.07 0 10 4658.04 0 9.98671 1 4941.97 4.57024 0 0 0 
101000 100 34.71 0 10 4786.6 0 9.98684 1 3630.05 3.33662 0 0 0 
102000 100 31.56 0 10 4884.89 0 9.98697 1 2993.69 2.74394 0 0 0 
103000 100 47.49 0 10 4992.09 0 9.9871 1 9553.96 8.68416 0 0 0 
104000 100 38.54 0 10 5079.4 0 9.98722 1 7672.47 6.8953 0 0 0 
105000 100 41.3 0 10 5173.95 0 9.98734 1 4671.1 4.30402 0 0 0 
106000 100 44.37 0 10 5248.79 0 9.98746 1 6897.14 6.47351 0 0 0 
107000 100 41.35 0 10 5340.14 0 9.98758 1 7805.69 7.30965 0 0 0 
108000 100 42.5 0 10 5435.84 0 9.98769 1 6286.79 5.93914 0 0 0 
109000 100 35.15 0 10 5535.1 0 9.98781 1 6073.75 5.73427 0 0 0 
110000 100 31 0 10 5651.66 0 9.98792 1 5047.19 4.74958 0 0 0 
111000 100 38.49 0 10 5770.06 0 9.98803 1 4279.52 4.0084 0 0 0 
112000 100 35.98 0 10 5875.53 0 9.98813 1 7071.46 6.55698 0 0 0 
113000 100 37.33 0 10 5981.67 0 9.98824 1 3463.33 3.23293 0 0 0 
114000 100 32.82 0 10 6108.13 0 9.98834 1 4194.29 3.89018 0 0 0 
115000 100 36.27 0 10 6219.39 0 9.98844 1 3541.2 3.3091 0 0 0 
116000 100 38.24 0 10 6336.83 0 9.98854 1 5494.57 5.2438 0 0 0 
117000 100 29.75 0 10 6420.92 0 9.98864 1 2352.52 2.19469 0 0 0 
118000 100 38.84 0 10 6556.96 0 9.98874 1 4612.84 4.24615 0 0 0 
119000 100 38.03 0 10 6668.33 0 9.98883 1 5185.39 4.7275 0 0 0 
120000 100 33.09 0 10 6793.29 0 9.98892 1 4199.06 3.90612 0 0 0 
121000 100 30.68 0 10 6912.6 0 9.98902 1 3015.93 2.84033 0 0 0 
122000 100 46.36 0 10 7002.47 0 9.98911 1 3382.45 3.16712 0 0 0 
123000 100 43.15 0 10 7097.82 0 9.98919 1 7363.52 6.92112 0 0 0 
124000 100 41.13 0 10 7175.17 0 9.98928 1 4860.07 4.6177 0 0 0 
125000 100 40 0 10 7294.79 0 9.98937 1 3274.39 3.1409 0 0 0 
126000 100 32.43 0 10 7389.43 0 9.98945 1 4472.79 4.27192 0 0 0 
127000 100 37.82 0 10 7493.81 0 9.98953 1 3349.09 3.18923 0 0 0 
128000 100 40.93 0 10 7591.84 0 9.98962 1 4917.24 4.67745 0 0 0 
129000 100 43.02 0 10 7700.07 0 9.9897 1 3385.13 3.2245 0 0 0 
130000 100 32.72 0 10 7826.38 0 9.98978 1 1983.75 1.91674 0 0 0 
131000 100 26.15 0 10 7963.94 0 9.98985 1 2204.75 2.14586 0 0 0 
132000 100 33.45 0 10 8108.07 0 9.98993 1 2198.54 2.14187 0 0 0 
133000 100 30.01 0 10 8241.17 0 9.99001 1 3557.15 3.43 0 0 0 
134000 100 29.35 0 10 8370.91 0 9.99008 1 3205.29 3.08424 0 0 0 
135000 100 25.87 0 10 8510.23 0 9.99015 1 2126 2.06845 0 0 0 
136000 100 22.78 0 10 8663.72 0 9.99023 1 2164.13 2.08826 0 0 0 
137000 100 22.85 0 10 8834.81 0 9.9903 1 1885.93 1.83944 0 0 0 
138000 100 22.45 0 10 8993.72 0 9.99037 1 2059.2 2.02436 0 0 0 
139000 100 25.2 0 10 9191.73 0 9.99044 1 1952.72 1.92655 0 0 0 
140000 100 20.65 0 10 9344.97 0 9.99051 1 1611.05 1.56766 0 0 0 
141000 100 23.69 0 10 9530.89 0 9.99057 1 1807.97 1.77651 0 0 0 
142000 100 22.39 0 10 9702.01 0 9.99064 1 1715.96 1.69564 0 0 0 
143000 100 29.47 0 10 9881.48 0 9.99071 1 1812.34 1.76989 0 0 0 
144000 100 14.89 0 10 10069.3 0 9.99077 1 1886.11 1.7988 0 0 0 
145000 100 20.53 0 10 10271.8 0 9.99083 1 1692.85 1.60627 0 0 0 
146000 100 19.37 0 10 10458 0 9.9909 1 2803.76 2.69557 0 0 0 
147000 100 20.03 0 10 10657.7 0 9.99096 1 1510.24 1.44966 0 0 0 
148000 100 26.95 0 10 10847.2 0 9.99102 1 1827.46 1.75152 0 0 0 
149000 100 15.29 0 10 11037.7 0 9.99108 1 2771.36 2.72197 0 0 0 
150000 100 16.58 0 10 11235 0 9.99114 1 1509.63 1.46819 0 0 0 
151000 100 21.97 0 10 11434.4 0 9.9912 1 1695.5 1.61272 0 0 0 
152000 100 16.21 0 10 11636 0 9.99126 1 1504.2 1.44749 0 0 0 
153000 100 19.12 0 10 11852.8 0 9.99131 1 1415.71 1.37895 0 0 0 
154000 100 20.01 0 10 12057.4 0 9.99137 1 1688.81 1.64774 0 0 0 
155000 100 24.58 0 10 12216.7 0 9.99143 1 2254.33 2.1664 0 0 0 
156000 100 24.02 0 10 12399.1 0 9.99148 1 1619.53 1.54309 0 0 0 
157000 100 19.73 0 10 12585.7 0 9.99153 1 1462.74 1.4125 0 0 0 
158000 100 22.47 0 10 12802.3 0 9.99159 1 1426.73 1.40799 0 0 0 
159000 100 21.45 0 10 13034.5 0 9.99164 1 1531.63 1.50514 0 0 0 
160000 100 17.98 0 10 13283.1 0 9.99169 1 1373.96 1.35686 0 0 0 
161000 100 17.81 0 10 13512.7 0 9.99174 1 1315.93 1.24905 0 0 0 
162000 100 17.82 0 10 13736.7 0 9.9918 1 1486.98 1.40801 0 0 0 
163000 100 19.71 0 10 13991 0 9.99185 1 1444.79 1.36379 0 0 0 
164000 100 18.29 0 10 14200.8 0 9.9919 1 1293.67 1.23666 0 0 0 
165000 100 18.38 0 10 14416.5 0 9.99194 1 1387.95 1.34741 0 0 0 
166000 100 21.39 0 10 14609.6 0 9.99199 1 1460.42 1.4415 0 0 0 
167000 100 27.66 0 10 14810.1 0 9.99204 1 1876.32 1.86636 0 0 0 
168000 100 24.43 0 10 15012.3 0 9.99209 1 1686.76 1.73688 0 0 0 
169000 100 25.23 0 10 15199.4 0 9.99214 1 1652.14 1.73063 0 0 0 
170000 100 19.58 0 10 15417.9 0 9.99218 1 2064.96 2.07237 0 0 0 
171000 100 21.32 0 10 15609.8 0 9.99223 1 1586.57 1.57414 0 0 0 
172000 100 19.85 0 10 15856.8 0 9.99227 1 1322.07 1.32418 0 0 0 
173000 100 16.68 0 10 16066.3 0 9.99232 1 1476.9 1.4641 0 0 0 
174000 100 16.72 0 10 16281.4 0 9.99236 1 1449.58 1.41596 0 0 0 
175000 100 18.95 0 10 16472.2 0 9.99241 1 1267.8 1.25618 0 0 0 
176000 100 21.01 0 10 16687.8 0 9.99245 1 1311.98 1.33322 0 0 0 
177000 100 19.89 0 10 16910.3 0 9.99249 1 1659.72 1.71808 0 0 0 
178000 100 18.44 0 10 17152.6 0 9.99253 1 1401.49 1.47073 0 0 0 
179000 100 21.87 0 10 17368.4 0 9.99257 1 1469.57 1.55932 0 0 0 
180000 100 19.46 0 10 17586.4 0 9.99262 1 1470.26 1.53891 0 0 0 
181000 100 17.71 0 10 17822.5 0 9.99266 1 1440.65 1.49085 0 0 0 
182000 100 20.1 0 10 18037.2 0 9.9927 1 1682.7 1.72997 0 0 0 
183000 100 19.74 0 10 18254.1 0 9.99274 1 1945.45 1.99573 0 0 0 
184000 100 17.01 0 10 18476.2 0 9.99278 1 1505.88 1.57466 0 0 0 
185000 100 17.37 0 10 18695.8 0 9.99282 1 1228.87 1.26627 0 0 0 
186000 100 19.18 0 10 18915.7 0 9.99285 1 1528.65 1.58226 0 0 0 
187000 100 20.71 0 10 19113.7 0 9.99289 1 2194.36 2.24098 0 0 0 
188000 100 20.13 0 10 19287 0 9.99293 1 1409.31 1.40717 0 0 0 
189000 100 20.43 0 10 19483.6 0 9.99297 1 1493.89 1.48362 0 0 0 
190000 100 19.11 0 10 19708 0 9.993 1 1473.37 1.4689 0 0 0 
191000 100 19.98 0 10 19913.7 0 9.99304 1 1568.7 1.54707 0 0 0 
192000 100 20.71 0 10 20120.8 0 9.99308 1 1958.34 1.90232 0 0 0 
193000 100 19.15 0 10 20338.3 0 9.99311 1 1721.8 1.70565 0 0 0 
194000 100 20.21 0 10 20568.8 0 9.99315 1 1445.77 1.45436 0 0 0 
195000 100 20.26 0 10 20824.4 0 9.99318 1 1605.3 1.60533 0 0 0 
196000 100 16.16 0 10 21047 0 9.99322 1 1332.9 1.34029 0 0 0 
197000 100 16.16 0 10 21256.3 0 9.99325 1 1622.81 1.6036 0 0 0 
198000 100 19.82 0 10 21478.7 0 9.99329 1 1502.87 1.50988 0 0 0 
199000 100 18.01 0 10 21711.4 0 9.99332 1 1308.71 1.30614 0 0 0 
200000 100 16.04 0 10 21939.4 0 9.99335 1 1584.15 1.57201 0 0 0 
201000 100 20.26 0 10 22169.6 0 9.99339 1 1664.56 1.60253 0 0 0 
202000 100 19.31 0 10 22379.4 0 9.99342 1 1380.84 1.37249 0 0 0 
203000 100 18.31 0 10 22611.5 0 9.99345 1 1205.8 1.21415 0 0 0 
204000 100 17.33 0 10 22853.5 0 9.99348 1 1360.82 1.43757 0 0 0 
205000 100 15.08 0 10 23082.4 0 9.99352 1 1185.52 1.26555 0 0 0 
206000 100 16 0 10 23316.9 0 9.99355 1 1618.53 1.68658 0 0 0 
207000 100 17.1 0 10 23540.6 0 9.99358 1 1447.15 1.51282 0 0 0 
208000 100 17.61 0 10 23793.9 0 9.99361 1 1192 1.26717 0 0 0 
209000 100 14.3 0 10 24067 0 9.99364 1 1345.89 1.43198 0 0 0 
210000 100 17.46 0 10 24271.3 0 9.99367 1 1360.39 1.4564 0 0 0 
211000 100 26.55 0 10 24447.2 0 9.9937 1 2093.41 2.1669 0 0 0 
212000 100 19.2 0 10 24633.2 0 9.99373 1 1601.43 1.7078 0 0 0 
213000 100 15.99 0 10 24835.1 0 9.99376 1 1305.26 1.41262 0 0 0 
214000 100 17.19 0 10 25049 0 9.99379 1 1703.15 1.83487 0 0 0 
215000 100 16.44 0 10 25247 0 9.99382 1 1411.62 1.49033 0 0 0 
216000 100 16.94 0 10 25460.5 0 9.99385 1 1423.55 1.51401 0 0 0 
217000 100 16.62 0 10 25692.6 0 9.99388 1 1402.22 1.47131 0 0 0 
218000 100 22.02 0 10 25880.7 0 9.9939 1 1620.98 1.67844 0 0 0 
219000 100 13.93 0 10 26108.2 0 9.99393 1 1776.54 1.85044 0 0 0 
220000 100 22.28 0 10 26359.6 0 9.99396 1 1408.89 1.53047 0 0 0 
221000 100 18.91 0 10 26592.3 0 9.99399 1 1377.05 1.45171 0 0 0 
222000 100 17.83 0 10 26828.7 0 9.99401 1 1416.36 1.47865 0 0 0 
223000 100 16.09 0 10 27060.5 0 9.99404 1 1458.08 1.48933 0 0 0 
224000 100 19.97 0 10 27303.6 0 9.99407 1 1571.64 1.60892 0 0 0 
225000 100 15.04 0 10 27579.3 0 9.99409 1 1084.56 1.11742 0 0 0 
226000 100 18.79 0 10 27837.7 0 9.99412 1 1442.84 1.44396 0 0 0 
227000 100 19.15 0 10 28081.8 0 9.99414 1 1335.01 1.33325 0 0 0 
228000 100 14.81 0 10 28296.8 0 9.99417 1 1557.8 1.52341 0 0 0 
229000 100 18.27 0 10 28518.8 0 9.9942 1 1566.15 1.5363 0 0 0 
230000 100 21.36 0 10 28728.1 0 9.99422 1 2884.14 2.8604 0 0 0 
231000 100 20.72 0 10 28915.3 0 9.99425 1 1778.39 1.78898 0 0 0 
232000 100 23.8 0 10 29128 0 9.99427 1 1450.78 1.45748 0 0 0 
233000 100 24.1 0 10 29317.7 0 9.9943 1 1509.72 1.55668 0 0 0 
234000 100 20.13 0 10 29544.5 0 9.99432 1 1321.6 1.36216 0 0 0 
235000 100 11.98 0 10 29759.8 0 9.99434 1 1268.94 1.32582 0 0 0 
236000 100 15.18 0 10 30016.1 0 9.99437 1 1277.43 1.3474 0 0 0 
237000 100 15.92 0 10 30234.8 0 9.99439 1 1446.89 1.51463 0 0 0 
238000 100 21.33 0 10 30447.1 0 9.99442 1 1419.88 1.50746 0 0 0 
239000 100 20.89 0 10 30645.7 0 9.99444 1 1850.27 1.97905 0 0 0 
240000 100 20.55 0 10 30864.5 0 9.99446 1 1444.6 1.54599 0 0 0 
241000 100 12.67 0 10 31089.6 0 9.99449 1 1436.48 1.56239 0 0 0 
242000 100 19.73 0 10 31243.8 0 9.99451 1 1291.96 1.4269 0 0 0 
243000 100 16.84 0 10 31449.4 0 9.99453 1 1673.87 1.82969 0 0 0 
244000 100 19.06 0 10 31699.8 0 9.99455 1 1349.98 1.49545 0 0 0 
245000 100 19.27 0 10 31916.7 0 9.99458 1 1465.42 1.61781 0 0 0 
246000 100 23.42 0 10 32132.5 0 9.9946 1 1538.78 1.67374 0 0 0 
247000 100 14.96 0 10 32343.2 0 9.99462 1 1417.69 1.55525 0 0 0 
248000 100 18.2 0 10 32548 0 9.99464 1 1328.37 1.46814 0 0 0 
249000 100 20.78 0 10 32747.1 0 9.99466 1 1665.08 1.81856 0 0 0 
250000 100 21.37 0 10 32930.6 0 9.99468 1 1740.06 1.85288 0 0 0 