# Avida Average Deme Data
# Mon Apr  7 22:46:25 2014
#  1: Update
#  2: Count
#  3: Age
#  4: Births
#  5: Organisms
#  6: Generation
#  7: Births (at last replication)
#  8: Organisms (at last replication)
#  9: Merit
# 10: Gestation Time
# 11: Time Used (normalized by org fitness)
# 12: Generations between current and last founders
# 13: Events killed
# 14: Attempts to kill event

0 100 0 0 1 0 0 0 1 0 0 0 0 0 
1000 100 71.88 0 10 9.44 0 8.61479 1 42619.4 36.7187 0 0 0 
2000 100 69.8 0 10 18.74 0 9.30705 1 41232.8 35.5063 0 0 0 
3000 100 83.09 0 10 29.58 0 9.53795 1 40113.9 34.4242 0 0 0 
4000 100 73.74 0 10 39.55 0 9.65344 1 38040.6 32.7274 0 0 0 
5000 100 75.33 0 10 48.82 0 9.72274 1 39967.3 34.3476 0 0 0 
6000 100 71.02 0 10 56.61 0 9.76894 1 40077.8 34.3259 0 0 0 
7000 100 65.44 0 10 68.26 0 9.80194 1 39216 33.6511 0 0 0 
8000 100 77.01 0 10 79.42 0 9.8267 1 41921.3 35.9449 0 0 0 
9000 100 76.84 0 10 86.86 0 9.84595 1 41990.9 36.1311 0 0 0 
10000 100 72.9 0 10 98.31 0 9.86135 1 39300.1 33.7052 0 0 0 
11000 100 70.99 0 10 109.44 0 9.87396 1 40108.7 34.17 0 0 0 
12000 100 77.42 0 10 121.29 0 9.88446 1 38638.2 32.8353 0 0 0 
13000 100 68.37 0 10 131.67 0 9.89335 1 42894.3 36.3306 0 0 0 
14000 100 72.03 0 10 147.87 0 9.90096 1 37018.3 31.1284 0 0 0 
15000 100 64.39 0 10 163.34 0 9.90757 1 38554.4 32.0152 0 0 0 
16000 100 71.98 0 10 183.72 0 9.91334 1 31875.7 25.9918 0 0 0 
17000 100 77.44 0 10 200.22 0 9.91844 1 33840.5 27.2548 0 0 0 
18000 100 68.29 0 10 215.29 0 9.92297 1 35982.2 28.7864 0 0 0 
19000 100 59.46 0 10 230.92 0 9.92702 1 33388.4 26.6419 0 0 0 
20000 100 68.03 0 10 253.5 0 9.93067 1 28720.8 22.8335 0 0 0 
21000 100 58.5 0 10 277.48 0 9.93397 1 26903.2 21.5078 0 0 0 
22000 100 69.53 0 10 296.63 0 9.93698 1 31517.8 25.3015 0 0 0 
23000 100 67.53 0 10 309.45 0 9.93972 1 32102.3 25.8029 0 0 0 
24000 100 70.16 0 10 329.86 0 9.94223 1 29070.2 23.3332 0 0 0 
25000 100 67.6 0 10 341.59 0 9.94454 1 36289.6 29.1334 0 0 0 
26000 100 68.05 0 10 357.83 0 9.94667 1 27430.9 21.8709 0 0 0 
27000 100 72.65 0 10 372 0 9.94865 1 33109.5 26.4426 0 0 0 
28000 100 75.2 0 10 387.01 0 9.95048 1 34898.5 27.8464 0 0 0 
29000 100 62.23 0 10 412.55 0 9.95219 1 33779.8 26.8754 0 0 0 
30000 100 69.34 0 10 428.65 0 9.95378 1 31385.2 25.0505 0 0 0 
31000 100 69.68 0 10 457.27 0 9.95527 1 28686.2 22.6929 0 0 0 
32000 100 73.91 0 10 473.48 0 9.95667 1 31788.1 25.2268 0 0 0 
33000 100 62.55 0 10 493.29 0 9.95798 1 27891.5 22.1285 0 0 0 
34000 100 68.28 0 10 514.33 0 9.95922 1 30059.6 23.8988 0 0 0 
35000 100 75.3 0 10 542.75 0 9.96038 1 24358.7 19.398 0 0 0 
36000 100 62.11 0 10 562.52 0 9.96148 1 26757.3 21.1551 0 0 0 
37000 100 59.69 0 10 591.49 0 9.96253 1 26953 21.2096 0 0 0 
38000 100 59.53 0 10 607.17 0 9.96351 1 25401.6 20.0511 0 0 0 
39000 100 61.49 0 10 633.48 0 9.96445 1 25969.7 20.512 0 0 0 
40000 100 69.72 0 10 657.06 0 9.96534 1 28976.7 22.666 0 0 0 
41000 100 78.18 0 10 674.4 0 9.96618 1 27227.4 21.5082 0 0 0 
42000 100 55.47 0 10 695.18 0 9.96699 1 24548 19.4208 0 0 0 
43000 100 68.59 0 10 737.32 0 9.96775 1 28159 22.1936 0 0 0 
44000 100 65.48 0 10 756.43 0 9.96849 1 27870.5 22.0403 0 0 0 
45000 100 66.5 0 10 786.14 0 9.96919 1 25314.2 19.9606 0 0 0 
46000 100 56.72 0 10 810.37 0 9.96986 1 23981.2 18.942 0 0 0 
47000 100 62.54 0 10 831.33 0 9.9705 1 23337.8 18.4222 0 0 0 
48000 100 60.95 0 10 856 0 9.97111 1 27106.5 21.5315 0 0 0 
49000 100 74.81 0 10 874.42 0 9.9717 1 23164.8 18.3597 0 0 0 
50000 100 63.24 0 10 904.02 0 9.97227 1 28713.3 22.8258 0 0 0 
51000 100 56.62 0 10 920.2 0 9.97281 1 24099.3 19.1047 0 0 0 
52000 100 56.26 0 10 946 0 9.97334 1 27437.7 21.7024 0 0 0 
53000 100 80.44 0 10 973.13 0 9.97384 1 27947.9 22.1871 0 0 0 
54000 100 60.05 0 10 999.26 0 9.97432 1 24539.7 19.4821 0 0 0 
55000 100 71.18 0 10 1029 0 9.97479 1 28021.7 21.9828 0 0 0 
56000 100 74.92 0 10 1055.53 0 9.97524 1 22991.1 18.0463 0 0 0 
57000 100 53.58 0 10 1070.53 0 9.97567 1 28769.5 22.3554 0 0 0 
58000 100 58.49 0 10 1095.17 0 9.97609 1 28834.6 22.3847 0 0 0 
59000 100 52.41 0 10 1111.76 0 9.9765 1 28223.1 21.7862 0 0 0 
60000 100 69.78 0 10 1127.96 0 9.97689 1 30859.9 23.8427 0 0 0 
61000 100 59.86 0 10 1167.24 0 9.97727 1 32745.9 25.4571 0 0 0 
62000 100 73.02 0 10 1211.24 0 9.97764 1 37140.4 29.0235 0 0 0 
63000 100 62.39 0 10 1263.03 0 9.97799 1 30321.5 23.8544 0 0 0 
64000 100 57.94 0 10 1283.96 0 9.97833 1 24743.7 19.4575 0 0 0 
65000 100 59.11 0 10 1297.23 0 9.97867 1 25434.7 19.9403 0 0 0 
66000 100 62.27 0 10 1303.81 0 9.97899 1 26851.2 21.1111 0 0 0 
67000 100 58.42 0 10 1352.08 0 9.9793 1 31397.4 25.0126 0 0 0 
68000 100 56.74 0 10 1372.97 0 9.97961 1 27241.9 21.6559 0 0 0 
69000 100 59.65 0 10 1399.93 0 9.9799 1 24390.2 19.3738 0 0 0 
70000 100 60.63 0 10 1422.87 0 9.98019 1 26258.1 20.8705 0 0 0 
71000 100 56.02 0 10 1442.25 0 9.98047 1 23778.5 18.9122 0 0 0 
72000 100 66.55 0 10 1466.86 0 9.98074 1 23925.4 18.9841 0 0 0 
73000 100 65.12 0 10 1484.34 0 9.98101 1 24291.3 19.2874 0 0 0 
74000 100 61.09 0 10 1503.34 0 9.98126 1 25975.2 20.6794 0 0 0 
75000 100 53.46 0 10 1537.05 0 9.98151 1 23924.7 19.031 0 0 0 
76000 100 63.27 0 10 1559.06 0 9.98176 1 31899.3 25.294 0 0 0 
77000 100 57.65 0 10 1575.35 0 9.98199 1 27160 21.6953 0 0 0 
78000 100 60.37 0 10 1600.29 0 9.98222 1 27511 21.9736 0 0 0 
79000 100 74.43 0 10 1619.26 0 9.98245 1 28070 22.3182 0 0 0 
80000 100 66.62 0 10 1644.47 0 9.98267 1 24366.7 19.3782 0 0 0 
81000 100 57.64 0 10 1661.11 0 9.98288 1 26881.2 21.3159 0 0 0 
82000 100 66.14 0 10 1668.13 0 9.98309 1 31009.6 24.6952 0 0 0 
83000 100 75.05 0 10 1692.59 0 9.98329 1 24593 19.6695 0 0 0 
84000 100 60.11 0 10 1722.89 0 9.98349 1 26537.6 21.0746 0 0 0 
85000 100 54.4 0 10 1754.83 0 9.98369 1 20341.9 16.2162 0 0 0 
86000 100 58.99 0 10 1797.03 0 9.98388 1 28465.1 22.4685 0 0 0 
87000 100 52.3 0 10 1831.97 0 9.98406 1 24295.8 19.1686 0 0 0 
88000 100 53.75 0 10 1869.08 0 9.98424 1 22145 17.5475 0 0 0 
89000 100 66.23 0 10 1896 0 9.98442 1 21928.7 17.1983 0 0 0 
90000 100 64.34 0 10 1925.51 0 9.98459 1 20967.8 16.4001 0 0 0 
91000 100 61.03 0 10 1958.13 0 9.98476 1 22902.8 17.9867 0 0 0 
92000 100 64.51 0 10 1983.98 0 9.98493 1 23733.8 18.5184 0 0 0 
93000 100 63.92 0 10 2008.18 0 9.98509 1 21801.9 16.9211 0 0 0 
94000 100 57.3 0 10 2034.93 0 9.98525 1 26620 20.4594 0 0 0 
95000 100 60.29 0 10 2069.95 0 9.9854 1 24084.1 18.2759 0 0 0 
96000 100 58.83 0 10 2102.64 0 9.98556 1 24246.3 18.2281 0 0 0 
97000 100 62.31 0 10 2137.77 0 9.98571 1 20947.8 15.7669 0 0 0 
98000 100 62.62 0 10 2165.72 0 9.98585 1 19434 14.6833 0 0 0 
99000 100 54.5 0 10 2189.13 0 9.98599 1 20537 15.4971 0 0 0 
100000 100 60.62 0 10 2229.93 0 9.98613 1 19018 14.4008 0 0 0 
101000 100 59.73 0 10 2260.68 0 9.98627 1 19398 14.6318 0 0 0 
102000 100 56.82 0 10 2302.51 0 9.98641 1 19938.1 14.9466 0 0 0 
103000 100 62.06 0 10 2334.35 0 9.98654 1 18165.6 13.6165 0 0 0 
104000 100 58.55 0 10 2366.14 0 9.98667 1 21133.6 15.8594 0 0 0 
105000 100 63.88 0 10 2404.46 0 9.98679 1 20015.2 14.9586 0 0 0 
106000 100 61.89 0 10 2444.1 0 9.98692 1 20496.6 15.0971 0 0 0 
107000 100 62.69 0 10 2483.9 0 9.98704 1 18494.7 13.6885 0 0 0 
108000 100 55.11 0 10 2511.68 0 9.98716 1 19465 14.4138 0 0 0 
109000 100 61.06 0 10 2534.08 0 9.98728 1 20699.8 15.3445 0 0 0 
110000 100 69.94 0 10 2570.66 0 9.98739 1 21068.8 15.6977 0 0 0 
111000 100 64.48 0 10 2600.01 0 9.98751 1 16977.6 12.662 0 0 0 
112000 100 54.29 0 10 2621.05 0 9.98762 1 17431.6 13.0902 0 0 0 
113000 100 61.45 0 10 2652.41 0 9.98773 1 19309 14.6729 0 0 0 
114000 100 59.32 0 10 2686.43 0 9.98784 1 21561 16.532 0 0 0 
115000 100 68.51 0 10 2711.82 0 9.98794 1 25590.9 19.5986 0 0 0 
116000 100 63.82 0 10 2743.48 0 9.98805 1 25025.1 19.1361 0 0 0 
117000 100 67.08 0 10 2772.37 0 9.98815 1 25442.9 19.3646 0 0 0 
118000 100 67.96 0 10 2789.76 0 9.98825 1 20454.4 15.6402 0 0 0 
119000 100 58.6 0 10 2813.18 0 9.98835 1 28570.8 21.8721 0 0 0 
120000 100 62.96 0 10 2839.47 0 9.98845 1 27306.3 20.8657 0 0 0 
121000 100 58.35 0 10 2856.18 0 9.98854 1 21396.8 16.3319 0 0 0 
122000 100 57.97 0 10 2883.82 0 9.98863 1 24191.8 18.4703 0 0 0 
123000 100 59.05 0 10 2907.4 0 9.98873 1 22115.7 16.8681 0 0 0 
124000 100 63.16 0 10 2935.42 0 9.98882 1 21359.2 16.3483 0 0 0 
125000 100 57.6 0 10 2960.21 0 9.98891 1 21347.6 16.3385 0 0 0 
126000 100 63.2 0 10 2981.12 0 9.989 1 20540.1 15.7143 0 0 0 
127000 100 65.68 0 10 3007.72 0 9.98908 1 23995.6 18.3046 0 0 0 
128000 100 55.1 0 10 3038.51 0 9.98917 1 27299.2 20.9348 0 0 0 
129000 100 68.75 0 10 3062.72 0 9.98925 1 21020.4 15.9938 0 0 0 
130000 100 58.4 0 10 3093.62 0 9.98933 1 25171.5 19.0616 0 0 0 
131000 100 58.97 0 10 3117.07 0 9.98942 1 26690.9 20.104 0 0 0 
132000 100 54.54 0 10 3143 0 9.9895 1 21867.1 16.3169 0 0 0 
133000 100 52.33 0 10 3172.77 0 9.98957 1 22565.6 16.9165 0 0 0 
134000 100 57.71 0 10 3203.44 0 9.98965 1 21657.9 16.3392 0 0 0 
135000 100 63.2 0 10 3226.8 0 9.98973 1 22262.4 16.6934 0 0 0 
136000 100 54.16 0 10 3258.46 0 9.9898 1 24947.5 18.8463 0 0 0 
137000 100 63.49 0 10 3277.5 0 9.98988 1 24286.4 18.1841 0 0 0 
138000 100 63.5 0 10 3301.79 0 9.98995 1 20170.5 14.9489 0 0 0 
139000 100 56.17 0 10 3326.1 0 9.99002 1 22430 16.5908 0 0 0 
140000 100 61.64 0 10 3349.7 0 9.9901 1 26518.3 19.6889 0 0 0 
141000 100 61.45 0 10 3374.67 0 9.99017 1 21084.2 15.6525 0 0 0 
142000 100 60.98 0 10 3404.01 0 9.99024 1 27842.3 20.6071 0 0 0 
143000 100 61.87 0 10 3433.18 0 9.9903 1 26269.5 19.7145 0 0 0 
144000 100 51.1 0 10 3460.85 0 9.99037 1 24737.1 18.4391 0 0 0 
145000 100 62.98 0 10 3490.99 0 9.99044 1 23523.9 17.4698 0 0 0 
146000 100 59.47 0 10 3508.17 0 9.9905 1 21876.5 16.0835 0 0 0 
147000 100 65.68 0 10 3539.36 0 9.99057 1 25442.7 18.7439 0 0 0 
148000 100 63.14 0 10 3569.43 0 9.99063 1 24578.3 18.0092 0 0 0 
149000 100 63.31 0 10 3584.06 0 9.99069 1 22104.1 16.2468 0 0 0 
150000 100 53.97 0 10 3616.01 0 9.99076 1 22415.4 16.5011 0 0 0 
151000 100 61.88 0 10 3645.73 0 9.99082 1 23680.7 17.491 0 0 0 
152000 100 55.65 0 10 3674.86 0 9.99088 1 21478.1 15.8467 0 0 0 
153000 100 50.16 0 10 3700.29 0 9.99094 1 19558.3 14.4618 0 0 0 
154000 100 48.01 0 10 3728.17 0 9.991 1 21990.2 16.3232 0 0 0 
155000 100 55.43 0 10 3754.48 0 9.99105 1 23147.4 17.1708 0 0 0 
156000 100 61.8 0 10 3773.3 0 9.99111 1 22449.7 16.6173 0 0 0 
157000 100 54.08 0 10 3793.55 0 9.99117 1 22856.3 16.8335 0 0 0 
158000 100 58.1 0 10 3818.51 0 9.99122 1 27302.6 20.1957 0 0 0 
159000 100 56.92 0 10 3845.76 0 9.99128 1 27961 20.661 0 0 0 
160000 100 63.62 0 10 3871.87 0 9.99133 1 23693.5 17.4904 0 0 0 
161000 100 65.67 0 10 3889.68 0 9.99139 1 23436.5 17.3521 0 0 0 
162000 100 53.73 0 10 3920.7 0 9.99144 1 26624.4 19.8099 0 0 0 
163000 100 60.52 0 10 3945.79 0 9.99149 1 25135.9 18.7214 0 0 0 
164000 100 61.22 0 10 3973.68 0 9.99155 1 21944.5 16.2494 0 0 0 
165000 100 68.57 0 10 4002.02 0 9.9916 1 27322 20.28 0 0 0 
166000 100 61.8 0 10 4038.72 0 9.99165 1 25163.1 18.6619 0 0 0 
167000 100 58.11 0 10 4067.87 0 9.9917 1 26111.4 19.2418 0 0 0 
168000 100 55.37 0 10 4085.35 0 9.99175 1 22793.6 16.7397 0 0 0 
169000 100 61.5 0 10 4103.84 0 9.9918 1 21729.6 15.8322 0 0 0 
170000 100 60.52 0 10 4135.05 0 9.99184 1 21363.9 15.4693 0 0 0 
171000 100 67.41 0 10 4156.35 0 9.99189 1 24557.2 17.7503 0 0 0 
172000 100 62.83 0 10 4178.67 0 9.99194 1 28506.8 20.5754 0 0 0 
173000 100 60.74 0 10 4199.73 0 9.99199 1 23688.9 17.0736 0 0 0 
174000 100 67.13 0 10 4232.59 0 9.99203 1 23402.5 16.9287 0 0 0 
175000 100 63.88 0 10 4244.86 0 9.99208 1 24436.1 17.5849 0 0 0 
176000 100 70.3 0 10 4268.26 0 9.99212 1 20282.2 14.5391 0 0 0 
177000 100 66.95 0 10 4293.09 0 9.99217 1 25777.1 18.4768 0 0 0 
178000 100 53.84 0 10 4320.14 0 9.99221 1 24482.4 17.515 0 0 0 
179000 100 59.41 0 10 4354.02 0 9.99225 1 25937.9 18.5722 0 0 0 
180000 100 57.91 0 10 4382.78 0 9.9923 1 19058 13.6824 0 0 0 
181000 100 65.76 0 10 4410.43 0 9.99234 1 19418.7 14.0322 0 0 0 
182000 100 61.36 0 10 4438.08 0 9.99238 1 21193.9 15.2644 0 0 0 
183000 100 56.6 0 10 4467.51 0 9.99242 1 23121.9 16.7841 0 0 0 
184000 100 59.96 0 10 4489.05 0 9.99246 1 26090.9 18.9523 0 0 0 
185000 100 65.28 0 10 4511.18 0 9.9925 1 23204.6 16.905 0 0 0 
186000 100 57.66 0 10 4536.3 0 9.99255 1 25287.1 18.4077 0 0 0 
187000 100 54.71 0 10 4551.84 0 9.99259 1 20542.4 14.9035 0 0 0 
188000 100 62.08 0 10 4578.23 0 9.99262 1 24641.8 17.8772 0 0 0 
189000 100 59.23 0 10 4603.23 0 9.99266 1 25414.1 18.2499 0 0 0 
190000 100 58.59 0 10 4634.3 0 9.9927 1 22702.2 16.3329 0 0 0 
191000 100 65.51 0 10 4657.72 0 9.99274 1 22692.4 16.359 0 0 0 
192000 100 59.24 0 10 4672.91 0 9.99278 1 17751.3 12.7648 0 0 0 
193000 100 62.61 0 10 4694.59 0 9.99282 1 24717.8 17.8947 0 0 0 
194000 100 56.37 0 10 4715.42 0 9.99285 1 22881.1 16.7225 0 0 0 
195000 100 59.9 0 10 4744.9 0 9.99289 1 23313.9 17.1464 0 0 0 
196000 100 53.96 0 10 4778.68 0 9.99293 1 21732 15.9778 0 0 0 
197000 100 51.72 0 10 4802.85 0 9.99296 1 24832.7 18.2537 0 0 0 
198000 100 67.87 0 10 4831.15 0 9.993 1 25990.9 19.1483 0 0 0 
199000 100 55.63 0 10 4856.23 0 9.99303 1 23564.9 17.4104 0 0 0 
200000 100 72.55 0 10 4884.74 0 9.99307 1 16754.4 12.3679 0 0 0 
201000 100 72.07 0 10 4896.11 0 9.9931 1 21913.8 16.2896 0 0 0 
202000 100 52.7 0 10 4919.11 0 9.99314 1 18482.6 13.6623 0 0 0 
203000 100 57.38 0 10 4946.01 0 9.99317 1 21081.3 15.5162 0 0 0 
204000 100 66.76 0 10 4973.81 0 9.9932 1 19746.3 14.5046 0 0 0 
205000 100 59.28 0 10 5006.94 0 9.99324 1 19864.8 14.5622 0 0 0 
206000 100 56.33 0 10 5033.96 0 9.99327 1 27312.1 20.1045 0 0 0 
207000 100 46.99 0 10 5062.84 0 9.9933 1 23459.5 17.1982 0 0 0 
208000 100 62.95 0 10 5084.38 0 9.99333 1 28366.5 20.7591 0 0 0 
209000 100 58.81 0 10 5111.23 0 9.99337 1 20946.7 15.3839 0 0 0 
210000 100 64.26 0 10 5150.82 0 9.9934 1 22625.8 16.6429 0 0 0 
211000 100 59.79 0 10 5180.09 0 9.99343 1 19577.1 14.3989 0 0 0 
212000 100 62.78 0 10 5187.15 0 9.99346 1 27517 20.1925 0 0 0 
213000 100 67.12 0 10 5209.78 0 9.99349 1 27279.4 20.0635 0 0 0 
214000 100 67.14 0 10 5234.21 0 9.99352 1 24171.5 17.7775 0 0 0 
215000 100 53 0 10 5267.2 0 9.99355 1 18778.9 13.7401 0 0 0 
216000 100 59.69 0 10 5293.32 0 9.99358 1 25661.9 18.7092 0 0 0 
217000 100 57.8 0 10 5326.52 0 9.99361 1 17996 13.0839 0 0 0 
218000 100 55.49 0 10 5344.66 0 9.99364 1 21114 15.2357 0 0 0 
219000 100 57.89 0 10 5359.64 0 9.99367 1 30396.9 21.9919 0 0 0 
220000 100 57.82 0 10 5373.24 0 9.9937 1 27661.5 19.9705 0 0 0 
221000 100 64.43 0 10 5375.45 0 9.99373 1 27475.7 19.8696 0 0 0 
222000 100 75.64 0 10 5381.55 0 9.99375 1 28597.2 20.6111 0 0 0 
223000 100 58.96 0 10 5401.99 0 9.99378 1 34622.1 25.0546 0 0 0 
224000 100 58.81 0 10 5430.36 0 9.99381 1 24306.7 17.6754 0 0 0 
225000 100 68.13 0 10 5447.07 0 9.99384 1 28855.7 20.8002 0 0 0 
226000 100 66.78 0 10 5469.15 0 9.99386 1 24577.1 17.7219 0 0 0 
227000 100 55.53 0 10 5491.67 0 9.99389 1 27436.4 19.742 0 0 0 
228000 100 68.77 0 10 5522.67 0 9.99392 1 25406.4 18.2102 0 0 0 
229000 100 61.08 0 10 5534.17 0 9.99395 1 23074.6 16.5176 0 0 0 
230000 100 68.65 0 10 5556.6 0 9.99397 1 29591.2 21.2121 0 0 0 
231000 100 63.68 0 10 5571.77 0 9.994 1 21099.4 15.1464 0 0 0 
232000 100 62.49 0 10 5600.46 0 9.99402 1 24786 17.8603 0 0 0 
233000 100 64.69 0 10 5629.57 0 9.99405 1 25610.3 18.373 0 0 0 
234000 100 59.84 0 10 5643.8 0 9.99407 1 25878.1 18.5446 0 0 0 
235000 100 60.67 0 10 5672.61 0 9.9941 1 29523.8 21.1415 0 0 0 
236000 100 60.82 0 10 5702.77 0 9.99412 1 21569.2 15.4786 0 0 0 
237000 100 66.43 0 10 5725.62 0 9.99415 1 27791.6 19.9415 0 0 0 
238000 100 76.5 0 10 5746.53 0 9.99417 1 28008.8 20.1649 0 0 0 
239000 100 61.77 0 10 5760.37 0 9.9942 1 21382.3 15.4142 0 0 0 
240000 100 55.45 0 10 5781.22 0 9.99422 1 24661.4 17.803 0 0 0 
241000 100 56.15 0 10 5813.05 0 9.99425 1 14364.5 10.3177 0 0 0 
242000 100 45.97 0 10 5867.45 0 9.99427 1 11627.6 8.33084 0 0 0 
243000 100 46.77 0 10 5944.45 0 9.99429 1 9745.16 6.97482 0 0 0 
244000 100 44.33 0 10 6003.61 0 9.99432 1 4669.9 3.33481 0 0 0 
245000 100 36.79 0 10 6084.64 0 9.99434 1 7216.08 5.1516 0 0 0 
246000 100 38.33 0 10 6174.86 0 9.99436 1 8827.43 6.33794 0 0 0 
247000 100 37.62 0 10 6245.78 0 9.99439 1 5462.9 3.93359 0 0 0 
248000 100 46.66 0 10 6333.99 0 9.99441 1 4729.52 3.40971 0 0 0 
249000 100 34.99 0 10 6433.83 0 9.99443 1 5849 4.21494 0 0 0 
250000 100 39.16 0 10 6516.63 0 9.99445 1 5031.93 3.62011 0 0 0 