# Avida Average Deme Data
# Sun Apr  6 19:12:13 2014
#  1: Update
#  2: Count
#  3: Age
#  4: Births
#  5: Organisms
#  6: Generation
#  7: Births (at last replication)
#  8: Organisms (at last replication)
#  9: Merit
# 10: Gestation Time
# 11: Time Used (normalized by org fitness)
# 12: Generations between current and last founders
# 13: Events killed
# 14: Attempts to kill event

0 100 0 0 1 0 0 0 1 0 0 0 0 0 
1000 100 51.66 0 10 9.49 0 8.59231 1 39865.4 34.4077 0 0 0 
2000 100 77.55 0 10 18.93 0 9.2958 1 40332.1 34.803 0 0 0 
3000 100 67.23 0 10 30.09 0 9.53046 1 39860.4 34.2239 0 0 0 
4000 100 73.21 0 10 40.87 0 9.64781 1 35757.8 30.6604 0 0 0 
5000 100 69.56 0 10 52.72 0 9.71824 1 44186.3 37.6421 0 0 0 
6000 100 61.2 0 10 62.19 0 9.76519 1 41887.2 35.7142 0 0 0 
7000 100 63.32 0 10 71.79 0 9.79873 1 41581.5 35.3803 0 0 0 
8000 100 63.7 0 10 83.03 0 9.82388 1 39894.3 33.8712 0 0 0 
9000 100 66.76 0 10 99.27 0 9.84345 1 37670 32.162 0 0 0 
10000 100 77.92 0 10 113.76 0 9.8591 1 34948.7 29.9211 0 0 0 
11000 100 84.45 0 10 118.47 0 9.87191 1 45032.5 38.5659 0 0 0 
12000 100 65.62 0 10 139.24 0 9.88258 1 37443.5 31.9309 0 0 0 
13000 100 77.56 0 10 158.6 0 9.89162 1 38464.5 32.7632 0 0 0 
14000 100 65.81 0 10 190.64 0 9.89936 1 34144.8 29.0826 0 0 0 
15000 100 69.24 0 10 213.41 0 9.90607 1 29802.3 25.3777 0 0 0 
16000 100 65.37 0 10 222.81 0 9.91194 1 34275.2 29.0768 0 0 0 
17000 100 79.02 0 10 234.19 0 9.91712 1 33672.8 28.3961 0 0 0 
18000 100 62.8 0 10 247.07 0 9.92172 1 32400.6 27.4511 0 0 0 
19000 100 69.47 0 10 262.53 0 9.92584 1 31115.1 26.4656 0 0 0 
20000 100 64.25 0 10 279.55 0 9.92955 1 31058.7 26.4432 0 0 0 
21000 100 61.22 0 10 296.7 0 9.9329 1 33398.8 28.522 0 0 0 
22000 100 72.09 0 10 310.08 0 9.93595 1 32429.3 27.6001 0 0 0 
23000 100 62.01 0 10 330.47 0 9.93874 1 31034.8 26.5445 0 0 0 
24000 100 72.92 0 10 353.7 0 9.94129 1 28115.1 24.1168 0 0 0 
25000 100 60.09 0 10 373.53 0 9.94364 1 30721.3 26.3664 0 0 0 
26000 100 66.95 0 10 395.99 0 9.94581 1 31876.3 27.3837 0 0 0 
27000 100 72.69 0 10 415.39 0 9.94781 1 32300.6 27.7572 0 0 0 
28000 100 66.31 0 10 438.97 0 9.94968 1 31292 26.921 0 0 0 
29000 100 56.37 0 10 463.4 0 9.95141 1 26623.2 22.7847 0 0 0 
30000 100 74.89 0 10 482.68 0 9.95303 1 27817.7 23.84 0 0 0 
31000 100 63.27 0 10 495.43 0 9.95455 1 29854.8 25.4116 0 0 0 
32000 100 65.27 0 10 503.55 0 9.95597 1 31554.8 27.0309 0 0 0 
33000 100 53.76 0 10 523.62 0 9.9573 1 33067.4 28.3729 0 0 0 
34000 100 71.49 0 10 537.19 0 9.95856 1 27109.6 23.1708 0 0 0 
35000 100 58.25 0 10 541.75 0 9.95974 1 29931.6 25.5625 0 0 0 
36000 100 67.56 0 10 566.93 0 9.96086 1 23715.8 20.1756 0 0 0 
37000 100 65.3 0 10 588.34 0 9.96192 1 23388.5 19.8199 0 0 0 
38000 100 67.31 0 10 608.39 0 9.96292 1 24934.5 21.157 0 0 0 
39000 100 59.54 0 10 634.4 0 9.96387 1 29329.3 25.0688 0 0 0 
40000 100 65.49 0 10 648.13 0 9.96477 1 27311.8 23.3369 0 0 0 
41000 100 64.97 0 10 674.17 0 9.96563 1 26711.5 22.9034 0 0 0 
42000 100 56.66 0 10 697.92 0 9.96645 1 30464.7 26.2494 0 0 0 
43000 100 62.57 0 10 716.2 0 9.96723 1 30001.9 25.6902 0 0 0 
44000 100 69.04 0 10 735.55 0 9.96798 1 33969.4 28.9496 0 0 0 
45000 100 63.89 0 10 754.96 0 9.96869 1 31986.2 27.3526 0 0 0 
46000 100 73.19 0 10 769.59 0 9.96937 1 31015.5 26.5143 0 0 0 
47000 100 77.01 0 10 781.6 0 9.97002 1 27856.8 23.7603 0 0 0 
48000 100 64.11 0 10 808.39 0 9.97064 1 33974.4 28.836 0 0 0 
49000 100 67.92 0 10 827.9 0 9.97124 1 31190.6 26.3952 0 0 0 
50000 100 56.93 0 10 842.7 0 9.97182 1 31226.4 26.3818 0 0 0 
51000 100 73.85 0 10 854.86 0 9.97237 1 27810.3 23.4671 0 0 0 
52000 100 70.51 0 10 872.94 0 9.9729 1 29682 24.9406 0 0 0 
53000 100 68.43 0 10 890.43 0 9.97341 1 33598.9 28.1463 0 0 0 
54000 100 64.22 0 10 913.2 0 9.97391 1 27529.9 23.1463 0 0 0 
55000 100 63.64 0 10 932.39 0 9.97438 1 30642.2 25.7899 0 0 0 
56000 100 64.64 0 10 942.47 0 9.97484 1 32676 27.3198 0 0 0 
57000 100 69.53 0 10 955.49 0 9.97528 1 27670.7 23.2121 0 0 0 
58000 100 66.59 0 10 970.71 0 9.97571 1 32908.5 27.5596 0 0 0 
59000 100 65.67 0 10 993.16 0 9.97612 1 32873.5 27.4302 0 0 0 
60000 100 59.83 0 10 1014.31 0 9.97652 1 28785.3 24.0958 0 0 0 
61000 100 67.48 0 10 1025.83 0 9.9769 1 27902 23.3054 0 0 0 
62000 100 59.87 0 10 1040.85 0 9.97727 1 28700.2 23.7858 0 0 0 
63000 100 65.18 0 10 1055.39 0 9.97763 1 30743.7 25.4476 0 0 0 
64000 100 67.33 0 10 1071.74 0 9.97798 1 31105.6 25.6904 0 0 0 
65000 100 62.12 0 10 1089.55 0 9.97832 1 32249.6 26.6223 0 0 0 
66000 100 66.12 0 10 1106.84 0 9.97865 1 34467.5 28.4343 0 0 0 
67000 100 69.85 0 10 1125.36 0 9.97897 1 28699.2 23.6086 0 0 0 
68000 100 66.29 0 10 1134.45 0 9.97928 1 32207.6 26.621 0 0 0 
69000 100 67.5 0 10 1150.71 0 9.97958 1 28736 23.7459 0 0 0 
70000 100 63.51 0 10 1161.04 0 9.97987 1 27336.2 22.5803 0 0 0 
71000 100 64.85 0 10 1173.54 0 9.98015 1 28305.7 23.5354 0 0 0 
72000 100 62.21 0 10 1187.51 0 9.98043 1 28311 23.6219 0 0 0 
73000 100 66.67 0 10 1210.22 0 9.9807 1 33043.8 27.4213 0 0 0 
74000 100 59.52 0 10 1223.51 0 9.98096 1 31425.3 26.0016 0 0 0 
75000 100 71.14 0 10 1239.32 0 9.98121 1 27972.7 23.2446 0 0 0 
76000 100 61.53 0 10 1255.91 0 9.98146 1 29635.9 24.6332 0 0 0 
77000 100 65.88 0 10 1273.88 0 9.9817 1 27131.9 22.5734 0 0 0 
78000 100 59.99 0 10 1295.35 0 9.98193 1 33115.1 27.4832 0 0 0 
79000 100 70.03 0 10 1310.95 0 9.98216 1 30043.8 24.9697 0 0 0 
80000 100 76.15 0 10 1327.27 0 9.98239 1 26975.4 22.5108 0 0 0 
81000 100 60.83 0 10 1350.01 0 9.9826 1 35850.7 29.9159 0 0 0 
82000 100 62.62 0 10 1376.01 0 9.98282 1 23516 19.7452 0 0 0 
83000 100 61.99 0 10 1397 0 9.98302 1 27830.4 23.1528 0 0 0 
84000 100 62.69 0 10 1425.95 0 9.98323 1 24892.9 20.6827 0 0 0 
85000 100 63.67 0 10 1449.02 0 9.98342 1 27838.3 23.0886 0 0 0 
86000 100 61.09 0 10 1476.8 0 9.98362 1 23678.6 19.7032 0 0 0 
87000 100 59.1 0 10 1504.09 0 9.9838 1 24250.5 20.1367 0 0 0 
88000 100 62.84 0 10 1523.72 0 9.98399 1 24571 20.3024 0 0 0 
89000 100 59.73 0 10 1544.05 0 9.98417 1 25839.2 21.4316 0 0 0 
90000 100 61.06 0 10 1568.4 0 9.98434 1 27552 22.8935 0 0 0 
91000 100 64.29 0 10 1595.21 0 9.98452 1 24505.5 20.299 0 0 0 
92000 100 63.91 0 10 1621.31 0 9.98468 1 25437.5 21.0332 0 0 0 
93000 100 48.31 0 10 1635.73 0 9.98485 1 28262.1 23.3144 0 0 0 
94000 100 61.71 0 10 1653.75 0 9.98501 1 24410.4 20.2499 0 0 0 
95000 100 71.95 0 10 1686.94 0 9.98517 1 27205.7 22.5299 0 0 0 
96000 100 68.54 0 10 1714.49 0 9.98532 1 26419 22.1403 0 0 0 
97000 100 53.21 0 10 1735.13 0 9.98547 1 30464.1 25.5865 0 0 0 
98000 100 63.21 0 10 1762.31 0 9.98562 1 29268.8 24.6484 0 0 0 
99000 100 56.34 0 10 1796.67 0 9.98577 1 24381.6 20.5009 0 0 0 
100000 100 57.09 0 10 1825.2 0 9.98591 1 23580.9 19.7722 0 0 0 
101000 100 57.24 0 10 1850.2 0 9.98605 1 27793.4 23.315 0 0 0 
102000 100 62.35 0 10 1866.67 0 9.98619 1 29250.4 24.6744 0 0 0 
103000 100 59.9 0 10 1914.59 0 9.98632 1 25699.9 21.4767 0 0 0 
104000 100 48.91 0 10 1938.43 0 9.98645 1 24175.2 20.1538 0 0 0 
105000 100 64.45 0 10 1959.12 0 9.98658 1 23009.4 19.2513 0 0 0 
106000 100 64.82 0 10 1989.65 0 9.98671 1 25553 21.2478 0 0 0 
107000 100 63.56 0 10 2009.41 0 9.98683 1 28758.6 23.9641 0 0 0 
108000 100 69.63 0 10 2027.72 0 9.98695 1 24225.6 20.0702 0 0 0 
109000 100 63.8 0 10 2048.92 0 9.98707 1 25209.7 20.8732 0 0 0 
110000 100 55.67 0 10 2084.9 0 9.98719 1 24120.2 20.0144 0 0 0 
111000 100 59.23 0 10 2111.83 0 9.98731 1 27000.9 22.391 0 0 0 
112000 100 53.77 0 10 2138.14 0 9.98742 1 30604.1 25.5942 0 0 0 
113000 100 56.78 0 10 2157.54 0 9.98753 1 23553.9 19.6119 0 0 0 
114000 100 66.15 0 10 2194.62 0 9.98764 1 19380.6 16.3566 0 0 0 
115000 100 64.01 0 10 2219.48 0 9.98775 1 24218 20.3763 0 0 0 
116000 100 59.35 0 10 2240.12 0 9.98785 1 21833 18.4754 0 0 0 
117000 100 70.33 0 10 2266.58 0 9.98796 1 22936.4 19.2986 0 0 0 
118000 100 60.39 0 10 2302.75 0 9.98806 1 20696.8 17.2019 0 0 0 
119000 100 66.23 0 10 2326.18 0 9.98816 1 23252.5 19.3902 0 0 0 
120000 100 64.59 0 10 2353.02 0 9.98826 1 28323.4 23.6015 0 0 0 
121000 100 65.25 0 10 2374.21 0 9.98835 1 32683.5 27.2336 0 0 0 
122000 100 64.2 0 10 2397.99 0 9.98845 1 25454 21.1941 0 0 0 
123000 100 58.55 0 10 2420.88 0 9.98854 1 26993.9 22.6042 0 0 0 
124000 100 70.41 0 10 2451.12 0 9.98864 1 24872.2 21.1254 0 0 0 
125000 100 64.82 0 10 2472.4 0 9.98873 1 28319.2 23.8068 0 0 0 
126000 100 60.7 0 10 2498.71 0 9.98882 1 28988.9 24.3944 0 0 0 
127000 100 59.22 0 10 2514 0 9.9889 1 24334.8 20.5407 0 0 0 
128000 100 62.59 0 10 2528.76 0 9.98899 1 26098.1 22.0961 0 0 0 
129000 100 65.73 0 10 2545 0 9.98908 1 25641.8 21.671 0 0 0 
130000 100 60.89 0 10 2576.71 0 9.98916 1 25937.9 21.8407 0 0 0 
131000 100 62.07 0 10 2594.32 0 9.98924 1 26801.9 22.4762 0 0 0 
132000 100 60.59 0 10 2597.94 0 9.98933 1 27881.2 23.5646 0 0 0 
133000 100 65.65 0 10 2614.91 0 9.98941 1 29689.7 25.1267 0 0 0 
134000 100 59.91 0 10 2616.79 0 9.98948 1 31653.4 26.9108 0 0 0 
135000 100 71.62 0 10 2629.31 0 9.98956 1 33840.2 28.7132 0 0 0 
136000 100 68.34 0 10 2650.74 0 9.98964 1 29489.1 24.977 0 0 0 
137000 100 74.8 0 10 2676.15 0 9.98971 1 27754 23.4623 0 0 0 
138000 100 71.74 0 10 2696.04 0 9.98979 1 30392.8 25.6206 0 0 0 
139000 100 72.57 0 10 2715.9 0 9.98986 1 27053.3 22.9013 0 0 0 
140000 100 68.37 0 10 2742.65 0 9.98994 1 25852.9 21.889 0 0 0 
141000 100 64.32 0 10 2766.12 0 9.99001 1 28251.1 23.8317 0 0 0 
142000 100 66.39 0 10 2793.4 0 9.99008 1 28084.8 23.7682 0 0 0 
143000 100 60.4 0 10 2810.43 0 9.99015 1 29726.3 25.1525 0 0 0 
144000 100 70.55 0 10 2827.53 0 9.99021 1 29134.6 24.5769 0 0 0 
145000 100 69.39 0 10 2844.46 0 9.99028 1 28412.7 24.0746 0 0 0 
146000 100 65.45 0 10 2864.19 0 9.99035 1 30402 25.6997 0 0 0 
147000 100 70.79 0 10 2884.39 0 9.99041 1 33578.8 28.277 0 0 0 
148000 100 63.26 0 10 2909.34 0 9.99048 1 30527.3 25.5164 0 0 0 
149000 100 56.18 0 10 2925.77 0 9.99054 1 26875.1 22.3976 0 0 0 
150000 100 62.53 0 10 2945.9 0 9.99061 1 30390.4 25.3721 0 0 0 
151000 100 66.64 0 10 2958.03 0 9.99067 1 28596.9 24.0027 0 0 0 
152000 100 64.96 0 10 2976.25 0 9.99073 1 26235.5 22.0029 0 0 0 
153000 100 63.74 0 10 2991.47 0 9.99079 1 31046.6 26.0083 0 0 0 
154000 100 63.75 0 10 3019.88 0 9.99085 1 22159.3 18.6653 0 0 0 
155000 100 57.26 0 10 3046.66 0 9.99091 1 26739.7 22.5806 0 0 0 
156000 100 67.82 0 10 3074.68 0 9.99097 1 28925.4 24.5297 0 0 0 
157000 100 62.48 0 10 3097.27 0 9.99102 1 23129.8 19.6228 0 0 0 
158000 100 66.69 0 10 3118.62 0 9.99108 1 26722.9 22.6467 0 0 0 
159000 100 60.77 0 10 3142.65 0 9.99114 1 28756.7 24.2727 0 0 0 
160000 100 60.41 0 10 3166.38 0 9.99119 1 19686 16.643 0 0 0 
161000 100 55.96 0 10 3189.63 0 9.99125 1 24899.4 21.0441 0 0 0 
162000 100 59.52 0 10 3209.94 0 9.9913 1 22739.8 19.205 0 0 0 
163000 100 76.1 0 10 3230.01 0 9.99136 1 27619.4 23.1676 0 0 0 
164000 100 67.06 0 10 3255.92 0 9.99141 1 24401.7 20.4526 0 0 0 
165000 100 57.47 0 10 3277.09 0 9.99146 1 27693.6 22.9884 0 0 0 
166000 100 54.75 0 10 3300.69 0 9.99151 1 21942.5 18.217 0 0 0 
167000 100 69.24 0 10 3325.17 0 9.99156 1 27493.2 22.7677 0 0 0 
168000 100 60.97 0 10 3352 0 9.99161 1 28170.3 23.5567 0 0 0 
169000 100 68.99 0 10 3375.61 0 9.99166 1 25556 21.232 0 0 0 
170000 100 67.32 0 10 3396.48 0 9.99171 1 22383.5 18.6054 0 0 0 
171000 100 50.97 0 10 3423.28 0 9.99176 1 23703 19.6252 0 0 0 
172000 100 70.81 0 10 3444.95 0 9.99181 1 24562.8 20.3676 0 0 0 
173000 100 61.45 0 10 3472.96 0 9.99185 1 27847.8 22.8908 0 0 0 
174000 100 59.94 0 10 3506.22 0 9.9919 1 26796.5 21.9753 0 0 0 
175000 100 63.78 0 10 3529.35 0 9.99195 1 25408.4 20.6239 0 0 0 
176000 100 62.51 0 10 3550.88 0 9.99199 1 24477.5 19.9935 0 0 0 
177000 100 64.67 0 10 3573.94 0 9.99204 1 27829.8 22.5255 0 0 0 
178000 100 69.99 0 10 3603.24 0 9.99208 1 24193.6 19.8325 0 0 0 
179000 100 54.51 0 10 3623.43 0 9.99213 1 25825.7 21.3384 0 0 0 
180000 100 67.7 0 10 3646.38 0 9.99217 1 29672.1 24.0947 0 0 0 
181000 100 62.01 0 10 3672.86 0 9.99221 1 22743.4 18.5539 0 0 0 
182000 100 59.96 0 10 3707.67 0 9.99226 1 25885.8 20.6945 0 0 0 
183000 100 63.9 0 10 3736.79 0 9.9923 1 24867.6 19.7679 0 0 0 
184000 100 77.89 0 10 3767.57 0 9.99234 1 32728 26.0411 0 0 0 
185000 100 57.27 0 10 3782.65 0 9.99238 1 26845.7 21.1916 0 0 0 
186000 100 66.02 0 10 3798.86 0 9.99242 1 23249 18.3955 0 0 0 
187000 100 64.69 0 10 3820.22 0 9.99246 1 24142.2 19.0452 0 0 0 
188000 100 63.15 0 10 3843.61 0 9.9925 1 25578.5 20.1032 0 0 0 
189000 100 61.14 0 10 3863.16 0 9.99254 1 28661.5 22.5004 0 0 0 
190000 100 60.67 0 10 3881.17 0 9.99258 1 24513.3 19.0976 0 0 0 
191000 100 57.17 0 10 3914.14 0 9.99262 1 29020.7 22.7196 0 0 0 
192000 100 53.22 0 10 3936.71 0 9.99266 1 27282.3 21.2481 0 0 0 
193000 100 55.02 0 10 3960.83 0 9.9927 1 24136.2 18.9941 0 0 0 
194000 100 56.29 0 10 3980.4 0 9.99274 1 29520.8 23.221 0 0 0 
195000 100 53.79 0 10 4005.06 0 9.99277 1 23689.1 18.6666 0 0 0 
196000 100 65.53 0 10 4025.03 0 9.99281 1 26124.9 20.6433 0 0 0 
197000 100 61.34 0 10 4051.11 0 9.99285 1 26229 20.6847 0 0 0 
198000 100 58.35 0 10 4076.45 0 9.99288 1 28203.8 22.3416 0 0 0 
199000 100 58.73 0 10 4103.82 0 9.99292 1 27779.9 21.9367 0 0 0 
200000 100 65.61 0 10 4130.94 0 9.99295 1 23866.2 18.9249 0 0 0 
201000 100 60.23 0 10 4147.52 0 9.99299 1 22943.7 18.089 0 0 0 
202000 100 62.8 0 10 4179.8 0 9.99302 1 20601.6 16.2681 0 0 0 
203000 100 68.39 0 10 4204.39 0 9.99306 1 18361.1 14.5915 0 0 0 
204000 100 61.28 0 10 4231.61 0 9.99309 1 20867.3 16.5641 0 0 0 
205000 100 66.52 0 10 4263.2 0 9.99313 1 21494.2 17.023 0 0 0 
206000 100 51.83 0 10 4296.67 0 9.99316 1 20471.3 16.4166 0 0 0 
207000 100 58.75 0 10 4325.52 0 9.99319 1 26177.6 20.5982 0 0 0 
208000 100 58.77 0 10 4365.24 0 9.99323 1 22597.7 17.7324 0 0 0 
209000 100 56.12 0 10 4394.31 0 9.99326 1 17402.6 13.6888 0 0 0 
210000 100 67.38 0 10 4428.22 0 9.99329 1 13942.8 10.9858 0 0 0 
211000 100 63.36 0 10 4450.57 0 9.99332 1 20275.6 15.8985 0 0 0 
212000 100 68.03 0 10 4491.66 0 9.99335 1 15994.9 12.5609 0 0 0 
213000 100 53.61 0 10 4515.9 0 9.99338 1 21594.4 17.0311 0 0 0 
214000 100 52.53 0 10 4538.42 0 9.99342 1 19992 15.8086 0 0 0 
215000 100 60.46 0 10 4574.82 0 9.99345 1 20087.3 15.9134 0 0 0 
216000 100 52.34 0 10 4600.42 0 9.99348 1 21593.3 17.1717 0 0 0 
217000 100 57.07 0 10 4630.8 0 9.99351 1 19140.6 15.0425 0 0 0 
218000 100 45.9 0 10 4683.07 0 9.99354 1 22448.2 17.5582 0 0 0 
219000 100 64.52 0 10 4714.35 0 9.99357 1 22130.7 17.3323 0 0 0 
220000 100 58.38 0 10 4732.68 0 9.9936 1 20738.4 16.4429 0 0 0 
221000 100 58.25 0 10 4772.34 0 9.99362 1 17763.3 13.951 0 0 0 
222000 100 59.05 0 10 4787.93 0 9.99365 1 20130.3 15.8997 0 0 0 
223000 100 53.75 0 10 4813.56 0 9.99368 1 20346.7 16.1505 0 0 0 
224000 100 56.29 0 10 4842.61 0 9.99371 1 23268.5 18.5216 0 0 0 
225000 100 60.4 0 10 4866.95 0 9.99374 1 25758.9 20.4851 0 0 0 
226000 100 51.7 0 10 4891.88 0 9.99377 1 20272.2 16.0812 0 0 0 
227000 100 69.57 0 10 4918.42 0 9.99379 1 22820.8 18.1019 0 0 0 
228000 100 51.68 0 10 4947.45 0 9.99382 1 21058.7 16.6469 0 0 0 
229000 100 66.25 0 10 4974.89 0 9.99385 1 27028.1 21.4504 0 0 0 
230000 100 60.42 0 10 5000.34 0 9.99387 1 25539.2 20.1678 0 0 0 
231000 100 62.42 0 10 5026.41 0 9.9939 1 26472.4 20.7163 0 0 0 
232000 100 53.75 0 10 5054.69 0 9.99393 1 19910 15.5895 0 0 0 
233000 100 65.4 0 10 5077.2 0 9.99395 1 15740.4 12.4101 0 0 0 
234000 100 61.44 0 10 5102.53 0 9.99398 1 20429.7 16.0403 0 0 0 
235000 100 61.06 0 10 5128.32 0 9.994 1 18252.2 14.2261 0 0 0 
236000 100 54.3 0 10 5163.63 0 9.99403 1 19082.9 14.9458 0 0 0 
237000 100 61.19 0 10 5205.29 0 9.99405 1 21410.8 16.8011 0 0 0 
238000 100 52.08 0 10 5239.12 0 9.99408 1 19369.8 15.2865 0 0 0 
239000 100 51.38 0 10 5270.68 0 9.9941 1 21101.2 16.707 0 0 0 
240000 100 54.8 0 10 5293.88 0 9.99413 1 24320.6 19.1609 0 0 0 
241000 100 55.05 0 10 5323.99 0 9.99415 1 19656.5 15.4835 0 0 0 
242000 100 51.51 0 10 5358.97 0 9.99418 1 22632.3 17.6915 0 0 0 
243000 100 53.52 0 10 5393.86 0 9.9942 1 18196.1 14.1858 0 0 0 
244000 100 58.71 0 10 5432.2 0 9.99423 1 16539.3 12.8297 0 0 0 
245000 100 48.08 0 10 5475.91 0 9.99425 1 18442.2 14.3696 0 0 0 
246000 100 55.77 0 10 5509 0 9.99427 1 20318 15.7471 0 0 0 
247000 100 51.3 0 10 5542.7 0 9.9943 1 18591.6 14.4196 0 0 0 
248000 100 58.33 0 10 5578.04 0 9.99432 1 21361.6 16.6088 0 0 0 
249000 100 55.91 0 10 5619.67 0 9.99434 1 18805.7 14.5501 0 0 0 
250000 100 53.09 0 10 5650.38 0 9.99436 1 19899.6 15.3437 0 0 0 