# Avida Average Deme Data
# Mon Apr  7 06:59:51 2014
#  1: Update
#  2: Count
#  3: Age
#  4: Births
#  5: Organisms
#  6: Generation
#  7: Births (at last replication)
#  8: Organisms (at last replication)
#  9: Merit
# 10: Gestation Time
# 11: Time Used (normalized by org fitness)
# 12: Generations between current and last founders
# 13: Events killed
# 14: Attempts to kill event

0 100 0 0 1 0 0 0 1 0 0 0 0 0 
1000 100 53.66 0 10 9.38 0 8.65155 1 38588.6 33.2791 0 0 0 
2000 100 73.32 0 10 18.85 0 9.32544 1 44958.9 38.8362 0 0 0 
3000 100 63.55 0 10 28.56 0 9.55022 1 40686.6 35.1023 0 0 0 
4000 100 79.54 0 10 43.05 0 9.66263 1 37761.8 32.4985 0 0 0 
5000 100 68.74 0 10 55.7 0 9.73009 1 38249.9 32.9748 0 0 0 
6000 100 71.73 0 10 68.46 0 9.77507 1 38648.4 33.2526 0 0 0 
7000 100 71.26 0 10 81.57 0 9.8072 1 38898.2 33.5242 0 0 0 
8000 100 77.39 0 10 96.15 0 9.8313 1 36441.1 31.4276 0 0 0 
9000 100 76.85 0 10 103.89 0 9.85004 1 37287.7 32.186 0 0 0 
10000 100 57.81 0 10 125.37 0 9.86503 1 33779.2 29.008 0 0 0 
11000 100 70.74 0 10 151.19 0 9.8773 1 33617.4 28.8452 0 0 0 
12000 100 63.38 0 10 167.19 0 9.88753 1 37495.4 32.2733 0 0 0 
13000 100 70.84 0 10 183.26 0 9.89618 1 35655.9 30.8438 0 0 0 
14000 100 71.48 0 10 198.83 0 9.90359 1 34239.3 29.5459 0 0 0 
15000 100 67.32 0 10 216.65 0 9.91002 1 30622.3 26.4101 0 0 0 
16000 100 69.33 0 10 229.33 0 9.91564 1 36070.2 31.0741 0 0 0 
17000 100 76.03 0 10 250.23 0 9.9206 1 33143.4 28.1645 0 0 0 
18000 100 72.03 0 10 271.75 0 9.92502 1 31678.8 27.0119 0 0 0 
19000 100 66.13 0 10 290.86 0 9.92896 1 28247 24.0811 0 0 0 
20000 100 64.23 0 10 299.06 0 9.93251 1 34322 29.362 0 0 0 
21000 100 62.12 0 10 313.41 0 9.93573 1 31698.8 26.9764 0 0 0 
22000 100 70.1 0 10 331.12 0 9.93865 1 28588.2 24.3378 0 0 0 
23000 100 55.87 0 10 342.82 0 9.94132 1 33133.8 28.2471 0 0 0 
24000 100 62.34 0 10 359.5 0 9.94376 1 37698 32.0899 0 0 0 
25000 100 60.77 0 10 378.15 0 9.94601 1 30058.6 25.649 0 0 0 
26000 100 60.57 0 10 391.53 0 9.94809 1 36600.1 31.3914 0 0 0 
27000 100 61.44 0 10 406.21 0 9.95001 1 36141.1 30.9577 0 0 0 
28000 100 65.95 0 10 424.89 0 9.95179 1 32038.9 27.387 0 0 0 
29000 100 68.18 0 10 433.22 0 9.95346 1 33502.5 28.5702 0 0 0 
30000 100 59.38 0 10 448.18 0 9.95501 1 28155.1 24.1936 0 0 0 
31000 100 63.11 0 10 467.02 0 9.95646 1 31811.5 27.0909 0 0 0 
32000 100 67.09 0 10 484.87 0 9.95782 1 30844.9 26.3603 0 0 0 
33000 100 62.56 0 10 504.61 0 9.9591 1 33537.3 28.7142 0 0 0 
34000 100 66.81 0 10 521.65 0 9.9603 1 31907.2 27.1835 0 0 0 
35000 100 79.76 0 10 535.1 0 9.96144 1 32382.8 27.7638 0 0 0 
36000 100 69.27 0 10 545.49 0 9.96251 1 36693.4 31.4547 0 0 0 
37000 100 65.19 0 10 560.16 0 9.96352 1 30183.4 26.1371 0 0 0 
38000 100 77.88 0 10 571.08 0 9.96448 1 31102.6 26.8686 0 0 0 
39000 100 70.62 0 10 590.94 0 9.96539 1 30659.8 26.6909 0 0 0 
40000 100 62.43 0 10 606.11 0 9.96626 1 30870.3 27.0719 0 0 0 
41000 100 65.72 0 10 624.19 0 9.96708 1 29173.2 25.8243 0 0 0 
42000 100 65.87 0 10 643.69 0 9.96786 1 26907.7 23.7646 0 0 0 
43000 100 65.77 0 10 666.34 0 9.96861 1 29610.5 26.1838 0 0 0 
44000 100 65.68 0 10 687.38 0 9.96932 1 28149.8 24.9715 0 0 0 
45000 100 76.37 0 10 710.22 0 9.97001 1 28798 25.6553 0 0 0 
46000 100 60.33 0 10 735.11 0 9.97066 1 29399.7 26.2423 0 0 0 
47000 100 68.67 0 10 752.19 0 9.97128 1 30862.8 27.6443 0 0 0 
48000 100 65.65 0 10 768.87 0 9.97188 1 30054.9 26.9744 0 0 0 
49000 100 63.88 0 10 787.27 0 9.97245 1 33066.7 29.6671 0 0 0 
50000 100 72.29 0 10 805.89 0 9.973 1 31199.2 28.1276 0 0 0 
51000 100 74.15 0 10 826.52 0 9.97353 1 38807.1 34.7761 0 0 0 
52000 100 63.94 0 10 849.41 0 9.97404 1 34341.5 30.6577 0 0 0 
53000 100 63.93 0 10 877.75 0 9.97453 1 26901.5 23.943 0 0 0 
54000 100 73.51 0 10 900.77 0 9.975 1 35822.8 31.7376 0 0 0 
55000 100 74.62 0 10 923.78 0 9.97546 1 32813.4 29.1231 0 0 0 
56000 100 59.04 0 10 946 0 9.9759 1 29853.2 26.404 0 0 0 
57000 100 62.54 0 10 966.79 0 9.97632 1 27933.6 24.5046 0 0 0 
58000 100 59.59 0 10 991.59 0 9.97673 1 28370.1 24.7927 0 0 0 
59000 100 68.19 0 10 1007.02 0 9.97712 1 31512.5 27.6186 0 0 0 
60000 100 62.22 0 10 1021.18 0 9.9775 1 34217.5 29.8781 0 0 0 
61000 100 71.37 0 10 1037.97 0 9.97787 1 32983.7 28.8942 0 0 0 
62000 100 61.79 0 10 1048.99 0 9.97823 1 35731.1 31.2973 0 0 0 
63000 100 65.81 0 10 1063.06 0 9.97857 1 31709.9 27.5124 0 0 0 
64000 100 65.49 0 10 1079.12 0 9.97891 1 31879.3 27.5522 0 0 0 
65000 100 67.58 0 10 1094.74 0 9.97923 1 37508.1 32.301 0 0 0 
66000 100 66.91 0 10 1105.32 0 9.97955 1 30315.2 26.0077 0 0 0 
67000 100 74.1 0 10 1128.76 0 9.97985 1 31630.4 27.1102 0 0 0 
68000 100 83.62 0 10 1158.12 0 9.98015 1 28982.8 24.9778 0 0 0 
69000 100 76.62 0 10 1176.46 0 9.98044 1 29529.9 25.4098 0 0 0 
70000 100 67.52 0 10 1181.76 0 9.98072 1 29873.9 25.5443 0 0 0 
71000 100 69.11 0 10 1203.59 0 9.98099 1 34508.9 29.6164 0 0 0 
72000 100 71.14 0 10 1222.23 0 9.98125 1 28956.9 25.0731 0 0 0 
73000 100 59.46 0 10 1224.23 0 9.98151 1 29038.6 25.0677 0 0 0 
74000 100 61.86 0 10 1241.61 0 9.98176 1 29662.8 25.3877 0 0 0 
75000 100 56.6 0 10 1269.29 0 9.982 1 29922.7 25.5479 0 0 0 
76000 100 63.81 0 10 1296.9 0 9.98224 1 26705.6 22.8078 0 0 0 
77000 100 70.11 0 10 1295.87 0 9.98247 1 34486.2 29.4844 0 0 0 
78000 100 65.47 0 10 1307.29 0 9.9827 1 32899 28.0742 0 0 0 
79000 100 62.95 0 10 1328.03 0 9.98291 1 35473.5 30.2044 0 0 0 
80000 100 62.29 0 10 1343.76 0 9.98313 1 33567.6 28.6415 0 0 0 
81000 100 69.33 0 10 1364.92 0 9.98334 1 31263.2 26.7048 0 0 0 
82000 100 67.73 0 10 1384.25 0 9.98354 1 31897.6 27.2702 0 0 0 
83000 100 74.8 0 10 1397.97 0 9.98374 1 38928.7 33.2754 0 0 0 
84000 100 72.69 0 10 1414.31 0 9.98393 1 31894.5 27.1819 0 0 0 
85000 100 71.38 0 10 1429.45 0 9.98412 1 29581.3 25.3234 0 0 0 
86000 100 57.13 0 10 1444.64 0 9.9843 1 29308.7 25.1217 0 0 0 
87000 100 66 0 10 1459.9 0 9.98449 1 30102.7 25.7151 0 0 0 
88000 100 57.67 0 10 1477.85 0 9.98466 1 34910.9 29.8418 0 0 0 
89000 100 60.46 0 10 1494.71 0 9.98483 1 28964.2 24.6327 0 0 0 
90000 100 63.81 0 10 1511.99 0 9.985 1 32539.9 27.624 0 0 0 
91000 100 61.89 0 10 1524.45 0 9.98517 1 33725.3 28.9059 0 0 0 
92000 100 71.45 0 10 1538.9 0 9.98533 1 29275.5 24.9576 0 0 0 
93000 100 55.95 0 10 1554.69 0 9.98549 1 34395.4 29.3037 0 0 0 
94000 100 54.11 0 10 1573.83 0 9.98564 1 33539.8 28.4888 0 0 0 
95000 100 63.89 0 10 1588.3 0 9.98579 1 27719.5 23.4935 0 0 0 
96000 100 65.42 0 10 1603.44 0 9.98594 1 30934.2 26.1329 0 0 0 
97000 100 63.59 0 10 1616.73 0 9.98608 1 33130 27.9675 0 0 0 
98000 100 66.72 0 10 1637.21 0 9.98623 1 28425 23.9317 0 0 0 
99000 100 65.11 0 10 1655.91 0 9.98637 1 32535.3 27.3875 0 0 0 
100000 100 74.06 0 10 1666.43 0 9.9865 1 28225.2 23.7748 0 0 0 
101000 100 62.24 0 10 1687.1 0 9.98664 1 30028 25.5311 0 0 0 
102000 100 62.48 0 10 1710.08 0 9.98677 1 25914.5 22.0205 0 0 0 
103000 100 66.61 0 10 1736.44 0 9.9869 1 24733.7 21.2093 0 0 0 
104000 100 55.04 0 10 1755.75 0 9.98702 1 31648.6 26.8994 0 0 0 
105000 100 65.61 0 10 1788.46 0 9.98714 1 33313.2 28.5515 0 0 0 
106000 100 59.8 0 10 1813.88 0 9.98727 1 26401 22.6368 0 0 0 
107000 100 59.22 0 10 1827.93 0 9.98739 1 30223.3 25.8977 0 0 0 
108000 100 61.81 0 10 1841.04 0 9.9875 1 30592.9 26.1062 0 0 0 
109000 100 59.06 0 10 1853.47 0 9.98762 1 30868 26.3395 0 0 0 
110000 100 62.28 0 10 1870.53 0 9.98773 1 34827.8 29.5551 0 0 0 
111000 100 59.38 0 10 1875.15 0 9.98784 1 31995.8 27.2214 0 0 0 
112000 100 68.05 0 10 1893.7 0 9.98795 1 37792.7 32.2486 0 0 0 
113000 100 70.09 0 10 1907.2 0 9.98805 1 32911.9 27.9394 0 0 0 
114000 100 70.21 0 10 1923.2 0 9.98816 1 29722.2 25.1732 0 0 0 
115000 100 66.11 0 10 1936.54 0 9.98826 1 27347.3 23.134 0 0 0 
116000 100 58.65 0 10 1964.02 0 9.98836 1 32157.9 26.9036 0 0 0 
117000 100 74.21 0 10 1979.47 0 9.98846 1 31449.7 26.3205 0 0 0 
118000 100 73.06 0 10 1994.92 0 9.98856 1 33254.7 27.8191 0 0 0 
119000 100 70.31 0 10 2013.05 0 9.98866 1 31292.7 25.9321 0 0 0 
120000 100 54.14 0 10 2025.37 0 9.98875 1 33938.6 28.1531 0 0 0 
121000 100 68.32 0 10 2041.3 0 9.98884 1 31457.1 25.9997 0 0 0 
122000 100 72.45 0 10 2066.76 0 9.98894 1 28217.7 23.2827 0 0 0 
123000 100 61.03 0 10 2083.65 0 9.98903 1 31441.5 25.9842 0 0 0 
124000 100 58.75 0 10 2099 0 9.98911 1 31097.1 25.7345 0 0 0 
125000 100 68.75 0 10 2117.94 0 9.9892 1 38850.7 31.989 0 0 0 
126000 100 73.76 0 10 2138.83 0 9.98929 1 34433.3 28.2949 0 0 0 
127000 100 63.26 0 10 2157.67 0 9.98937 1 29881.9 24.4157 0 0 0 
128000 100 66.1 0 10 2168.31 0 9.98945 1 34275.8 27.962 0 0 0 
129000 100 67.15 0 10 2182.86 0 9.98954 1 31316.2 25.474 0 0 0 
130000 100 74.02 0 10 2197.95 0 9.98962 1 30878.3 25.2186 0 0 0 
131000 100 74.8 0 10 2215.2 0 9.9897 1 32406 26.4978 0 0 0 
132000 100 72.8 0 10 2233.3 0 9.98977 1 31707.2 26.0248 0 0 0 
133000 100 61.09 0 10 2249.32 0 9.98985 1 36083.5 29.6647 0 0 0 
134000 100 64.43 0 10 2264.11 0 9.98993 1 27355.6 22.6288 0 0 0 
135000 100 67.22 0 10 2280.86 0 9.99 1 26874.3 22.1702 0 0 0 
136000 100 68.89 0 10 2303.29 0 9.99008 1 27429.8 22.7385 0 0 0 
137000 100 63.91 0 10 2317.23 0 9.99015 1 28499.3 23.5861 0 0 0 
138000 100 62.46 0 10 2336.43 0 9.99022 1 30467.7 25.1231 0 0 0 
139000 100 67.7 0 10 2354.11 0 9.99029 1 33741 27.8204 0 0 0 
140000 100 57.43 0 10 2377.06 0 9.99036 1 30482.8 25.0837 0 0 0 
141000 100 62.8 0 10 2397.43 0 9.99043 1 23881.8 19.5638 0 0 0 
142000 100 60.35 0 10 2419.55 0 9.99049 1 30433.9 25.1085 0 0 0 
143000 100 60.28 0 10 2432.1 0 9.99056 1 27398.6 22.4317 0 0 0 
144000 100 64 0 10 2459.26 0 9.99063 1 29099.3 23.9891 0 0 0 
145000 100 62.09 0 10 2492.2 0 9.99069 1 24923.7 20.6024 0 0 0 
146000 100 63.6 0 10 2500.81 0 9.99075 1 27361 22.6683 0 0 0 
147000 100 60.44 0 10 2515.33 0 9.99082 1 31411 26.0516 0 0 0 
148000 100 68.95 0 10 2542.36 0 9.99088 1 24508.4 20.4702 0 0 0 
149000 100 60.43 0 10 2568.36 0 9.99094 1 24950.7 20.6019 0 0 0 
150000 100 54.42 0 10 2598.23 0 9.991 1 29450.8 24.6505 0 0 0 
151000 100 59.98 0 10 2615.15 0 9.99106 1 30980.7 26.1066 0 0 0 
152000 100 59.07 0 10 2629.92 0 9.99112 1 30567.8 25.4238 0 0 0 
153000 100 60.53 0 10 2642.62 0 9.99118 1 28421.5 23.4965 0 0 0 
154000 100 62.15 0 10 2657.67 0 9.99124 1 30629.4 25.447 0 0 0 
155000 100 67.61 0 10 2679.85 0 9.99129 1 27569.1 22.9677 0 0 0 
156000 100 68.6 0 10 2701.74 0 9.99135 1 22660.2 18.892 0 0 0 
157000 100 62.31 0 10 2723.15 0 9.9914 1 27529.3 22.9813 0 0 0 
158000 100 62.12 0 10 2746.03 0 9.99146 1 29262.4 24.4097 0 0 0 
159000 100 63.02 0 10 2769.73 0 9.99151 1 25290.4 21.0182 0 0 0 
160000 100 74.59 0 10 2789.94 0 9.99156 1 28040.3 23.2922 0 0 0 
161000 100 65.32 0 10 2812.21 0 9.99162 1 24868.3 20.611 0 0 0 
162000 100 64.24 0 10 2833.48 0 9.99167 1 34286.3 28.376 0 0 0 
163000 100 67.22 0 10 2856.6 0 9.99172 1 23565.3 19.5838 0 0 0 
164000 100 77.1 0 10 2886.13 0 9.99177 1 27536 22.9165 0 0 0 
165000 100 69.02 0 10 2907.42 0 9.99182 1 25743.3 21.313 0 0 0 
166000 100 65.98 0 10 2924.92 0 9.99187 1 25146.9 20.7911 0 0 0 
167000 100 71.46 0 10 2948.23 0 9.99192 1 30512.8 25.2547 0 0 0 
168000 100 58.57 0 10 2974.15 0 9.99197 1 29736.2 24.482 0 0 0 
169000 100 65.64 0 10 3000.47 0 9.99201 1 28333.5 23.1923 0 0 0 
170000 100 59.17 0 10 3023.86 0 9.99206 1 26086.6 21.3475 0 0 0 
171000 100 67.72 0 10 3041.59 0 9.99211 1 25535.2 20.8302 0 0 0 
172000 100 61.08 0 10 3061.22 0 9.99215 1 25417.5 20.7517 0 0 0 
173000 100 66.58 0 10 3078.83 0 9.9922 1 29847.7 24.5201 0 0 0 
174000 100 64.55 0 10 3104.29 0 9.99224 1 27963.9 23.1241 0 0 0 
175000 100 58.28 0 10 3117.67 0 9.99229 1 29588.8 24.7003 0 0 0 
176000 100 63.27 0 10 3139.51 0 9.99233 1 29676.5 25.0593 0 0 0 
177000 100 64.38 0 10 3159.3 0 9.99237 1 31733.8 26.7994 0 0 0 
178000 100 72.31 0 10 3176.16 0 9.99242 1 31772.7 26.7007 0 0 0 
179000 100 65.86 0 10 3193.36 0 9.99246 1 25378.4 21.2821 0 0 0 
180000 100 59.7 0 10 3211.93 0 9.9925 1 26634.3 22.3163 0 0 0 
181000 100 75.55 0 10 3233.61 0 9.99254 1 28072.5 23.4091 0 0 0 
182000 100 64.91 0 10 3252.52 0 9.99258 1 31643.2 26.0638 0 0 0 
183000 100 71.24 0 10 3279.81 0 9.99262 1 26438.8 21.7692 0 0 0 
184000 100 61.78 0 10 3307.51 0 9.99266 1 27367 22.4717 0 0 0 
185000 100 65.47 0 10 3321.56 0 9.9927 1 23653.7 19.3049 0 0 0 
186000 100 55.57 0 10 3344.38 0 9.99274 1 20377.5 16.6145 0 0 0 
187000 100 51.28 0 10 3371.23 0 9.99278 1 30332.4 24.5031 0 0 0 
188000 100 60.42 0 10 3388.93 0 9.99282 1 27842.7 22.3218 0 0 0 
189000 100 59.38 0 10 3410.04 0 9.99286 1 26138 21.0234 0 0 0 
190000 100 64.2 0 10 3429.14 0 9.9929 1 30672.3 24.6723 0 0 0 
191000 100 58.52 0 10 3452.76 0 9.99293 1 24310.1 19.6664 0 0 0 
192000 100 72.46 0 10 3475.46 0 9.99297 1 26081.7 21.0708 0 0 0 
193000 100 65.16 0 10 3491.27 0 9.99301 1 26602.9 21.5033 0 0 0 
194000 100 59.35 0 10 3508.79 0 9.99304 1 25861.3 20.8963 0 0 0 
195000 100 54.32 0 10 3531.98 0 9.99308 1 24328.4 19.6376 0 0 0 
196000 100 69.32 0 10 3558.44 0 9.99311 1 24573.3 19.6961 0 0 0 
197000 100 58.06 0 10 3580.33 0 9.99315 1 25255.8 20.169 0 0 0 
198000 100 58.05 0 10 3601.42 0 9.99318 1 25642.2 20.3146 0 0 0 
199000 100 67.77 0 10 3617.67 0 9.99322 1 27724.8 22.024 0 0 0 
200000 100 68.62 0 10 3636.25 0 9.99325 1 32091.4 25.4804 0 0 0 
201000 100 60.21 0 10 3657.11 0 9.99328 1 25601.9 20.2865 0 0 0 
202000 100 67.06 0 10 3677.41 0 9.99332 1 26198.5 20.6857 0 0 0 
203000 100 63.19 0 10 3697.1 0 9.99335 1 26497.1 20.8345 0 0 0 
204000 100 64.54 0 10 3716.79 0 9.99338 1 31200.8 24.4056 0 0 0 
205000 100 64.3 0 10 3733.3 0 9.99342 1 28918.1 22.6339 0 0 0 
206000 100 69.41 0 10 3758.92 0 9.99345 1 25827.2 20.1007 0 0 0 
207000 100 69.69 0 10 3776.36 0 9.99348 1 28101.2 21.8404 0 0 0 
208000 100 61.37 0 10 3802.32 0 9.99351 1 26871.8 20.9004 0 0 0 
209000 100 60.13 0 10 3830.29 0 9.99354 1 28011.3 21.7137 0 0 0 
210000 100 55.57 0 10 3856.94 0 9.99357 1 27559.4 21.2819 0 0 0 
211000 100 61.26 0 10 3877.27 0 9.9936 1 20884.5 16.0966 0 0 0 
212000 100 69.4 0 10 3897.33 0 9.99363 1 28344.1 21.7358 0 0 0 
213000 100 78.15 0 10 3918.62 0 9.99366 1 24840.5 19.0144 0 0 0 
214000 100 62.97 0 10 3943.48 0 9.99369 1 24956.9 19.0629 0 0 0 
215000 100 63.41 0 10 3961.98 0 9.99372 1 31783.5 23.9772 0 0 0 
216000 100 60.03 0 10 3993.24 0 9.99375 1 25541.9 19.2832 0 0 0 
217000 100 67.08 0 10 4012.58 0 9.99378 1 27554.3 20.9431 0 0 0 
218000 100 58.88 0 10 4038.46 0 9.99381 1 25906.9 19.6973 0 0 0 
219000 100 53.54 0 10 4063.47 0 9.99384 1 26521 20.2243 0 0 0 
220000 100 52.5 0 10 4089.39 0 9.99386 1 28330.7 21.6442 0 0 0 
221000 100 57.63 0 10 4110.64 0 9.99389 1 25897.7 19.8777 0 0 0 
222000 100 66.74 0 10 4134.5 0 9.99392 1 25955.8 19.9005 0 0 0 
223000 100 72.11 0 10 4155.09 0 9.99395 1 22316.1 17.0251 0 0 0 
224000 100 64.6 0 10 4181.21 0 9.99397 1 26145.2 19.796 0 0 0 
225000 100 66.23 0 10 4219.68 0 9.994 1 25957.5 19.3865 0 0 0 
226000 100 58.06 0 10 4248.97 0 9.99403 1 28090.6 20.8767 0 0 0 
227000 100 55.38 0 10 4262.12 0 9.99405 1 22477 16.7876 0 0 0 
228000 100 67.53 0 10 4289.93 0 9.99408 1 22842.3 17.0628 0 0 0 
229000 100 57.54 0 10 4319.91 0 9.99411 1 24299.3 18.2062 0 0 0 
230000 100 59.1 0 10 4336.77 0 9.99413 1 20571.1 15.41 0 0 0 
231000 100 61.13 0 10 4359.65 0 9.99416 1 25190.8 18.9231 0 0 0 
232000 100 68.88 0 10 4390.68 0 9.99418 1 27236 20.4317 0 0 0 
233000 100 73 0 10 4410.06 0 9.99421 1 21746.1 16.3889 0 0 0 
234000 100 64.08 0 10 4435.05 0 9.99423 1 19740.3 14.9011 0 0 0 
235000 100 60.65 0 10 4451.43 0 9.99426 1 21250.5 16.1079 0 0 0 
236000 100 68.65 0 10 4470.33 0 9.99428 1 18855.6 14.3137 0 0 0 
237000 100 58.38 0 10 4487.49 0 9.9943 1 19070.5 14.4691 0 0 0 
238000 100 65.68 0 10 4510.3 0 9.99433 1 20226.7 15.3247 0 0 0 
239000 100 64.83 0 10 4546.49 0 9.99435 1 24755.9 18.8191 0 0 0 
240000 100 55.9 0 10 4564.94 0 9.99438 1 30754.5 23.444 0 0 0 
241000 100 66.32 0 10 4589.84 0 9.9944 1 25609.3 19.4835 0 0 0 
242000 100 64.72 0 10 4607.4 0 9.99442 1 28174.8 21.3397 0 0 0 
243000 100 67.17 0 10 4631.16 0 9.99445 1 29368.3 22.2705 0 0 0 
244000 100 54.24 0 10 4658.88 0 9.99447 1 24093.5 18.2505 0 0 0 
245000 100 61.41 0 10 4684.44 0 9.99449 1 26819.7 20.3317 0 0 0 
246000 100 63.98 0 10 4704.17 0 9.99451 1 30846.6 23.2212 0 0 0 
247000 100 56.39 0 10 4717.63 0 9.99454 1 26600 20.1944 0 0 0 
248000 100 61.53 0 10 4754.4 0 9.99456 1 29217.1 22.3583 0 0 0 
249000 100 55.21 0 10 4775.21 0 9.99458 1 27042.2 20.5578 0 0 0 
250000 100 62.52 0 10 4794.23 0 9.9946 1 24580.2 18.7036 0 0 0 