# Avida Average Deme Data
# Sun Apr  6 22:45:44 2014
#  1: Update
#  2: Count
#  3: Age
#  4: Births
#  5: Organisms
#  6: Generation
#  7: Births (at last replication)
#  8: Organisms (at last replication)
#  9: Merit
# 10: Gestation Time
# 11: Time Used (normalized by org fitness)
# 12: Generations between current and last founders
# 13: Events killed
# 14: Attempts to kill event

0 100 0 0 1 0 0 0 1 0 0 0 0 0 
1000 100 69.89 0 10 10.11 0 8.64176 1 37538.6 32.3698 0 0 0 
2000 100 72.63 0 10 20.42 0 9.32054 1 37466.3 32.3203 0 0 0 
3000 100 76.04 0 10 30.61 0 9.54695 1 42265.8 36.5801 0 0 0 
4000 100 82.05 0 10 41.36 0 9.66018 1 41693.4 36.1072 0 0 0 
5000 100 86.91 0 10 52.58 0 9.72813 1 39503.9 34.3426 0 0 0 
6000 100 74.12 0 10 70.21 0 9.77344 1 40420 35.0593 0 0 0 
7000 100 63.1 0 10 85.26 0 9.8058 1 39005.4 33.7446 0 0 0 
8000 100 74.91 0 10 92.31 0 9.83007 1 39354.8 34.0775 0 0 0 
9000 100 76.33 0 10 110 0 9.84895 1 39465 34.0838 0 0 0 
10000 100 66.8 0 10 121.42 0 9.86405 1 41327.1 35.6815 0 0 0 
11000 100 70.55 0 10 135 0 9.87641 1 42198.4 36.2509 0 0 0 
12000 100 68.59 0 10 154.58 0 9.88671 1 39842.6 34.189 0 0 0 
13000 100 66.57 0 10 170.16 0 9.89542 1 35807.3 30.6482 0 0 0 
14000 100 75.25 0 10 186.76 0 9.90289 1 38321.1 32.6921 0 0 0 
15000 100 66.04 0 10 199.75 0 9.90937 1 37482.6 32.0279 0 0 0 
16000 100 75.98 0 10 214.57 0 9.91503 1 39110.8 33.4525 0 0 0 
17000 100 74.81 0 10 226.78 0 9.92003 1 41028.6 35.3352 0 0 0 
18000 100 69.55 0 10 239.76 0 9.92447 1 38181.9 32.7164 0 0 0 
19000 100 73.23 0 10 256.38 0 9.92845 1 38461.8 32.6715 0 0 0 
20000 100 71.92 0 10 269.31 0 9.93202 1 36563.3 31.2311 0 0 0 
21000 100 53.55 0 10 280.59 0 9.93526 1 36191.6 30.819 0 0 0 
22000 100 75.51 0 10 293.5 0 9.9382 1 34601.5 29.4501 0 0 0 
23000 100 71.26 0 10 306.09 0 9.94089 1 35570.4 29.9995 0 0 0 
24000 100 68.5 0 10 319.14 0 9.94335 1 39435.3 33.1904 0 0 0 
25000 100 60.45 0 10 328.38 0 9.94562 1 39556.7 33.2626 0 0 0 
26000 100 70.87 0 10 339.88 0 9.94771 1 43020.1 36.0807 0 0 0 
27000 100 71.08 0 10 350.57 0 9.94965 1 43633.3 36.5884 0 0 0 
28000 100 65.64 0 10 362.93 0 9.95144 1 44455.3 37.2974 0 0 0 
29000 100 62.26 0 10 380.31 0 9.95312 1 40502.4 33.8989 0 0 0 
30000 100 66.25 0 10 401.36 0 9.95468 1 33326.1 27.7183 0 0 0 
31000 100 56.89 0 10 412.52 0 9.95614 1 35029.7 28.922 0 0 0 
32000 100 68.09 0 10 423.07 0 9.95751 1 40382.7 33.3905 0 0 0 
33000 100 75.4 0 10 434.32 0 9.9588 1 37420.6 30.922 0 0 0 
34000 100 68.48 0 10 442.04 0 9.96001 1 33566 27.6745 0 0 0 
35000 100 70.89 0 10 453.3 0 9.96116 1 36144.9 29.8156 0 0 0 
36000 100 71.83 0 10 464.48 0 9.96223 1 37113 30.6066 0 0 0 
37000 100 67.72 0 10 478.22 0 9.96326 1 34875.4 28.6726 0 0 0 
38000 100 67.8 0 10 493.82 0 9.96422 1 34625.6 28.4393 0 0 0 
39000 100 68.25 0 10 511.34 0 9.96514 1 34696.4 28.6072 0 0 0 
40000 100 58.54 0 10 523.96 0 9.96601 1 33750.3 27.9082 0 0 0 
41000 100 64.21 0 10 536.66 0 9.96684 1 34730.6 28.7134 0 0 0 
42000 100 67.97 0 10 554.98 0 9.96763 1 36641.1 30.4022 0 0 0 
43000 100 66.81 0 10 567.04 0 9.96838 1 32576 27.225 0 0 0 
44000 100 65.03 0 10 575.6 0 9.9691 1 35156.2 29.5024 0 0 0 
45000 100 79.21 0 10 582.08 0 9.96979 1 36641.5 30.7503 0 0 0 
46000 100 72.19 0 10 600.07 0 9.97044 1 35045.2 29.4134 0 0 0 
47000 100 74.42 0 10 617.83 0 9.97107 1 33929.4 28.5984 0 0 0 
48000 100 62.66 0 10 640.42 0 9.97168 1 32280 27.4225 0 0 0 
49000 100 62.27 0 10 657.83 0 9.97225 1 35155.3 29.8392 0 0 0 
50000 100 61.72 0 10 678.56 0 9.97281 1 35095.5 29.5767 0 0 0 
51000 100 68.55 0 10 698.63 0 9.97334 1 33837.2 28.6025 0 0 0 
52000 100 75.03 0 10 711.36 0 9.97385 1 32670.6 27.7348 0 0 0 
53000 100 62.25 0 10 730.88 0 9.97435 1 32411.3 27.4932 0 0 0 
54000 100 71 0 10 749.42 0 9.97482 1 25924.3 21.9523 0 0 0 
55000 100 67.49 0 10 766.24 0 9.97528 1 29437.1 25.0683 0 0 0 
56000 100 60.89 0 10 784.36 0 9.97572 1 27398.1 23.3424 0 0 0 
57000 100 70.33 0 10 799.95 0 9.97615 1 28704.1 24.5656 0 0 0 
58000 100 65.73 0 10 825.2 0 9.97656 1 35140.7 29.6986 0 0 0 
59000 100 67.45 0 10 843.5 0 9.97696 1 30543.8 25.9 0 0 0 
60000 100 63.78 0 10 857.02 0 9.97734 1 35867.6 30.3727 0 0 0 
61000 100 65.19 0 10 876.8 0 9.97771 1 30634.2 25.91 0 0 0 
62000 100 62.44 0 10 883.39 0 9.97807 1 32542 27.0586 0 0 0 
63000 100 67.29 0 10 896.44 0 9.97842 1 34509.5 28.497 0 0 0 
64000 100 53.67 0 10 902.25 0 9.97876 1 31388.9 25.7963 0 0 0 
65000 100 72.06 0 10 926.28 0 9.97908 1 35319.6 29.053 0 0 0 
66000 100 62.61 0 10 940.88 0 9.9794 1 28309.4 23.3201 0 0 0 
67000 100 65.56 0 10 955.78 0 9.97971 1 34300.8 28.4053 0 0 0 
68000 100 78.83 0 10 973.38 0 9.98001 1 33635.7 27.9512 0 0 0 
69000 100 64.33 0 10 991.69 0 9.9803 1 36060.1 30.0642 0 0 0 
70000 100 71.68 0 10 1009.58 0 9.98058 1 32398.9 26.9938 0 0 0 
71000 100 67.63 0 10 1032.88 0 9.98085 1 31746.8 26.5798 0 0 0 
72000 100 71.37 0 10 1050.72 0 9.98112 1 33780.9 28.2435 0 0 0 
73000 100 70.28 0 10 1064.57 0 9.98138 1 34641.8 28.9213 0 0 0 
74000 100 77.33 0 10 1085.4 0 9.98163 1 32201 26.7972 0 0 0 
75000 100 68.74 0 10 1099.76 0 9.98187 1 33515.3 27.8019 0 0 0 
76000 100 68.06 0 10 1121.84 0 9.98211 1 32096.9 26.5534 0 0 0 
77000 100 65.91 0 10 1142.34 0 9.98234 1 34394.2 28.4222 0 0 0 
78000 100 62.73 0 10 1161.98 0 9.98257 1 33125.3 27.3172 0 0 0 
79000 100 69.96 0 10 1175.31 0 9.98279 1 36122 29.8657 0 0 0 
80000 100 62.24 0 10 1190.62 0 9.98301 1 35256.6 29.2323 0 0 0 
81000 100 67.06 0 10 1199.47 0 9.98322 1 33896.1 28.3737 0 0 0 
82000 100 61 0 10 1216.17 0 9.98342 1 35129.8 29.4275 0 0 0 
83000 100 66.35 0 10 1233.6 0 9.98362 1 34785.7 29.1545 0 0 0 
84000 100 63.43 0 10 1247.33 0 9.98381 1 30537.6 25.5678 0 0 0 
85000 100 71.6 0 10 1261.95 0 9.984 1 33580.9 28.204 0 0 0 
86000 100 65.76 0 10 1275.43 0 9.98419 1 34726.9 29.1555 0 0 0 
87000 100 66.94 0 10 1301 0 9.98437 1 31054.4 26.2973 0 0 0 
88000 100 66.13 0 10 1323.85 0 9.98455 1 28626.5 24.2573 0 0 0 
89000 100 57.68 0 10 1345.43 0 9.98472 1 27399.6 23.2529 0 0 0 
90000 100 74.69 0 10 1358.44 0 9.98489 1 30827.8 26.187 0 0 0 
91000 100 70.67 0 10 1386.35 0 9.98506 1 31601.5 26.7133 0 0 0 
92000 100 60.62 0 10 1433.67 0 9.98522 1 25219.7 21.6256 0 0 0 
93000 100 64.54 0 10 1459.46 0 9.98538 1 24904.5 21.2473 0 0 0 
94000 100 56.78 0 10 1483.18 0 9.98554 1 27261.3 23.1553 0 0 0 
95000 100 68.86 0 10 1506.24 0 9.98569 1 28082.6 23.6753 0 0 0 
96000 100 57.68 0 10 1525.71 0 9.98584 1 26254.8 22.2017 0 0 0 
97000 100 66.23 0 10 1543.94 0 9.98598 1 24214.8 20.6833 0 0 0 
98000 100 66.32 0 10 1563.11 0 9.98613 1 26068.8 22.353 0 0 0 
99000 100 62.27 0 10 1582.37 0 9.98627 1 28414.9 24.4294 0 0 0 
100000 100 68.6 0 10 1613.49 0 9.9864 1 23232.6 19.9962 0 0 0 
101000 100 54.26 0 10 1634.4 0 9.98654 1 31965.2 27.5658 0 0 0 
102000 100 61.55 0 10 1660.6 0 9.98667 1 27917.4 24.0847 0 0 0 
103000 100 65.84 0 10 1680.36 0 9.9868 1 28650.2 24.6488 0 0 0 
104000 100 67.84 0 10 1709.12 0 9.98693 1 25694.6 22.2804 0 0 0 
105000 100 81.61 0 10 1731.57 0 9.98705 1 24346.5 21.2477 0 0 0 
106000 100 55.92 0 10 1753.12 0 9.98717 1 29440.5 25.7869 0 0 0 
107000 100 61.28 0 10 1778.3 0 9.98729 1 25199 22.1118 0 0 0 
108000 100 53.24 0 10 1807.13 0 9.98741 1 23212.5 20.3599 0 0 0 
109000 100 58.66 0 10 1829.73 0 9.98753 1 28398 24.8177 0 0 0 
110000 100 70.26 0 10 1849.06 0 9.98764 1 30204.1 26.3095 0 0 0 
111000 100 62.82 0 10 1873.45 0 9.98775 1 27673.6 24.2417 0 0 0 
112000 100 60.65 0 10 1897.21 0 9.98786 1 25117.3 21.9639 0 0 0 
113000 100 54.95 0 10 1919.96 0 9.98797 1 27534.5 24.0409 0 0 0 
114000 100 60.34 0 10 1938.48 0 9.98807 1 26796.2 23.2381 0 0 0 
115000 100 59.19 0 10 1969.47 0 9.98818 1 27714.8 24.5709 0 0 0 
116000 100 61.41 0 10 2007.89 0 9.98828 1 22328.5 19.7608 0 0 0 
117000 100 60.56 0 10 2030.96 0 9.98838 1 28408.1 25.1578 0 0 0 
118000 100 60.4 0 10 2057.46 0 9.98848 1 25269.7 22.3114 0 0 0 
119000 100 57.75 0 10 2083.64 0 9.98857 1 24485.7 21.4761 0 0 0 
120000 100 58.65 0 10 2110.48 0 9.98867 1 23551 20.5983 0 0 0 
121000 100 62.02 0 10 2131.42 0 9.98876 1 25791.8 22.4858 0 0 0 
122000 100 50.48 0 10 2151.11 0 9.98886 1 28132.9 24.5409 0 0 0 
123000 100 70.37 0 10 2181.47 0 9.98895 1 25832.2 22.4986 0 0 0 
124000 100 54.08 0 10 2205.59 0 9.98904 1 24621.4 21.4952 0 0 0 
125000 100 62.79 0 10 2234.23 0 9.98912 1 29791.8 26.0392 0 0 0 
126000 100 59.13 0 10 2248.69 0 9.98921 1 21961.6 19.2323 0 0 0 
127000 100 55.38 0 10 2261.67 0 9.98929 1 23143.5 20.3127 0 0 0 
128000 100 61.21 0 10 2286.85 0 9.98938 1 28246.6 24.7659 0 0 0 
129000 100 69.36 0 10 2323.55 0 9.98946 1 23773.1 21.0211 0 0 0 
130000 100 62.37 0 10 2354.68 0 9.98954 1 27757.9 24.6815 0 0 0 
131000 100 62.84 0 10 2382.5 0 9.98962 1 28471.8 25.6585 0 0 0 
132000 100 53.88 0 10 2403.47 0 9.9897 1 25903.7 23.1847 0 0 0 
133000 100 68.05 0 10 2429.94 0 9.98978 1 29918.4 27.1311 0 0 0 
134000 100 60.43 0 10 2440.22 0 9.98985 1 23657.3 21.403 0 0 0 
135000 100 65.8 0 10 2467.89 0 9.98993 1 25213.4 22.8784 0 0 0 
136000 100 60.74 0 10 2495.03 0 9.99 1 25005.5 22.8017 0 0 0 
137000 100 64.63 0 10 2525.88 0 9.99008 1 31066 28.3244 0 0 0 
138000 100 55.37 0 10 2549.41 0 9.99015 1 28689 26.0511 0 0 0 
139000 100 63.64 0 10 2573.15 0 9.99022 1 22383.3 20.3479 0 0 0 
140000 100 62.41 0 10 2603.46 0 9.99029 1 26614.2 24.1596 0 0 0 
141000 100 69.3 0 10 2625.56 0 9.99036 1 27283.6 24.8754 0 0 0 
142000 100 71.28 0 10 2647.15 0 9.99043 1 23939.1 21.8602 0 0 0 
143000 100 74.75 0 10 2666.29 0 9.99049 1 25141.8 23.0252 0 0 0 
144000 100 54.36 0 10 2687.62 0 9.99056 1 23704.5 21.7807 0 0 0 
145000 100 53.98 0 10 2709.46 0 9.99062 1 26978.2 24.7781 0 0 0 
146000 100 57.92 0 10 2732.47 0 9.99069 1 22688.9 20.909 0 0 0 
147000 100 59.3 0 10 2755.69 0 9.99075 1 27876 25.7158 0 0 0 
148000 100 66.05 0 10 2783.26 0 9.99081 1 24357.7 22.3134 0 0 0 
149000 100 70.67 0 10 2810.23 0 9.99088 1 29382.9 26.661 0 0 0 
150000 100 75.1 0 10 2836.57 0 9.99094 1 27676.8 24.9176 0 0 0 
151000 100 67.36 0 10 2857.31 0 9.991 1 27990.5 25.133 0 0 0 
152000 100 62.47 0 10 2873.69 0 9.99106 1 28832.3 26.042 0 0 0 
153000 100 54.27 0 10 2891.42 0 9.99111 1 30250 27.4507 0 0 0 
154000 100 58.75 0 10 2913.45 0 9.99117 1 26828.8 24.3505 0 0 0 
155000 100 64.15 0 10 2939.22 0 9.99123 1 27378.8 24.8579 0 0 0 
156000 100 59.45 0 10 2959.49 0 9.99128 1 25223 23.0961 0 0 0 
157000 100 57.44 0 10 2994.91 0 9.99134 1 25152.7 22.9128 0 0 0 
158000 100 58.48 0 10 3025.04 0 9.99139 1 26253.6 23.8005 0 0 0 
159000 100 54.93 0 10 3049.57 0 9.99145 1 24799.1 22.4765 0 0 0 
160000 100 56.08 0 10 3074.49 0 9.9915 1 22505.3 20.6112 0 0 0 
161000 100 52.82 0 10 3098 0 9.99156 1 23303.3 21.3718 0 0 0 
162000 100 56.07 0 10 3121.41 0 9.99161 1 25551.3 23.5742 0 0 0 
163000 100 65.46 0 10 3144.63 0 9.99166 1 23588.8 21.9798 0 0 0 
164000 100 67.57 0 10 3170.99 0 9.99171 1 18619 17.437 0 0 0 
165000 100 55.54 0 10 3204.25 0 9.99176 1 23498.3 22.0583 0 0 0 
166000 100 60.63 0 10 3234.33 0 9.99181 1 20856.1 19.5184 0 0 0 
167000 100 56.83 0 10 3267.06 0 9.99186 1 22580.2 21.1633 0 0 0 
168000 100 61.28 0 10 3292.7 0 9.99191 1 22957 21.6543 0 0 0 
169000 100 65.1 0 10 3311.26 0 9.99196 1 25588.8 24.2189 0 0 0 
170000 100 62.62 0 10 3339.35 0 9.992 1 23506.5 22.1502 0 0 0 
171000 100 67.13 0 10 3368.16 0 9.99205 1 22351.6 21.0496 0 0 0 
172000 100 57.08 0 10 3398.38 0 9.9921 1 20975.8 19.7107 0 0 0 
173000 100 50 0 10 3430.6 0 9.99214 1 22833.8 21.3337 0 0 0 
174000 100 62.57 0 10 3463.96 0 9.99219 1 18903.3 17.5732 0 0 0 
175000 100 49.1 0 10 3486.85 0 9.99223 1 23062.8 21.3074 0 0 0 
176000 100 57.59 0 10 3516.09 0 9.99228 1 20714.4 19.0952 0 0 0 
177000 100 57.53 0 10 3542.75 0 9.99232 1 24572 22.6253 0 0 0 
178000 100 54.69 0 10 3564.64 0 9.99236 1 23151.4 21.5647 0 0 0 
179000 100 50.41 0 10 3587.76 0 9.9924 1 23090.9 21.4756 0 0 0 
180000 100 60.06 0 10 3612.06 0 9.99245 1 20298.8 18.8833 0 0 0 
181000 100 58.28 0 10 3644.12 0 9.99249 1 22332.2 20.8133 0 0 0 
182000 100 64.19 0 10 3669.34 0 9.99253 1 20131.4 18.8076 0 0 0 
183000 100 56.2 0 10 3694.33 0 9.99257 1 28587 26.8913 0 0 0 
184000 100 53.41 0 10 3730.56 0 9.99261 1 22966.6 21.607 0 0 0 
185000 100 62.38 0 10 3756.34 0 9.99265 1 24596.8 23.0322 0 0 0 
186000 100 64.1 0 10 3778.46 0 9.99269 1 21455.6 20.0936 0 0 0 
187000 100 61.02 0 10 3805.44 0 9.99273 1 22946.8 21.4886 0 0 0 
188000 100 51.42 0 10 3833.8 0 9.99277 1 14056.8 13.0078 0 0 0 
189000 100 49.56 0 10 3887.91 0 9.99281 1 13360.2 12.3754 0 0 0 
190000 100 59.19 0 10 3923.64 0 9.99284 1 14134.6 13.1734 0 0 0 
191000 100 50.92 0 10 3971.03 0 9.99288 1 14888.2 13.8949 0 0 0 
192000 100 61.63 0 10 4010.55 0 9.99292 1 13960.9 13.1294 0 0 0 
193000 100 46.58 0 10 4098.06 0 9.99296 1 5991.14 5.62957 0 0 0 
194000 100 39.35 0 10 4216.33 0 9.99299 1 5342.18 4.97269 0 0 0 
195000 100 35.89 0 10 4311.5 0 9.99303 1 2848.92 2.61281 0 0 0 
196000 100 33.65 0 10 4427.47 0 9.99306 1 2552.09 2.32392 0 0 0 
197000 100 32.37 0 10 4548.17 0 9.9931 1 2890.99 2.61993 0 0 0 
198000 100 28.59 0 10 4678.26 0 9.99313 1 5080.01 4.60818 0 0 0 
199000 100 37.49 0 10 4811.42 0 9.99317 1 3229.89 2.94395 0 0 0 
200000 100 30.78 0 10 4930.95 0 9.9932 1 3652.68 3.3977 0 0 0 
201000 100 32.94 0 10 5055.05 0 9.99324 1 2919.99 2.74187 0 0 0 
202000 100 29.57 0 10 5173.32 0 9.99327 1 3449.6 3.24253 0 0 0 
203000 100 27.79 0 10 5292.76 0 9.9933 1 2899.54 2.79182 0 0 0 
204000 100 44.84 0 10 5403.66 0 9.99334 1 4940.16 4.78312 0 0 0 
205000 100 34.73 0 10 5515.55 0 9.99337 1 3641.79 3.48473 0 0 0 
206000 100 29.82 0 10 5642.19 0 9.9934 1 2535.82 2.37894 0 0 0 
207000 100 27.44 0 10 5764.21 0 9.99343 1 2235.61 2.10423 0 0 0 
208000 100 30.44 0 10 5902.53 0 9.99346 1 2312.83 2.13756 0 0 0 
209000 100 31.78 0 10 6045.2 0 9.99349 1 3034.9 2.81636 0 0 0 
210000 100 27.7 0 10 6195.15 0 9.99353 1 3031.68 2.79838 0 0 0 
211000 100 25.76 0 10 6352.14 0 9.99356 1 3109.54 2.82935 0 0 0 
212000 100 26.94 0 10 6492 0 9.99359 1 4919.11 4.44566 0 0 0 
213000 100 26.98 0 10 6644.74 0 9.99362 1 2373.36 2.17582 0 0 0 
214000 100 25.91 0 10 6781.11 0 9.99365 1 2995.44 2.74868 0 0 0 
215000 100 26.18 0 10 6910.05 0 9.99368 1 2289.91 2.08359 0 0 0 
216000 100 26.76 0 10 7036.71 0 9.99371 1 2837.87 2.57104 0 0 0 
217000 100 27.87 0 10 7190.15 0 9.99373 1 2184.43 2.02303 0 0 0 
218000 100 30.84 0 10 7331.6 0 9.99376 1 2419 2.23687 0 0 0 
219000 100 37.04 0 10 7470.44 0 9.99379 1 3023.56 2.81525 0 0 0 
220000 100 36.14 0 10 7588.06 0 9.99382 1 4726.38 4.39303 0 0 0 
221000 100 29.04 0 10 7724.81 0 9.99385 1 2759.58 2.59139 0 0 0 
222000 100 26.01 0 10 7871.97 0 9.99388 1 2225.66 2.05378 0 0 0 
223000 100 25.79 0 10 8014.03 0 9.9939 1 3589.43 3.32094 0 0 0 
224000 100 24.27 0 10 8113.92 0 9.99393 1 2190.6 2.04153 0 0 0 
225000 100 36.93 0 10 8247.02 0 9.99396 1 2540.52 2.37722 0 0 0 
226000 100 23.44 0 10 8387.26 0 9.99398 1 2165.69 2.05847 0 0 0 
227000 100 27.26 0 10 8519.22 0 9.99401 1 3698.87 3.52412 0 0 0 
228000 100 29.38 0 10 8654.12 0 9.99404 1 2649.23 2.45064 0 0 0 
229000 100 32.16 0 10 8796.55 0 9.99406 1 3178.66 2.92949 0 0 0 
230000 100 29.78 0 10 8940.59 0 9.99409 1 4270.83 3.88422 0 0 0 
231000 100 28.79 0 10 9061 0 9.99411 1 1956.25 1.79177 0 0 0 
232000 100 27.63 0 10 9199.01 0 9.99414 1 2245.23 2.01856 0 0 0 
233000 100 23.15 0 10 9352.32 0 9.99416 1 2821.51 2.57871 0 0 0 
234000 100 24.37 0 10 9492.13 0 9.99419 1 2079.74 1.90571 0 0 0 
235000 100 28.99 0 10 9639.43 0 9.99421 1 2272.57 2.05758 0 0 0 
236000 100 29.84 0 10 9785.63 0 9.99424 1 2307.32 2.04333 0 0 0 
237000 100 31.51 0 10 9919.05 0 9.99426 1 2833.34 2.49084 0 0 0 
238000 100 28.22 0 10 10041.9 0 9.99429 1 2880.78 2.52851 0 0 0 
239000 100 31.21 0 10 10152.7 0 9.99431 1 3146.27 2.69352 0 0 0 
240000 100 29.52 0 10 10311.7 0 9.99434 1 2379.36 2.05455 0 0 0 
241000 100 27.74 0 10 10474.2 0 9.99436 1 1885.76 1.63008 0 0 0 
242000 100 23.2 0 10 10603.6 0 9.99438 1 2013.7 1.76824 0 0 0 
243000 100 25.83 0 10 10733.6 0 9.9944 1 2224.17 1.95451 0 0 0 
244000 100 29.52 0 10 10886.9 0 9.99443 1 1967.8 1.73185 0 0 0 
245000 100 31.34 0 10 11050.1 0 9.99445 1 2152.61 1.90118 0 0 0 
246000 100 22.19 0 10 11217.6 0 9.99447 1 2020.1 1.78121 0 0 0 
247000 100 21.8 0 10 11403.5 0 9.9945 1 2145.66 1.89967 0 0 0 
248000 100 25.15 0 10 11566.3 0 9.99452 1 3536.77 3.11342 0 0 0 
249000 100 27.43 0 10 11722.3 0 9.99454 1 3248.01 2.87086 0 0 0 
250000 100 25.26 0 10 11865 0 9.99456 1 1768.09 1.56866 0 0 0 