# Avida Average Deme Data
# Mon Apr  7 10:40:01 2014
#  1: Update
#  2: Count
#  3: Age
#  4: Births
#  5: Organisms
#  6: Generation
#  7: Births (at last replication)
#  8: Organisms (at last replication)
#  9: Merit
# 10: Gestation Time
# 11: Time Used (normalized by org fitness)
# 12: Generations between current and last founders
# 13: Events killed
# 14: Attempts to kill event

0 100 0 0 1 0 0 0 1 0 0 0 0 0 
1000 100 64.25 0 10 9.21 0 8.64116 1 40269.7 34.7348 0 0 0 
2000 100 67.12 0 10 18.09 0 9.32024 1 39748.4 34.3184 0 0 0 
3000 100 73.99 0 10 30.16 0 9.54675 1 42295.5 36.4878 0 0 0 
4000 100 73.81 0 10 42.01 0 9.66003 1 39144.6 33.6173 0 0 0 
5000 100 76.8 0 10 52.05 0 9.72801 1 37994.9 32.7281 0 0 0 
6000 100 73.31 0 10 61.93 0 9.77334 1 39142.4 33.7044 0 0 0 
7000 100 59.95 0 10 69.63 0 9.80571 1 38149.1 32.9289 0 0 0 
8000 100 64.2 0 10 81.61 0 9.83 1 39704.8 34.1648 0 0 0 
9000 100 57.96 0 10 93.41 0 9.84888 1 35253.6 30.2364 0 0 0 
10000 100 75.28 0 10 105.02 0 9.86399 1 39026.5 33.6109 0 0 0 
11000 100 69.58 0 10 118.05 0 9.87636 1 40723.7 35.1557 0 0 0 
12000 100 66.88 0 10 130.07 0 9.88666 1 40285.4 34.7773 0 0 0 
13000 100 70.46 0 10 144.2 0 9.89538 1 35337 30.4571 0 0 0 
14000 100 64.25 0 10 161.67 0 9.90285 1 37739 32.3334 0 0 0 
15000 100 76.32 0 10 186.46 0 9.90933 1 34132.4 29.384 0 0 0 
16000 100 58.89 0 10 204.3 0 9.91499 1 29367.3 25.1483 0 0 0 
17000 100 81.5 0 10 223.42 0 9.91999 1 34730.7 29.8823 0 0 0 
18000 100 72.07 0 10 239.07 0 9.92444 1 32191.3 27.7648 0 0 0 
19000 100 52.43 0 10 258.75 0 9.92841 1 39043.9 33.8201 0 0 0 
20000 100 72.97 0 10 274.43 0 9.93199 1 29924.1 25.9981 0 0 0 
21000 100 69.13 0 10 281.09 0 9.93523 1 38484.1 33.5228 0 0 0 
22000 100 52.11 0 10 296.65 0 9.93818 1 34100.3 29.6519 0 0 0 
23000 100 68.08 0 10 310.74 0 9.94086 1 30252.3 26.2832 0 0 0 
24000 100 72.4 0 10 331.48 0 9.94333 1 34378.3 30.0808 0 0 0 
25000 100 64.99 0 10 347.64 0 9.94559 1 32596.8 28.533 0 0 0 
26000 100 66.28 0 10 363.23 0 9.94769 1 31647.2 27.9193 0 0 0 
27000 100 64.25 0 10 377.53 0 9.94962 1 33224.6 29.564 0 0 0 
28000 100 67.56 0 10 391.31 0 9.95142 1 31615.1 28.1764 0 0 0 
29000 100 68.06 0 10 404.16 0 9.9531 1 32230.2 28.6787 0 0 0 
30000 100 69.37 0 10 418.42 0 9.95466 1 36971.9 32.8649 0 0 0 
31000 100 55.65 0 10 433.39 0 9.95612 1 34938.6 31.0265 0 0 0 
32000 100 72.59 0 10 445.38 0 9.9575 1 31272.7 27.8109 0 0 0 
33000 100 63.41 0 10 464.73 0 9.95878 1 28400.6 25.2223 0 0 0 
34000 100 59.21 0 10 480.12 0 9.96 1 32462.3 28.8881 0 0 0 
35000 100 53.89 0 10 495.14 0 9.96114 1 35624.3 31.7361 0 0 0 
36000 100 67.51 0 10 514.29 0 9.96222 1 24353.1 21.5821 0 0 0 
37000 100 57.74 0 10 529.51 0 9.96324 1 30544.8 26.9796 0 0 0 
38000 100 60.92 0 10 548.96 0 9.96421 1 29845.4 26.1802 0 0 0 
39000 100 53.83 0 10 568.79 0 9.96512 1 31186.9 27.1279 0 0 0 
40000 100 65.39 0 10 590.94 0 9.966 1 30764.8 26.6896 0 0 0 
41000 100 69.62 0 10 623.03 0 9.96683 1 24531.2 21.3695 0 0 0 
42000 100 53.33 0 10 642.84 0 9.96762 1 28700.8 24.8976 0 0 0 
43000 100 73.69 0 10 666.25 0 9.96837 1 27786.6 24.1661 0 0 0 
44000 100 62.31 0 10 686.92 0 9.96909 1 31426.2 27.4374 0 0 0 
45000 100 63.64 0 10 707.16 0 9.96977 1 31021 26.9488 0 0 0 
46000 100 63.76 0 10 731.82 0 9.97043 1 28473.9 24.8102 0 0 0 
47000 100 66.81 0 10 754.49 0 9.97106 1 26423.2 23.0101 0 0 0 
48000 100 59.87 0 10 774.79 0 9.97166 1 30046.4 26.1565 0 0 0 
49000 100 65.36 0 10 800.24 0 9.97224 1 34168.6 29.2737 0 0 0 
50000 100 64.38 0 10 814.9 0 9.9728 1 24668.3 21.0456 0 0 0 
51000 100 66.64 0 10 839.41 0 9.97333 1 30994.6 26.5249 0 0 0 
52000 100 68.32 0 10 859.3 0 9.97384 1 29274.4 24.7662 0 0 0 
53000 100 78.24 0 10 880.23 0 9.97434 1 27188.4 22.8787 0 0 0 
54000 100 63.69 0 10 898.04 0 9.97481 1 32873.1 27.622 0 0 0 
55000 100 69.18 0 10 924.14 0 9.97527 1 27722 23.2328 0 0 0 
56000 100 62.39 0 10 942.8 0 9.97571 1 29191.6 24.3423 0 0 0 
57000 100 58.58 0 10 959.79 0 9.97614 1 31318.5 26.0355 0 0 0 
58000 100 60.44 0 10 980.66 0 9.97655 1 28505.7 23.6575 0 0 0 
59000 100 68.57 0 10 996.67 0 9.97695 1 29794.4 24.6748 0 0 0 
60000 100 63.96 0 10 1006.67 0 9.97733 1 28909.1 23.8092 0 0 0 
61000 100 66.22 0 10 1021.41 0 9.9777 1 29846.1 24.5955 0 0 0 
62000 100 59.2 0 10 1038.88 0 9.97806 1 29813.1 24.4663 0 0 0 
63000 100 66 0 10 1062.36 0 9.97841 1 25912 21.3973 0 0 0 
64000 100 61.17 0 10 1080.95 0 9.97875 1 25765.9 21.2729 0 0 0 
65000 100 76.8 0 10 1099.62 0 9.97907 1 28857.7 23.7801 0 0 0 
66000 100 66.23 0 10 1127.04 0 9.97939 1 28595.7 23.5393 0 0 0 
67000 100 65.02 0 10 1148.67 0 9.9797 1 23927.9 19.6319 0 0 0 
68000 100 57.32 0 10 1173.02 0 9.98 1 23695.8 19.4172 0 0 0 
69000 100 63.81 0 10 1194.69 0 9.98029 1 29746.1 24.4427 0 0 0 
70000 100 65.58 0 10 1214.43 0 9.98057 1 29805.6 24.4767 0 0 0 
71000 100 68.4 0 10 1233.47 0 9.98084 1 31367.3 25.8577 0 0 0 
72000 100 63.19 0 10 1253.27 0 9.98111 1 32435.7 26.6667 0 0 0 
73000 100 65.72 0 10 1273.72 0 9.98137 1 26172.9 22.0655 0 0 0 
74000 100 66.39 0 10 1298.25 0 9.98162 1 31583.3 26.3374 0 0 0 
75000 100 68.8 0 10 1326.97 0 9.98186 1 28694.8 23.821 0 0 0 
76000 100 62.5 0 10 1344.37 0 9.9821 1 24281.5 20.1809 0 0 0 
77000 100 58.25 0 10 1380.62 0 9.98234 1 28665.3 23.7357 0 0 0 
78000 100 59.02 0 10 1396.06 0 9.98256 1 30139.3 24.7857 0 0 0 
79000 100 56.22 0 10 1417.92 0 9.98278 1 27530.2 22.5257 0 0 0 
80000 100 60.77 0 10 1429.22 0 9.983 1 31102.3 25.2661 0 0 0 
81000 100 60.5 0 10 1450.41 0 9.98321 1 25206.1 20.3432 0 0 0 
82000 100 69.07 0 10 1472.31 0 9.98341 1 26510.3 21.3245 0 0 0 
83000 100 64.69 0 10 1492.76 0 9.98361 1 26266.1 21.074 0 0 0 
84000 100 73.62 0 10 1518.08 0 9.98381 1 31799.2 25.5517 0 0 0 
85000 100 56.4 0 10 1539.68 0 9.984 1 27201.8 21.9693 0 0 0 
86000 100 68.15 0 10 1555.42 0 9.98418 1 30866.5 24.7888 0 0 0 
87000 100 62.53 0 10 1569.06 0 9.98437 1 26992.6 21.6274 0 0 0 
88000 100 66.82 0 10 1588.51 0 9.98454 1 26821.2 21.5131 0 0 0 
89000 100 58.77 0 10 1604.13 0 9.98472 1 26134.1 20.7894 0 0 0 
90000 100 66.91 0 10 1630.6 0 9.98489 1 29994.9 23.9043 0 0 0 
91000 100 59.54 0 10 1653.67 0 9.98505 1 28767.1 23.2494 0 0 0 
92000 100 61.53 0 10 1678.1 0 9.98522 1 27587.4 22.321 0 0 0 
93000 100 73.57 0 10 1697.34 0 9.98537 1 28374.5 22.8286 0 0 0 
94000 100 73.97 0 10 1720.96 0 9.98553 1 31329.5 25.6613 0 0 0 
95000 100 73.16 0 10 1739.22 0 9.98568 1 24407.1 19.669 0 0 0 
96000 100 59.44 0 10 1754.7 0 9.98583 1 28250.4 22.3495 0 0 0 
97000 100 63.01 0 10 1773.76 0 9.98598 1 25627.1 20.2221 0 0 0 
98000 100 63.03 0 10 1794.38 0 9.98612 1 26047.4 19.8988 0 0 0 
99000 100 64.73 0 10 1814.62 0 9.98626 1 30092.6 22.9262 0 0 0 
100000 100 58.12 0 10 1824.88 0 9.9864 1 29405.8 22.4468 0 0 0 
101000 100 77.67 0 10 1839.23 0 9.98653 1 30534.1 23.2849 0 0 0 
102000 100 55.35 0 10 1858.92 0 9.98666 1 23918.1 18.2539 0 0 0 
103000 100 75.65 0 10 1872.14 0 9.98679 1 36280.3 27.6854 0 0 0 
104000 100 65.09 0 10 1897.42 0 9.98692 1 30886.8 23.5869 0 0 0 
105000 100 62.41 0 10 1910.31 0 9.98705 1 31986 24.519 0 0 0 
106000 100 64.76 0 10 1928.3 0 9.98717 1 28375.5 21.693 0 0 0 
107000 100 71.41 0 10 1942.59 0 9.98729 1 26826.8 20.4727 0 0 0 
108000 100 71.15 0 10 1963.08 0 9.98741 1 27937.9 21.2036 0 0 0 
109000 100 70.81 0 10 1985.06 0 9.98752 1 35188.7 26.7375 0 0 0 
110000 100 53.39 0 10 2002.42 0 9.98763 1 32716.7 24.8455 0 0 0 
111000 100 63.74 0 10 2027.94 0 9.98775 1 32092.7 24.5577 0 0 0 
112000 100 68.12 0 10 2045.76 0 9.98786 1 30385.7 23.3607 0 0 0 
113000 100 67.37 0 10 2063.3 0 9.98796 1 32220.4 24.723 0 0 0 
114000 100 58.9 0 10 2080.75 0 9.98807 1 28108.5 21.5584 0 0 0 
115000 100 54.04 0 10 2097.13 0 9.98817 1 35236.9 26.9499 0 0 0 
116000 100 66.92 0 10 2124.92 0 9.98827 1 28064.8 21.4136 0 0 0 
117000 100 67.23 0 10 2141.79 0 9.98837 1 27724.4 21.1044 0 0 0 
118000 100 62.6 0 10 2158.77 0 9.98847 1 35995 27.6 0 0 0 
119000 100 70.88 0 10 2182.83 0 9.98857 1 27188.7 20.8761 0 0 0 
120000 100 69.82 0 10 2204.51 0 9.98867 1 28872.8 22.2732 0 0 0 
121000 100 61.88 0 10 2234.2 0 9.98876 1 30306.1 23.3856 0 0 0 
122000 100 64.62 0 10 2255.22 0 9.98885 1 31754.5 24.4489 0 0 0 
123000 100 69.53 0 10 2268.25 0 9.98894 1 28043.5 21.7971 0 0 0 
124000 100 59.52 0 10 2293.24 0 9.98903 1 30854.7 23.8577 0 0 0 
125000 100 65.63 0 10 2311.59 0 9.98912 1 29125.3 22.622 0 0 0 
126000 100 65.31 0 10 2329.4 0 9.9892 1 26733.3 20.6727 0 0 0 
127000 100 67.79 0 10 2354.86 0 9.98929 1 27994.2 21.5592 0 0 0 
128000 100 53.71 0 10 2369.77 0 9.98937 1 29803.2 22.8992 0 0 0 
129000 100 62.63 0 10 2396.84 0 9.98946 1 30472.7 23.401 0 0 0 
130000 100 74.26 0 10 2417.72 0 9.98954 1 27153.5 20.8179 0 0 0 
131000 100 62.96 0 10 2440.05 0 9.98962 1 26119.6 19.9425 0 0 0 
132000 100 70.83 0 10 2468.78 0 9.9897 1 28762 22.1516 0 0 0 
133000 100 59.72 0 10 2474.5 0 9.98977 1 30131.3 23.3977 0 0 0 
134000 100 72.13 0 10 2506.57 0 9.98985 1 29281.3 22.5099 0 0 0 
135000 100 57.46 0 10 2531.5 0 9.98992 1 29444.7 22.7133 0 0 0 
136000 100 60.88 0 10 2551.79 0 9.99 1 25850.2 19.8265 0 0 0 
137000 100 66.11 0 10 2568.47 0 9.99007 1 29098.5 22.265 0 0 0 
138000 100 65.91 0 10 2587.46 0 9.99014 1 26832.7 20.4931 0 0 0 
139000 100 64.07 0 10 2607.88 0 9.99021 1 27665.2 21.0619 0 0 0 
140000 100 83.85 0 10 2632.14 0 9.99028 1 26216.4 19.9599 0 0 0 
141000 100 57.77 0 10 2645.01 0 9.99035 1 29158.3 22.1757 0 0 0 
142000 100 58.63 0 10 2666.85 0 9.99042 1 27052.2 20.5918 0 0 0 
143000 100 66.05 0 10 2687.96 0 9.99049 1 29112.3 22.1819 0 0 0 
144000 100 64.49 0 10 2713.03 0 9.99055 1 27696.7 21.0392 0 0 0 
145000 100 69.99 0 10 2746.9 0 9.99062 1 25577.5 19.2871 0 0 0 
146000 100 58.34 0 10 2767.99 0 9.99068 1 28103.5 21.1764 0 0 0 
147000 100 71.6 0 10 2787.61 0 9.99075 1 27884.8 21.0616 0 0 0 
148000 100 68.01 0 10 2810.38 0 9.99081 1 28580.4 21.7026 0 0 0 
149000 100 61.48 0 10 2830.32 0 9.99087 1 33725.8 25.5127 0 0 0 
150000 100 66.2 0 10 2849.9 0 9.99093 1 30302.6 22.9286 0 0 0 
151000 100 65.26 0 10 2871.56 0 9.99099 1 29819.5 22.6605 0 0 0 
152000 100 67.37 0 10 2893.34 0 9.99105 1 29396.5 22.4734 0 0 0 
153000 100 62.25 0 10 2913.95 0 9.99111 1 32614 25.0403 0 0 0 
154000 100 67.22 0 10 2928.39 0 9.99117 1 31476.8 24.1131 0 0 0 
155000 100 63.37 0 10 2943.56 0 9.99122 1 31110.7 23.3355 0 0 0 
156000 100 63.57 0 10 2957.84 0 9.99128 1 27774.6 20.9176 0 0 0 
157000 100 67.09 0 10 2973.27 0 9.99134 1 32329.2 24.0527 0 0 0 
158000 100 60.63 0 10 2987.67 0 9.99139 1 35930.9 26.4641 0 0 0 
159000 100 61.41 0 10 3004.25 0 9.99145 1 33748.9 24.7486 0 0 0 
160000 100 56.25 0 10 3019.11 0 9.9915 1 32213.6 23.5245 0 0 0 
161000 100 71.97 0 10 3038.47 0 9.99155 1 28552.2 20.7955 0 0 0 
162000 100 66.97 0 10 3057.19 0 9.9916 1 31607.5 23.034 0 0 0 
163000 100 65.63 0 10 3080.68 0 9.99166 1 25871.9 18.8511 0 0 0 
164000 100 67.86 0 10 3101.69 0 9.99171 1 26250.3 19.0991 0 0 0 
165000 100 64.29 0 10 3122.26 0 9.99176 1 28706 20.897 0 0 0 
166000 100 54.05 0 10 3144.66 0 9.99181 1 26198.2 18.9752 0 0 0 
167000 100 61.05 0 10 3156.6 0 9.99186 1 26250.5 18.9427 0 0 0 
168000 100 67.11 0 10 3175.31 0 9.9919 1 28842.8 20.7776 0 0 0 
169000 100 56.84 0 10 3195.54 0 9.99195 1 24654.8 17.7605 0 0 0 
170000 100 55.21 0 10 3205.59 0 9.992 1 27895.1 20.1537 0 0 0 
171000 100 55.05 0 10 3222.09 0 9.99205 1 25217 18.2443 0 0 0 
172000 100 64.74 0 10 3243.76 0 9.99209 1 29406.5 21.1916 0 0 0 
173000 100 64.93 0 10 3268.75 0 9.99214 1 25741.1 18.5766 0 0 0 
174000 100 55.45 0 10 3296.22 0 9.99218 1 29664.2 21.2954 0 0 0 
175000 100 70.4 0 10 3319.19 0 9.99223 1 28186.8 20.1741 0 0 0 
176000 100 60.86 0 10 3336.79 0 9.99227 1 30118.1 21.5137 0 0 0 
177000 100 63.86 0 10 3356.45 0 9.99232 1 26190.7 18.7471 0 0 0 
178000 100 58.22 0 10 3374.39 0 9.99236 1 30108.5 21.5765 0 0 0 
179000 100 62.52 0 10 3388.99 0 9.9924 1 27879.2 20.0432 0 0 0 
180000 100 60.36 0 10 3407.68 0 9.99244 1 28571.2 20.5909 0 0 0 
181000 100 59.11 0 10 3432.09 0 9.99249 1 28523.2 20.47 0 0 0 
182000 100 66.93 0 10 3453.67 0 9.99253 1 31163.5 22.3097 0 0 0 
183000 100 67.88 0 10 3482.04 0 9.99257 1 27083.9 19.3587 0 0 0 
184000 100 66.89 0 10 3493.55 0 9.99261 1 30772.6 21.9253 0 0 0 
185000 100 64.09 0 10 3523.14 0 9.99265 1 28977.4 20.575 0 0 0 
186000 100 59.94 0 10 3541.09 0 9.99269 1 33184.3 23.5241 0 0 0 
187000 100 64.97 0 10 3568.98 0 9.99273 1 25120.1 17.6349 0 0 0 
188000 100 66.57 0 10 3573.78 0 9.99276 1 31018.9 21.6971 0 0 0 
189000 100 72.76 0 10 3589.61 0 9.9928 1 29872.2 20.8771 0 0 0 
190000 100 59.58 0 10 3600.27 0 9.99284 1 26165.8 18.2532 0 0 0 
191000 100 56.67 0 10 3627.9 0 9.99288 1 23398.3 16.3309 0 0 0 
192000 100 66.18 0 10 3642.9 0 9.99292 1 29345.4 20.4977 0 0 0 
193000 100 61.55 0 10 3671.51 0 9.99295 1 31763.1 22.0953 0 0 0 
194000 100 59.33 0 10 3656.32 0 9.99299 1 29053.4 20.2596 0 0 0 
195000 100 61.95 0 10 3665.38 0 9.99302 1 27612.1 19.2812 0 0 0 
196000 100 53.54 0 10 3682.67 0 9.99306 1 32368.5 22.6768 0 0 0 
197000 100 52.64 0 10 3700.39 0 9.9931 1 32183 22.5673 0 0 0 
198000 100 66.68 0 10 3717.47 0 9.99313 1 28958.8 20.3504 0 0 0 
199000 100 61.32 0 10 3732.05 0 9.99316 1 31688.2 22.2708 0 0 0 
200000 100 68.87 0 10 3747.3 0 9.9932 1 29306.7 20.6317 0 0 0 
201000 100 60.71 0 10 3777.73 0 9.99323 1 25579.7 17.9632 0 0 0 
202000 100 61.64 0 10 3824.63 0 9.99327 1 16340.1 11.498 0 0 0 
203000 100 52.74 0 10 3855.37 0 9.9933 1 17252.7 12.2131 0 0 0 
204000 100 67.82 0 10 3892.45 0 9.99333 1 14529.8 10.294 0 0 0 
205000 100 56.47 0 10 3928.7 0 9.99336 1 18492.3 13.0655 0 0 0 
206000 100 54.66 0 10 3959.37 0 9.9934 1 18914.4 13.3482 0 0 0 
207000 100 67.5 0 10 4000.5 0 9.99343 1 19273.4 13.6007 0 0 0 
208000 100 63.84 0 10 4041.43 0 9.99346 1 19864.8 14.0217 0 0 0 
209000 100 48.99 0 10 4083.72 0 9.99349 1 21294.8 14.9915 0 0 0 
210000 100 67.75 0 10 4125.02 0 9.99352 1 22525.3 15.8906 0 0 0 
211000 100 55.98 0 10 4167.31 0 9.99355 1 20789.6 14.7038 0 0 0 
212000 100 54.12 0 10 4197.67 0 9.99358 1 19028.9 13.4592 0 0 0 
213000 100 58.46 0 10 4222.96 0 9.99361 1 20058.5 14.3164 0 0 0 
214000 100 65.74 0 10 4255.76 0 9.99364 1 18522.2 13.2056 0 0 0 
215000 100 49.13 0 10 4292.55 0 9.99367 1 18101.2 12.8736 0 0 0 
216000 100 54.79 0 10 4328.2 0 9.9937 1 19838.3 14.1163 0 0 0 
217000 100 57.24 0 10 4368.25 0 9.99373 1 21819 15.4794 0 0 0 
218000 100 55.94 0 10 4399.36 0 9.99376 1 18296.6 12.9331 0 0 0 
219000 100 45.64 0 10 4431.32 0 9.99379 1 19392.8 13.7104 0 0 0 
220000 100 54.42 0 10 4453.86 0 9.99382 1 18303.4 13.0077 0 0 0 
221000 100 53.32 0 10 4487.06 0 9.99385 1 15680.5 11.1285 0 0 0 
222000 100 48 0 10 4531.65 0 9.99387 1 17095 12.1078 0 0 0 
223000 100 62.69 0 10 4559.91 0 9.9939 1 18795.5 13.1578 0 0 0 
224000 100 58.05 0 10 4593.82 0 9.99393 1 17644 12.3302 0 0 0 
225000 100 64.89 0 10 4630.04 0 9.99395 1 18296 12.7579 0 0 0 
226000 100 59.34 0 10 4662.43 0 9.99398 1 22030.1 15.452 0 0 0 
227000 100 55.2 0 10 4701.35 0 9.99401 1 16865.8 11.8605 0 0 0 
228000 100 50.18 0 10 4731.42 0 9.99403 1 19537.3 13.6064 0 0 0 
229000 100 52.62 0 10 4771.33 0 9.99406 1 16340.1 11.4369 0 0 0 
230000 100 61.53 0 10 4809.61 0 9.99409 1 21344.2 14.9512 0 0 0 
231000 100 59.53 0 10 4844.35 0 9.99411 1 19999.4 14.0498 0 0 0 
232000 100 64.97 0 10 4882.85 0 9.99414 1 18399 12.9597 0 0 0 
233000 100 58.51 0 10 4925.78 0 9.99416 1 12411.9 8.76655 0 0 0 
234000 100 48.88 0 10 4955.69 0 9.99419 1 20848 14.726 0 0 0 
235000 100 60.76 0 10 4983.95 0 9.99421 1 14152.4 9.95605 0 0 0 
236000 100 62.89 0 10 5019.48 0 9.99424 1 21404.1 15.0219 0 0 0 
237000 100 51.64 0 10 5035.28 0 9.99426 1 17307.4 12.0074 0 0 0 
238000 100 61.41 0 10 5068.75 0 9.99428 1 21957.2 15.3072 0 0 0 
239000 100 58.68 0 10 5099.63 0 9.99431 1 20923 14.4679 0 0 0 
240000 100 51.9 0 10 5133.06 0 9.99433 1 20307.6 13.9658 0 0 0 
241000 100 61.07 0 10 5175.78 0 9.99436 1 17205.5 11.8608 0 0 0 
242000 100 57.65 0 10 5201.03 0 9.99438 1 19716.9 13.5546 0 0 0 
243000 100 56.85 0 10 5237.6 0 9.9944 1 15496.7 10.5815 0 0 0 
244000 100 52.11 0 10 5261.35 0 9.99443 1 17884.7 12.0869 0 0 0 
245000 100 62.84 0 10 5293.19 0 9.99445 1 21628.5 14.6255 0 0 0 
246000 100 64.45 0 10 5327.94 0 9.99447 1 20487.1 13.9094 0 0 0 
247000 100 50.17 0 10 5362.68 0 9.99449 1 16809.8 11.297 0 0 0 
248000 100 59.01 0 10 5402.22 0 9.99452 1 22049.8 14.8925 0 0 0 
249000 100 55.36 0 10 5435.04 0 9.99454 1 23652.5 15.9613 0 0 0 
250000 100 53.92 0 10 5469.63 0 9.99456 1 22047.8 14.9566 0 0 0 