# Avida Average Deme Data
# Mon Apr  7 15:34:27 2014
#  1: Update
#  2: Count
#  3: Age
#  4: Births
#  5: Organisms
#  6: Generation
#  7: Births (at last replication)
#  8: Organisms (at last replication)
#  9: Merit
# 10: Gestation Time
# 11: Time Used (normalized by org fitness)
# 12: Generations between current and last founders
# 13: Events killed
# 14: Attempts to kill event

0 100 0 0 1 0 0 0 1 0 0 0 0 0 
1000 100 58.13 0 10 9.49 0 8.66294 1 42983.9 37.0476 0 0 0 
2000 100 73.89 0 10 19.72 0 9.33113 1 38863.8 33.5481 0 0 0 
3000 100 67.64 0 10 31.22 0 9.55402 1 40015.3 34.4729 0 0 0 
4000 100 83.01 0 10 43.72 0 9.66548 1 43926.1 37.7066 0 0 0 
5000 100 60.72 0 10 58.23 0 9.73237 1 40918.3 35.1821 0 0 0 
6000 100 69.69 0 10 71.31 0 9.77697 1 41091.7 35.3242 0 0 0 
7000 100 72.57 0 10 84.88 0 9.80883 1 46655.3 40.2466 0 0 0 
8000 100 69.67 0 10 96.96 0 9.83272 1 33823.8 29.1342 0 0 0 
9000 100 69.15 0 10 110.73 0 9.85131 1 39266 33.7943 0 0 0 
10000 100 70.54 0 10 120.78 0 9.86617 1 41741.6 36.0174 0 0 0 
11000 100 71.22 0 10 131.66 0 9.87834 1 40683.4 35.114 0 0 0 
12000 100 85.37 0 10 145.25 0 9.88848 1 37353.3 32.2471 0 0 0 
13000 100 75.41 0 10 156.1 0 9.89705 1 41760.5 36.037 0 0 0 
14000 100 69.82 0 10 166.76 0 9.90441 1 42424.2 36.6203 0 0 0 
15000 100 66.87 0 10 174.99 0 9.91078 1 40742 35.0148 0 0 0 
16000 100 76.61 0 10 182.89 0 9.91636 1 44993.7 38.6557 0 0 0 
17000 100 83.81 0 10 193.51 0 9.92128 1 39694.3 34.1709 0 0 0 
18000 100 68.31 0 10 205.14 0 9.92565 1 37533.8 32.3419 0 0 0 
19000 100 72.78 0 10 214.27 0 9.92956 1 41939 36.2571 0 0 0 
20000 100 70.23 0 10 223.34 0 9.93308 1 39309.5 34.068 0 0 0 
21000 100 65.24 0 10 231.99 0 9.93627 1 42952.8 37.3134 0 0 0 
22000 100 66.87 0 10 242.31 0 9.93917 1 44960.8 39.0993 0 0 0 
23000 100 66.12 0 10 263.88 0 9.94181 1 39133 34.0807 0 0 0 
24000 100 78.1 0 10 272.92 0 9.94424 1 42145.9 36.6344 0 0 0 
25000 100 66.26 0 10 286.56 0 9.94647 1 37392.8 32.552 0 0 0 
26000 100 74.28 0 10 293.55 0 9.94853 1 43130.5 37.6086 0 0 0 
27000 100 69.06 0 10 301.28 0 9.95043 1 38510.8 33.5447 0 0 0 
28000 100 62.59 0 10 310.59 0 9.9522 1 40904.4 35.7982 0 0 0 
29000 100 62.71 0 10 319.55 0 9.95385 1 40848.6 35.7354 0 0 0 
30000 100 73.81 0 10 330.04 0 9.95539 1 41062.8 35.9974 0 0 0 
31000 100 65.41 0 10 346.8 0 9.95683 1 38579.3 33.7997 0 0 0 
32000 100 79.31 0 10 363.83 0 9.95818 1 37644.9 32.8757 0 0 0 
33000 100 69.07 0 10 380.52 0 9.95944 1 34697.6 30.2725 0 0 0 
34000 100 70.88 0 10 398.06 0 9.96064 1 33723.8 29.472 0 0 0 
35000 100 69.45 0 10 417.76 0 9.96176 1 33303.9 29.1099 0 0 0 
36000 100 59.77 0 10 431.75 0 9.96282 1 37546.2 32.9799 0 0 0 
37000 100 66.4 0 10 450.99 0 9.96383 1 32581.4 28.9662 0 0 0 
38000 100 59.87 0 10 466.79 0 9.96478 1 39775 35.4009 0 0 0 
39000 100 70.26 0 10 481.15 0 9.96568 1 36068 32.0714 0 0 0 
40000 100 68.85 0 10 506.05 0 9.96654 1 32156.5 28.5046 0 0 0 
41000 100 70.03 0 10 519.85 0 9.96736 1 32871.4 29.0804 0 0 0 
42000 100 62.52 0 10 532.96 0 9.96813 1 37188.8 33.2675 0 0 0 
43000 100 71.58 0 10 546.8 0 9.96888 1 35676 32.058 0 0 0 
44000 100 65.61 0 10 560.58 0 9.96958 1 34231.4 30.727 0 0 0 
45000 100 75.86 0 10 573.45 0 9.97026 1 36429.8 32.6088 0 0 0 
46000 100 67.96 0 10 583.34 0 9.9709 1 33467.9 30.1845 0 0 0 
47000 100 72.24 0 10 596.93 0 9.97152 1 32420 29.3932 0 0 0 
48000 100 76.82 0 10 611.98 0 9.97212 1 37128.1 33.6881 0 0 0 
49000 100 72.24 0 10 626.45 0 9.97269 1 34343.8 31.1022 0 0 0 
50000 100 58.07 0 10 647.79 0 9.97323 1 36221.5 32.7824 0 0 0 
51000 100 67.79 0 10 666.15 0 9.97376 1 29323.5 26.5002 0 0 0 
52000 100 60.13 0 10 678.62 0 9.97426 1 35154.2 31.7998 0 0 0 
53000 100 64.8 0 10 702.05 0 9.97475 1 32232.5 29.055 0 0 0 
54000 100 60.88 0 10 717.24 0 9.97522 1 34757.6 31.185 0 0 0 
55000 100 72.56 0 10 734.09 0 9.97567 1 31897.9 28.6126 0 0 0 
56000 100 66.01 0 10 750.34 0 9.9761 1 32146.9 28.7324 0 0 0 
57000 100 65.67 0 10 759.77 0 9.97652 1 29827.7 26.6465 0 0 0 
58000 100 65.37 0 10 773.9 0 9.97692 1 31722.6 28.2389 0 0 0 
59000 100 70.92 0 10 789.11 0 9.97732 1 31353.7 27.8837 0 0 0 
60000 100 61.88 0 10 807.47 0 9.97769 1 31894.7 28.4463 0 0 0 
61000 100 62.6 0 10 824.6 0 9.97806 1 32199.8 28.7218 0 0 0 
62000 100 62.57 0 10 843.47 0 9.97841 1 27918.5 24.6269 0 0 0 
63000 100 68.2 0 10 862.92 0 9.97876 1 29370.2 25.712 0 0 0 
64000 100 56.89 0 10 900.01 0 9.97909 1 24025.8 20.9237 0 0 0 
65000 100 66.01 0 10 925.84 0 9.97941 1 23126.6 20.1588 0 0 0 
66000 100 56.42 0 10 953.4 0 9.97972 1 27398.8 23.895 0 0 0 
67000 100 67.81 0 10 974.27 0 9.98002 1 28043.3 24.3626 0 0 0 
68000 100 60.23 0 10 996.1 0 9.98032 1 26706 23.1452 0 0 0 
69000 100 59.15 0 10 1020.08 0 9.9806 1 21113.5 18.0981 0 0 0 
70000 100 56.96 0 10 1045.34 0 9.98088 1 19763.3 16.7506 0 0 0 
71000 100 68.93 0 10 1066.47 0 9.98115 1 21334.8 18.1017 0 0 0 
72000 100 58.79 0 10 1093.53 0 9.98141 1 25035.6 21.3584 0 0 0 
73000 100 65.27 0 10 1140.32 0 9.98167 1 14231.8 12.1488 0 0 0 
74000 100 62.54 0 10 1173.44 0 9.98191 1 19649.5 16.8039 0 0 0 
75000 100 41.31 0 10 1252.88 0 9.98215 1 4031.9 3.42484 0 0 0 
76000 100 48.22 0 10 1339.96 0 9.98239 1 4381.79 3.68117 0 0 0 
77000 100 39.04 0 10 1434.83 0 9.98262 1 5798.09 4.91193 0 0 0 
78000 100 41.44 0 10 1522.2 0 9.98284 1 2922.16 2.47311 0 0 0 
79000 100 38.87 0 10 1619.61 0 9.98306 1 8274.61 7.05935 0 0 0 
80000 100 32.5 0 10 1722.03 0 9.98327 1 6853.13 5.85881 0 0 0 
81000 100 37.34 0 10 1800.73 0 9.98348 1 4712.71 4.06163 0 0 0 
82000 100 44.37 0 10 1871.62 0 9.98368 1 4683.51 4.02601 0 0 0 
83000 100 35.65 0 10 1967.17 0 9.98387 1 8640.77 7.27305 0 0 0 
84000 100 40.88 0 10 2064.58 0 9.98407 1 5119.68 4.31059 0 0 0 
85000 100 40.29 0 10 2156.97 0 9.98425 1 7416.82 6.23854 0 0 0 
86000 100 42.69 0 10 2247.39 0 9.98444 1 4683.26 3.93746 0 0 0 
87000 100 33.42 0 10 2352.67 0 9.98462 1 5351.15 4.47824 0 0 0 
88000 100 31.7 0 10 2454.07 0 9.98479 1 5281.48 4.39921 0 0 0 
89000 100 46.31 0 10 2553.55 0 9.98496 1 3169.96 2.66632 0 0 0 
90000 100 49.11 0 10 2640.62 0 9.98513 1 5579.51 4.67358 0 0 0 
91000 100 38.96 0 10 2704.89 0 9.98529 1 8201.55 6.84928 0 0 0 
92000 100 36.09 0 10 2848.75 0 9.98545 1 3083.95 2.57898 0 0 0 
93000 100 32.43 0 10 2957.51 0 9.98561 1 4062.36 3.37637 0 0 0 
94000 100 39.22 0 10 3069.81 0 9.98576 1 3249.62 2.68529 0 0 0 
95000 100 28.94 0 10 3180.45 0 9.98591 1 4954.47 4.08271 0 0 0 
96000 100 33.99 0 10 3303.08 0 9.98606 1 4238.9 3.53588 0 0 0 
97000 100 40.59 0 10 3409.05 0 9.9862 1 5067.85 4.15319 0 0 0 
98000 100 35.65 0 10 3514.99 0 9.98634 1 3195.52 2.62811 0 0 0 
99000 100 34.79 0 10 3632.84 0 9.98648 1 5612.21 4.61412 0 0 0 
100000 100 40.77 0 10 3764.8 0 9.98662 1 2779.24 2.30531 0 0 0 
101000 100 34.7 0 10 3893.62 0 9.98675 1 4912.12 4.04771 0 0 0 
102000 100 30.89 0 10 3996.61 0 9.98688 1 3011.89 2.45792 0 0 0 
103000 100 35.28 0 10 4083.93 0 9.98701 1 4431.71 3.63635 0 0 0 
104000 100 29.7 0 10 4211.47 0 9.98713 1 2345.83 1.90902 0 0 0 
105000 100 31.34 0 10 4359.75 0 9.98725 1 2228.93 1.809 0 0 0 
106000 100 38.01 0 10 4493.08 0 9.98737 1 2268.81 1.85472 0 0 0 
107000 100 34.68 0 10 4615.44 0 9.98749 1 3633.9 2.9669 0 0 0 
108000 100 34.08 0 10 4739.57 0 9.98761 1 2568.4 2.07598 0 0 0 
109000 100 35.85 0 10 4869.1 0 9.98772 1 4587.34 3.69383 0 0 0 
110000 100 39.39 0 10 4968.22 0 9.98783 1 3274.5 2.64206 0 0 0 
111000 100 36.5 0 10 5071.99 0 9.98794 1 4668.15 3.82223 0 0 0 
112000 100 31.08 0 10 5199.86 0 9.98805 1 2696.72 2.20806 0 0 0 
113000 100 37.29 0 10 5316.74 0 9.98816 1 2746.2 2.23487 0 0 0 
114000 100 27.93 0 10 5432.85 0 9.98826 1 3577.42 2.89019 0 0 0 
115000 100 36.67 0 10 5555.94 0 9.98836 1 3182.72 2.63959 0 0 0 
116000 100 36.07 0 10 5687.58 0 9.98846 1 3359.15 2.83776 0 0 0 
117000 100 31.1 0 10 5839.62 0 9.98856 1 3013.48 2.54681 0 0 0 
118000 100 38.35 0 10 5950.26 0 9.98866 1 3363.37 2.89011 0 0 0 
119000 100 29.56 0 10 6081.21 0 9.98875 1 2951.76 2.55264 0 0 0 
120000 100 22.04 0 10 6234.61 0 9.98885 1 2060.33 1.78092 0 0 0 
121000 100 24.75 0 10 6372.14 0 9.98894 1 2695.64 2.34107 0 0 0 
122000 100 22.77 0 10 6543.5 0 9.98903 1 1602.39 1.39775 0 0 0 
123000 100 24.29 0 10 6737.52 0 9.98912 1 1528.66 1.34437 0 0 0 
124000 100 17.35 0 10 6964.57 0 9.98921 1 1363.34 1.19365 0 0 0 
125000 100 16.07 0 10 7204.04 0 9.98929 1 1179.37 1.04951 0 0 0 
126000 100 17.76 0 10 7440.56 0 9.98938 1 1354.93 1.22641 0 0 0 
127000 100 14.07 0 10 7667.72 0 9.98946 1 1283.39 1.1501 0 0 0 
128000 100 15.63 0 10 7925.35 0 9.98954 1 1231.89 1.1319 0 0 0 
129000 100 16.01 0 10 8212.46 0 9.98962 1 1285.73 1.17245 0 0 0 
130000 100 17.89 0 10 8481.24 0 9.9897 1 1239.3 1.13873 0 0 0 
131000 100 16.26 0 10 8750.27 0 9.98978 1 1154.37 1.04429 0 0 0 
132000 100 15.24 0 10 9022.15 0 9.98986 1 1078.26 0.978262 0 0 0 
133000 100 11.38 0 10 9324.27 0 9.98994 1 902.28 0.811597 0 0 0 
134000 100 13.38 0 10 9659.08 0 9.99001 1 989.85 0.88499 0 0 0 
135000 100 13.54 0 10 9926.68 0 9.99009 1 1046.69 0.940707 0 0 0 
136000 100 14.4 0 10 10210.9 0 9.99016 1 1214.22 1.05194 0 0 0 
137000 100 21.03 0 10 10459.4 0 9.99023 1 1501.91 1.33426 0 0 0 
138000 100 18.75 0 10 10708.7 0 9.9903 1 1789.38 1.58116 0 0 0 
139000 100 19.79 0 10 10935.9 0 9.99037 1 1370.83 1.218 0 0 0 
140000 100 18.97 0 10 11177.9 0 9.99044 1 1469.95 1.29895 0 0 0 
141000 100 15.02 0 10 11440.7 0 9.99051 1 1179.18 1.00266 0 0 0 
142000 100 17.41 0 10 11684.8 0 9.99057 1 1236.77 1.05747 0 0 0 
143000 100 14.99 0 10 11934.3 0 9.99064 1 1221.51 1.05765 0 0 0 
144000 100 19.01 0 10 12185.1 0 9.99071 1 1407.29 1.2322 0 0 0 
145000 100 14.12 0 10 12444.1 0 9.99077 1 1425.15 1.27284 0 0 0 
146000 100 11.14 0 10 12713 0 9.99083 1 1223.35 1.09621 0 0 0 
147000 100 15.4 0 10 12960.6 0 9.9909 1 1101.84 0.990896 0 0 0 
148000 100 16.4 0 10 13226.8 0 9.99096 1 1278.02 1.14562 0 0 0 
149000 100 17.05 0 10 13482.9 0 9.99102 1 1234.75 1.12068 0 0 0 
150000 100 13.74 0 10 13730.1 0 9.99108 1 1137.5 1.04483 0 0 0 
151000 100 15.24 0 10 13977.8 0 9.99114 1 1321.02 1.20817 0 0 0 
152000 100 16.7 0 10 14226.7 0 9.99119 1 1171.37 1.07379 0 0 0 
153000 100 13.46 0 10 14485.5 0 9.99125 1 1204.7 1.09409 0 0 0 
154000 100 18.75 0 10 14758 0 9.99131 1 1277.15 1.18866 0 0 0 
155000 100 15.47 0 10 15022.4 0 9.99137 1 1084.08 0.995866 0 0 0 
156000 100 15.62 0 10 15298 0 9.99142 1 985.64 0.911749 0 0 0 
157000 100 12.23 0 10 15558 0 9.99148 1 1072.24 0.985248 0 0 0 
158000 100 14.58 0 10 15799 0 9.99153 1 1166.41 1.05305 0 0 0 
159000 100 13.92 0 10 16064 0 9.99158 1 1087.88 0.979837 0 0 0 
160000 100 11.09 0 10 16396.8 0 9.99164 1 785.13 0.710072 0 0 0 
161000 100 11.13 0 10 16751 0 9.99169 1 1016.37 0.917476 0 0 0 
162000 100 13.88 0 10 17076.4 0 9.99174 1 1059.91 0.929534 0 0 0 
163000 100 14.63 0 10 17412.7 0 9.99179 1 919 0.80077 0 0 0 
164000 100 14.77 0 10 17748.4 0 9.99184 1 1166.3 1.00815 0 0 0 
165000 100 11.63 0 10 18073.2 0 9.99189 1 921.67 0.816399 0 0 0 
166000 100 13.23 0 10 18408.8 0 9.99194 1 863.48 0.737233 0 0 0 
167000 100 11.68 0 10 18774.9 0 9.99199 1 784.17 0.668641 0 0 0 
168000 100 9.25 0 10 19148.8 0 9.99203 1 772.18 0.66865 0 0 0 
169000 100 13.19 0 10 19517.2 0 9.99208 1 943.82 0.803891 0 0 0 
170000 100 12.01 0 10 19874.8 0 9.99213 1 923.9 0.79889 0 0 0 
171000 100 12.05 0 10 20211.5 0 9.99217 1 872.05 0.746359 0 0 0 
172000 100 11.92 0 10 20520.6 0 9.99222 1 939.13 0.816635 0 0 0 
173000 100 14.09 0 10 20859.2 0 9.99226 1 946.44 0.833688 0 0 0 
174000 100 12.57 0 10 21189.3 0 9.99231 1 950.48 0.845252 0 0 0 
175000 100 12.1 0 10 21507.2 0 9.99235 1 1141.76 0.99814 0 0 0 
176000 100 15.01 0 10 21867.2 0 9.9924 1 915.24 0.787256 0 0 0 
177000 100 10.7 0 10 22192.2 0 9.99244 1 1091.62 0.929746 0 0 0 
178000 100 12.99 0 10 22530.4 0 9.99248 1 891.96 0.778407 0 0 0 
179000 100 15.77 0 10 22885.8 0 9.99252 1 1043.18 0.911903 0 0 0 
180000 100 13.15 0 10 23214.5 0 9.99256 1 1051.85 0.879688 0 0 0 
181000 100 11.69 0 10 23511.5 0 9.99261 1 1074.89 0.892661 0 0 0 
182000 100 13.22 0 10 23812.5 0 9.99265 1 1139.8 0.963258 0 0 0 
183000 100 15.11 0 10 24089.7 0 9.99269 1 1147.89 0.967101 0 0 0 
184000 100 15.78 0 10 24382.4 0 9.99273 1 1250.33 1.05379 0 0 0 
185000 100 17.98 0 10 24636.9 0 9.99277 1 1541.71 1.26671 0 0 0 
186000 100 15.64 0 10 24905.2 0 9.9928 1 1007.19 0.833366 0 0 0 
187000 100 14.83 0 10 25221.9 0 9.99284 1 1208.87 0.984556 0 0 0 
188000 100 10.26 0 10 25568.5 0 9.99288 1 917.29 0.749051 0 0 0 
189000 100 9.49 0 10 25977.4 0 9.99292 1 780.72 0.624145 0 0 0 
190000 100 11.21 0 10 26366.2 0 9.99296 1 870.36 0.687701 0 0 0 
191000 100 12.06 0 10 26762.2 0 9.99299 1 823.51 0.656036 0 0 0 
192000 100 10.36 0 10 27165.1 0 9.99303 1 1042.84 0.832952 0 0 0 
193000 100 9.67 0 10 27548.4 0 9.99307 1 816.34 0.644133 0 0 0 
194000 100 11.24 0 10 27935.7 0 9.9931 1 863.39 0.665105 0 0 0 
195000 100 10.25 0 10 28322.6 0 9.99314 1 964.89 0.758505 0 0 0 
196000 100 10.67 0 10 28698.2 0 9.99317 1 799.15 0.630218 0 0 0 
197000 100 11.47 0 10 29052.8 0 9.99321 1 693.22 0.541119 0 0 0 
198000 100 9.24 0 10 29466.2 0 9.99324 1 756.69 0.582113 0 0 0 
199000 100 10.87 0 10 29864.8 0 9.99327 1 896.03 0.699319 0 0 0 
200000 100 9.55 0 10 30260.9 0 9.99331 1 894.44 0.680418 0 0 0 
201000 100 10.15 0 10 30667 0 9.99334 1 720 0.549289 0 0 0 
202000 100 9.88 0 10 31052.5 0 9.99337 1 869.53 0.647779 0 0 0 
203000 100 10.87 0 10 31440.4 0 9.99341 1 790.11 0.590584 0 0 0 
204000 100 11.16 0 10 31802.7 0 9.99344 1 839.84 0.612322 0 0 0 
205000 100 11.52 0 10 32213.4 0 9.99347 1 911 0.658575 0 0 0 
206000 100 10.52 0 10 32647.3 0 9.9935 1 808.14 0.571548 0 0 0 
207000 100 10.67 0 10 33047.2 0 9.99353 1 852.82 0.602682 0 0 0 
208000 100 10.03 0 10 33458.3 0 9.99357 1 772.4 0.537779 0 0 0 
209000 100 11.08 0 10 33813.9 0 9.9936 1 953.51 0.666866 0 0 0 
210000 100 13.52 0 10 34186 0 9.99363 1 1001.79 0.684724 0 0 0 
211000 100 10.11 0 10 34534.5 0 9.99366 1 949.8 0.656936 0 0 0 
212000 100 11.96 0 10 34906.8 0 9.99369 1 922.06 0.649171 0 0 0 
213000 100 8.19 0 10 35296.3 0 9.99372 1 802.79 0.564222 0 0 0 
214000 100 10.42 0 10 35666.6 0 9.99375 1 918.44 0.642215 0 0 0 
215000 100 8.52 0 10 36033.8 0 9.99377 1 848.9 0.601943 0 0 0 
216000 100 9.48 0 10 36442.9 0 9.9938 1 712.56 0.482535 0 0 0 
217000 100 11.81 0 10 36851.5 0 9.99383 1 932.22 0.619265 0 0 0 
218000 100 13.89 0 10 37224.4 0 9.99386 1 986.68 0.643982 0 0 0 
219000 100 13.78 0 10 37551.8 0 9.99389 1 1078.89 0.698747 0 0 0 
220000 100 10.48 0 10 37915.1 0 9.99392 1 1030.57 0.668275 0 0 0 
221000 100 9.15 0 10 38273.2 0 9.99394 1 891.01 0.589695 0 0 0 
222000 100 9.8 0 10 38628.7 0 9.99397 1 733 0.49418 0 0 0 
223000 100 9.59 0 10 39012.5 0 9.994 1 691.16 0.47026 0 0 0 
224000 100 12.64 0 10 39392.3 0 9.99403 1 897.43 0.618465 0 0 0 
225000 100 11.67 0 10 39770.3 0 9.99405 1 1043.32 0.717602 0 0 0 
226000 100 11.73 0 10 40140.6 0 9.99408 1 830.47 0.583783 0 0 0 
227000 100 10.7 0 10 40512.5 0 9.9941 1 901.7 0.633328 0 0 0 
228000 100 11.77 0 10 40841.6 0 9.99413 1 1078.92 0.76093 0 0 0 
229000 100 11.17 0 10 41169.2 0 9.99416 1 850.19 0.59016 0 0 0 
230000 100 9.88 0 10 41490.8 0 9.99418 1 883.8 0.607881 0 0 0 
231000 100 12.29 0 10 41802.3 0 9.99421 1 976.78 0.67778 0 0 0 
232000 100 11.88 0 10 42131.2 0 9.99423 1 903.91 0.625367 0 0 0 
233000 100 10.89 0 10 42502.7 0 9.99426 1 887.22 0.616354 0 0 0 
234000 100 10.99 0 10 42856.1 0 9.99428 1 817.5 0.570392 0 0 0 
235000 100 11.74 0 10 43201 0 9.9943 1 927.24 0.641688 0 0 0 
236000 100 13.46 0 10 43564.8 0 9.99433 1 933.51 0.656612 0 0 0 
237000 100 11.87 0 10 43906.2 0 9.99435 1 859.49 0.588337 0 0 0 
238000 100 11.3 0 10 44230.2 0 9.99438 1 990.84 0.674245 0 0 0 
239000 100 13.83 0 10 44600.5 0 9.9944 1 842.18 0.568428 0 0 0 
240000 100 12.06 0 10 44938.2 0 9.99442 1 1111.27 0.733445 0 0 0 
241000 100 13.04 0 10 45302 0 9.99445 1 979.92 0.646476 0 0 0 
242000 100 10.11 0 10 45646.6 0 9.99447 1 902.19 0.606895 0 0 0 
243000 100 11.54 0 10 45943.8 0 9.99449 1 906.02 0.602259 0 0 0 
244000 100 14.3 0 10 46237.1 0 9.99451 1 1058.26 0.691206 0 0 0 
245000 100 13.26 0 10 46555.6 0 9.99454 1 1148.93 0.74842 0 0 0 
246000 100 11.95 0 10 46926.2 0 9.99456 1 998.76 0.660817 0 0 0 
247000 100 11.36 0 10 47216.9 0 9.99458 1 892.84 0.587548 0 0 0 
248000 100 13.18 0 10 47545.1 0 9.9946 1 978.93 0.634706 0 0 0 
249000 100 13.43 0 10 47860.9 0 9.99462 1 949.48 0.606985 0 0 0 
250000 100 12.29 0 10 48187.9 0 9.99465 1 1043.08 0.674108 0 0 0 