# Avida Average Deme Data
# Mon Apr  7 03:08:49 2014
#  1: Update
#  2: Count
#  3: Age
#  4: Births
#  5: Organisms
#  6: Generation
#  7: Births (at last replication)
#  8: Organisms (at last replication)
#  9: Merit
# 10: Gestation Time
# 11: Time Used (normalized by org fitness)
# 12: Generations between current and last founders
# 13: Events killed
# 14: Attempts to kill event

0 100 0 0 1 0 0 0 1 0 0 0 0 0 
1000 100 69.22 0 10 8.3 0 8.64136 1 39986.8 34.5066 0 0 0 
2000 100 73.96 0 10 18.22 0 9.32034 1 36972.6 31.9188 0 0 0 
3000 100 75.96 0 10 27.98 0 9.54682 1 41803.5 36.0971 0 0 0 
4000 100 69.22 0 10 38.33 0 9.66008 1 44393.8 38.2614 0 0 0 
5000 100 65.34 0 10 49.8 0 9.72805 1 41080 35.4436 0 0 0 
6000 100 70.31 0 10 62.81 0 9.77337 1 41146.3 35.367 0 0 0 
7000 100 70 0 10 78.41 0 9.80574 1 41070.8 35.2656 0 0 0 
8000 100 76.03 0 10 90 0 9.83002 1 42648.6 36.5336 0 0 0 
9000 100 64.46 0 10 99.37 0 9.84891 1 42220.7 36.2297 0 0 0 
10000 100 72.19 0 10 111.15 0 9.86401 1 40461.7 34.6913 0 0 0 
11000 100 62.13 0 10 123.72 0 9.87637 1 39363.5 33.7264 0 0 0 
12000 100 62.92 0 10 136 0 9.88668 1 38253 32.7091 0 0 0 
13000 100 64.52 0 10 147.02 0 9.89539 1 40626.2 34.6129 0 0 0 
14000 100 74.22 0 10 154.49 0 9.90286 1 43845.2 37.329 0 0 0 
15000 100 81.52 0 10 165.69 0 9.90934 1 44959.2 38.4222 0 0 0 
16000 100 81.27 0 10 177.81 0 9.91501 1 40361.1 34.4151 0 0 0 
17000 100 64.04 0 10 186.02 0 9.92 1 36995.9 31.5178 0 0 0 
18000 100 64.44 0 10 201.17 0 9.92445 1 38884.8 33.0862 0 0 0 
19000 100 63.9 0 10 218.72 0 9.92842 1 40040.9 33.8473 0 0 0 
20000 100 66.5 0 10 237.96 0 9.932 1 34067.6 28.7796 0 0 0 
21000 100 57.44 0 10 253.42 0 9.93524 1 41561.6 35.1094 0 0 0 
22000 100 79.99 0 10 267.04 0 9.93818 1 36442.2 30.7073 0 0 0 
23000 100 71.86 0 10 277.22 0 9.94087 1 36267.6 30.6092 0 0 0 
24000 100 71.5 0 10 289.37 0 9.94334 1 38876.2 32.775 0 0 0 
25000 100 59.87 0 10 303.02 0 9.9456 1 31178 26.0903 0 0 0 
26000 100 66.88 0 10 314.63 0 9.94769 1 34207.8 28.5408 0 0 0 
27000 100 59.02 0 10 331.71 0 9.94963 1 37312.6 31.1389 0 0 0 
28000 100 67.26 0 10 350.66 0 9.95143 1 36186.4 30.1216 0 0 0 
29000 100 61.7 0 10 367 0 9.95311 1 31720 26.388 0 0 0 
30000 100 63.97 0 10 389.55 0 9.95467 1 26690.8 22.1447 0 0 0 
31000 100 60.79 0 10 418.21 0 9.95613 1 28287.4 23.4422 0 0 0 
32000 100 68.3 0 10 445.04 0 9.9575 1 27929.1 23.2967 0 0 0 
33000 100 63.78 0 10 468.19 0 9.95879 1 26316.7 21.9991 0 0 0 
34000 100 61.91 0 10 497.19 0 9.96 1 26066.8 21.7899 0 0 0 
35000 100 70.57 0 10 522.64 0 9.96114 1 29966.7 25.008 0 0 0 
36000 100 59.66 0 10 544.27 0 9.96222 1 29041.1 24.0333 0 0 0 
37000 100 67.61 0 10 570.36 0 9.96324 1 27685.7 22.8485 0 0 0 
38000 100 63.63 0 10 582.45 0 9.96421 1 26667 22.1367 0 0 0 
39000 100 58.54 0 10 608.7 0 9.96513 1 26556.5 22.1281 0 0 0 
40000 100 69.23 0 10 632.12 0 9.966 1 28439.4 23.6648 0 0 0 
41000 100 65.04 0 10 656.29 0 9.96683 1 28085.9 23.2726 0 0 0 
42000 100 56.24 0 10 681.17 0 9.96762 1 30978.5 25.5165 0 0 0 
43000 100 54.04 0 10 703.91 0 9.96837 1 30543.1 25.1612 0 0 0 
44000 100 59.3 0 10 720.83 0 9.96909 1 24815.3 20.6372 0 0 0 
45000 100 60.16 0 10 739.24 0 9.96978 1 28131.7 23.2841 0 0 0 
46000 100 70.94 0 10 771.71 0 9.97044 1 27867.5 23.1478 0 0 0 
47000 100 68.13 0 10 768.84 0 9.97106 1 26822.1 22.3982 0 0 0 
48000 100 74.59 0 10 794.13 0 9.97167 1 29982.7 25.1003 0 0 0 
49000 100 51.61 0 10 804.5 0 9.97225 1 27878.6 23.4925 0 0 0 
50000 100 67.08 0 10 820.1 0 9.9728 1 27699.7 23.2734 0 0 0 
51000 100 63.47 0 10 836.4 0 9.97333 1 27088.7 22.7672 0 0 0 
52000 100 58.95 0 10 854.76 0 9.97385 1 31837.8 26.7345 0 0 0 
53000 100 69.49 0 10 879.31 0 9.97434 1 32189.9 26.893 0 0 0 
54000 100 58.42 0 10 908.44 0 9.97482 1 28670.9 23.7455 0 0 0 
55000 100 57.89 0 10 933.31 0 9.97527 1 31714.8 26.2221 0 0 0 
56000 100 71.15 0 10 951.39 0 9.97571 1 26851.8 22.1962 0 0 0 
57000 100 57.32 0 10 963.23 0 9.97614 1 23021.6 19.1362 0 0 0 
58000 100 63.97 0 10 981.4 0 9.97655 1 24514.8 20.2417 0 0 0 
59000 100 54.58 0 10 997.06 0 9.97695 1 31238.2 25.7247 0 0 0 
60000 100 65.05 0 10 1010.02 0 9.97733 1 31827.8 26.5743 0 0 0 
61000 100 64.56 0 10 1025.91 0 9.97771 1 28198.2 23.5164 0 0 0 
62000 100 69.63 0 10 1047.82 0 9.97806 1 27433.5 23.0034 0 0 0 
63000 100 70.79 0 10 1074.9 0 9.97841 1 26503.8 22.5138 0 0 0 
64000 100 58.47 0 10 1101.37 0 9.97875 1 26549.4 22.4968 0 0 0 
65000 100 59.22 0 10 1123.63 0 9.97908 1 29466.8 25.1415 0 0 0 
66000 100 68.59 0 10 1148.15 0 9.97939 1 23861.8 20.3661 0 0 0 
67000 100 64.86 0 10 1160.42 0 9.9797 1 25991.8 22.1449 0 0 0 
68000 100 57.14 0 10 1177.62 0 9.98 1 25126.3 21.3372 0 0 0 
69000 100 52.15 0 10 1200.76 0 9.98029 1 26572.6 22.4622 0 0 0 
70000 100 54.7 0 10 1223.22 0 9.98057 1 29676.1 25.1554 0 0 0 
71000 100 65.71 0 10 1243.51 0 9.98085 1 23821.2 20.0968 0 0 0 
72000 100 51.94 0 10 1267.02 0 9.98111 1 28776.1 24.1823 0 0 0 
73000 100 67.29 0 10 1282.74 0 9.98137 1 28584.7 24.1617 0 0 0 
74000 100 60.17 0 10 1300.02 0 9.98162 1 24667.5 20.792 0 0 0 
75000 100 64.55 0 10 1320.37 0 9.98187 1 32036.5 26.9766 0 0 0 
76000 100 59.69 0 10 1338.64 0 9.98211 1 36435.4 30.3236 0 0 0 
77000 100 70.64 0 10 1371.35 0 9.98234 1 27074.7 22.353 0 0 0 
78000 100 61.72 0 10 1398.49 0 9.98256 1 29983.6 24.9038 0 0 0 
79000 100 64.1 0 10 1426.24 0 9.98279 1 30328.7 25.2893 0 0 0 
80000 100 57.87 0 10 1449.22 0 9.983 1 28249.2 23.4884 0 0 0 
81000 100 71.44 0 10 1466.93 0 9.98321 1 25452.5 21.3039 0 0 0 
82000 100 63.35 0 10 1489.78 0 9.98341 1 29204.2 24.2596 0 0 0 
83000 100 66.8 0 10 1509.25 0 9.98361 1 23391.8 19.4283 0 0 0 
84000 100 70.71 0 10 1529.59 0 9.98381 1 24614.8 20.3612 0 0 0 
85000 100 63.35 0 10 1550.32 0 9.984 1 28339.6 23.4207 0 0 0 
86000 100 57.17 0 10 1572.42 0 9.98419 1 25690 21.2503 0 0 0 
87000 100 63.62 0 10 1597.48 0 9.98437 1 34333.9 28.2606 0 0 0 
88000 100 58.42 0 10 1617.49 0 9.98455 1 30095.5 24.7756 0 0 0 
89000 100 63.14 0 10 1639.38 0 9.98472 1 28996 23.887 0 0 0 
90000 100 65.95 0 10 1653.39 0 9.98489 1 32322.1 26.6213 0 0 0 
91000 100 59.31 0 10 1674.28 0 9.98506 1 28859.1 23.6835 0 0 0 
92000 100 56.12 0 10 1698.43 0 9.98522 1 32438.6 26.6958 0 0 0 
93000 100 79.02 0 10 1718.19 0 9.98538 1 33396.7 27.6615 0 0 0 
94000 100 70.83 0 10 1738.32 0 9.98553 1 30517.1 25.2783 0 0 0 
95000 100 56.61 0 10 1754.31 0 9.98568 1 27031.9 22.2877 0 0 0 
96000 100 57.71 0 10 1770.95 0 9.98583 1 23137.1 19.1567 0 0 0 
97000 100 67.83 0 10 1776.42 0 9.98598 1 27023.7 22.4922 0 0 0 
98000 100 65.71 0 10 1794.56 0 9.98612 1 28546 23.918 0 0 0 
99000 100 69.71 0 10 1810.99 0 9.98626 1 26865 22.5127 0 0 0 
100000 100 63.22 0 10 1830.45 0 9.9864 1 28412 23.8287 0 0 0 
101000 100 58.5 0 10 1849.35 0 9.98653 1 31859.2 26.7324 0 0 0 
102000 100 64.51 0 10 1864.88 0 9.98667 1 30242.4 25.4324 0 0 0 
103000 100 67.34 0 10 1888.4 0 9.9868 1 28125.8 23.6518 0 0 0 
104000 100 71.53 0 10 1897.17 0 9.98692 1 32635.9 27.4828 0 0 0 
105000 100 64.14 0 10 1921.35 0 9.98705 1 26430 22.359 0 0 0 
106000 100 54.24 0 10 1932 0 9.98717 1 28460.8 24.118 0 0 0 
107000 100 64.25 0 10 1957.79 0 9.98729 1 29718.3 25.0797 0 0 0 
108000 100 64.31 0 10 1978.34 0 9.98741 1 24493.2 20.636 0 0 0 
109000 100 59.31 0 10 1998.89 0 9.98752 1 33556.4 28.3339 0 0 0 
110000 100 76.92 0 10 2013.43 0 9.98764 1 31990.6 26.9882 0 0 0 
111000 100 67.16 0 10 2035.5 0 9.98775 1 31260.7 26.4175 0 0 0 
112000 100 68.22 0 10 2056.16 0 9.98786 1 27323.7 22.8575 0 0 0 
113000 100 66.26 0 10 2072.97 0 9.98796 1 27723.8 23.0389 0 0 0 
114000 100 72.53 0 10 2089.14 0 9.98807 1 27270.7 22.6578 0 0 0 
115000 100 63.33 0 10 2104.45 0 9.98817 1 26010.6 21.7144 0 0 0 
116000 100 67.35 0 10 2125.75 0 9.98828 1 25659 21.5531 0 0 0 
117000 100 62.31 0 10 2146.71 0 9.98838 1 28889.8 24.3635 0 0 0 
118000 100 70.14 0 10 2161.68 0 9.98847 1 26676.6 22.4449 0 0 0 
119000 100 49.94 0 10 2186.69 0 9.98857 1 27513.5 23.1826 0 0 0 
120000 100 52.9 0 10 2213.97 0 9.98867 1 31463.2 26.5846 0 0 0 
121000 100 65.42 0 10 2235.95 0 9.98876 1 29110.9 24.4789 0 0 0 
122000 100 65.48 0 10 2253.14 0 9.98885 1 29167.3 24.6313 0 0 0 
123000 100 61.89 0 10 2268.2 0 9.98894 1 26352.1 22.3322 0 0 0 
124000 100 63.82 0 10 2290.32 0 9.98903 1 29162.2 24.6709 0 0 0 
125000 100 62.94 0 10 2310.34 0 9.98912 1 25251.3 21.3174 0 0 0 
126000 100 56.64 0 10 2331.53 0 9.98921 1 26856 22.5015 0 0 0 
127000 100 60.61 0 10 2349.46 0 9.98929 1 29641.9 24.8143 0 0 0 
128000 100 62.99 0 10 2371.42 0 9.98938 1 29747.3 24.9542 0 0 0 
129000 100 62.96 0 10 2392.05 0 9.98946 1 29909.9 25.1137 0 0 0 
130000 100 64.26 0 10 2415.3 0 9.98954 1 26244.5 22.056 0 0 0 
131000 100 73.52 0 10 2444.94 0 9.98962 1 24537.1 20.6534 0 0 0 
132000 100 68.15 0 10 2467.36 0 9.9897 1 27834 23.5142 0 0 0 
133000 100 56.78 0 10 2490.54 0 9.98977 1 25931.1 21.7357 0 0 0 
134000 100 67.33 0 10 2510.62 0 9.98985 1 24316.8 20.4211 0 0 0 
135000 100 57.92 0 10 2531.1 0 9.98993 1 25623.3 21.0892 0 0 0 
136000 100 68.34 0 10 2554.5 0 9.99 1 31635.6 26.0415 0 0 0 
137000 100 57.26 0 10 2575.15 0 9.99007 1 29764.3 24.4849 0 0 0 
138000 100 66.89 0 10 2596.57 0 9.99014 1 23621.4 19.473 0 0 0 
139000 100 68.57 0 10 2621.33 0 9.99022 1 30210 24.9613 0 0 0 
140000 100 67.99 0 10 2651.91 0 9.99029 1 27646.5 22.7827 0 0 0 
141000 100 66.43 0 10 2673.3 0 9.99035 1 28820.5 23.4703 0 0 0 
142000 100 64.61 0 10 2691.37 0 9.99042 1 28528.1 23.2329 0 0 0 
143000 100 65.26 0 10 2709.44 0 9.99049 1 19461.5 15.8483 0 0 0 
144000 100 58.74 0 10 2731.7 0 9.99056 1 24063.6 19.5613 0 0 0 
145000 100 64.95 0 10 2749.84 0 9.99062 1 25192.2 20.4485 0 0 0 
146000 100 57.67 0 10 2768.4 0 9.99068 1 34575.7 28.0898 0 0 0 
147000 100 67.48 0 10 2788.65 0 9.99075 1 27563 22.3836 0 0 0 
148000 100 66.62 0 10 2805.66 0 9.99081 1 28848.5 23.5384 0 0 0 
149000 100 60.02 0 10 2825.5 0 9.99087 1 29097.9 23.7776 0 0 0 
150000 100 63.08 0 10 2849.96 0 9.99093 1 31448.4 25.6798 0 0 0 
151000 100 59.83 0 10 2865.03 0 9.99099 1 29048 23.7184 0 0 0 
152000 100 57.7 0 10 2893.49 0 9.99105 1 29097.2 23.811 0 0 0 
153000 100 52.12 0 10 2916.66 0 9.99111 1 24765.8 20.2022 0 0 0 
154000 100 68.13 0 10 2934.44 0 9.99117 1 31869.4 25.8043 0 0 0 
155000 100 61.73 0 10 2966.71 0 9.99123 1 27554 22.2633 0 0 0 
156000 100 74.73 0 10 2988.18 0 9.99128 1 29817.7 24.0504 0 0 0 
157000 100 67.38 0 10 3007.57 0 9.99134 1 25200 20.3573 0 0 0 
158000 100 67.13 0 10 3025.8 0 9.99139 1 26182.4 21.078 0 0 0 
159000 100 62.14 0 10 3044.72 0 9.99145 1 25408.2 20.608 0 0 0 
160000 100 64.24 0 10 3065.95 0 9.9915 1 31006.2 25.2609 0 0 0 
161000 100 60.22 0 10 3088.61 0 9.99155 1 27488.4 22.4587 0 0 0 
162000 100 63.19 0 10 3110.83 0 9.9916 1 27480.4 22.5008 0 0 0 
163000 100 59.72 0 10 3134.36 0 9.99166 1 30432.6 24.8037 0 0 0 
164000 100 65.91 0 10 3161.01 0 9.99171 1 29672.5 24.1898 0 0 0 
165000 100 57.32 0 10 3183.49 0 9.99176 1 31939.7 26.252 0 0 0 
166000 100 66.59 0 10 3205.54 0 9.99181 1 23292.8 19.1972 0 0 0 
167000 100 61.18 0 10 3229.24 0 9.99186 1 23644.9 19.5101 0 0 0 
168000 100 58.3 0 10 3258.42 0 9.9919 1 24281.9 19.9598 0 0 0 
169000 100 61.12 0 10 3272.31 0 9.99195 1 24184.4 19.9279 0 0 0 
170000 100 64.45 0 10 3287.2 0 9.992 1 23579.5 19.4032 0 0 0 
171000 100 61.88 0 10 3312.41 0 9.99205 1 27363.6 22.5543 0 0 0 
172000 100 69.79 0 10 3331.98 0 9.99209 1 25002.7 20.5665 0 0 0 
173000 100 70.48 0 10 3349.74 0 9.99214 1 25608.6 20.9788 0 0 0 
174000 100 61.75 0 10 3359.83 0 9.99218 1 23432.8 19.1523 0 0 0 
175000 100 59.32 0 10 3367.62 0 9.99223 1 24163.5 19.745 0 0 0 
176000 100 75.45 0 10 3385.02 0 9.99227 1 27803 22.6731 0 0 0 
177000 100 60.38 0 10 3411.28 0 9.99232 1 24236.7 19.64 0 0 0 
178000 100 71.44 0 10 3438.96 0 9.99236 1 27421.1 22.1099 0 0 0 
179000 100 68.21 0 10 3465.57 0 9.9924 1 31182.5 25.0787 0 0 0 
180000 100 60.51 0 10 3486.62 0 9.99244 1 27265.8 22.0318 0 0 0 
181000 100 64.56 0 10 3492.8 0 9.99249 1 24660 20.0372 0 0 0 
182000 100 59.02 0 10 3511.92 0 9.99253 1 17245.1 13.9685 0 0 0 
183000 100 44.47 0 10 3563.21 0 9.99257 1 15874.5 12.8611 0 0 0 
184000 100 58.52 0 10 3600.21 0 9.99261 1 15869.8 12.7714 0 0 0 
185000 100 49.06 0 10 3627.94 0 9.99265 1 16064.2 13.0477 0 0 0 
186000 100 60.57 0 10 3659.26 0 9.99269 1 15241.7 12.3817 0 0 0 
187000 100 54.23 0 10 3696.9 0 9.99273 1 15834.1 12.7942 0 0 0 
188000 100 59.35 0 10 3731.12 0 9.99277 1 16667.9 13.422 0 0 0 
189000 100 59.69 0 10 3767.32 0 9.9928 1 16279.6 13.0012 0 0 0 
190000 100 51.61 0 10 3798.56 0 9.99284 1 18787.7 15.0115 0 0 0 
191000 100 63.07 0 10 3825.87 0 9.99288 1 16616.5 13.2885 0 0 0 
192000 100 50.57 0 10 3860.39 0 9.99292 1 16807.7 13.4268 0 0 0 
193000 100 46 0 10 3900.16 0 9.99295 1 17203.8 13.6911 0 0 0 
194000 100 48.83 0 10 3942.45 0 9.99299 1 17580.7 13.8508 0 0 0 
195000 100 52.46 0 10 3982.45 0 9.99303 1 14588.2 11.428 0 0 0 
196000 100 62.36 0 10 4017.89 0 9.99306 1 16716.2 13.0678 0 0 0 
197000 100 53.16 0 10 4057.19 0 9.9931 1 19592 15.2786 0 0 0 
198000 100 52.88 0 10 4093.57 0 9.99313 1 15449.6 12.0766 0 0 0 
199000 100 55.93 0 10 4116.12 0 9.99317 1 19413.1 15.2707 0 0 0 
200000 100 47.25 0 10 4149.12 0 9.9932 1 20245.1 16.0181 0 0 0 
201000 100 54.17 0 10 4169.64 0 9.99323 1 12769.3 10.1867 0 0 0 
202000 100 56.53 0 10 4214.27 0 9.99327 1 20696.7 16.4819 0 0 0 
203000 100 64.14 0 10 4246.94 0 9.9933 1 21112.8 16.7151 0 0 0 
204000 100 60.4 0 10 4286.71 0 9.99333 1 16729.7 13.3488 0 0 0 
205000 100 65.26 0 10 4325.89 0 9.99337 1 15493.7 12.2389 0 0 0 
206000 100 50.17 0 10 4360.09 0 9.9934 1 21904.7 17.1753 0 0 0 
207000 100 61.65 0 10 4395.65 0 9.99343 1 16930.8 13.4107 0 0 0 
208000 100 62.2 0 10 4428.12 0 9.99346 1 18761.1 14.8229 0 0 0 
209000 100 52.18 0 10 4461.76 0 9.99349 1 16494.1 13.1617 0 0 0 
210000 100 50.82 0 10 4501.53 0 9.99352 1 24391.6 19.473 0 0 0 
211000 100 52.83 0 10 4528.37 0 9.99355 1 15776.1 12.654 0 0 0 
212000 100 55.17 0 10 4570.35 0 9.99358 1 22925.1 18.4129 0 0 0 
213000 100 55.41 0 10 4590.87 0 9.99362 1 21892.2 17.6563 0 0 0 
214000 100 61.13 0 10 4612.53 0 9.99364 1 20008.3 16.0669 0 0 0 
215000 100 63.97 0 10 4653.53 0 9.99367 1 22607.4 18.0753 0 0 0 
216000 100 52.3 0 10 4697.59 0 9.9937 1 16213.4 12.9474 0 0 0 
217000 100 57.82 0 10 4730.68 0 9.99373 1 17756.9 14.1883 0 0 0 
218000 100 60.24 0 10 4760.86 0 9.99376 1 16888.3 13.4846 0 0 0 
219000 100 56.42 0 10 4795.08 0 9.99379 1 24571.8 19.617 0 0 0 
220000 100 63.82 0 10 4827.41 0 9.99382 1 19111.5 15.2944 0 0 0 
221000 100 56.7 0 10 4863.11 0 9.99385 1 20474.4 16.3147 0 0 0 
222000 100 61.06 0 10 4893.68 0 9.99387 1 16928 13.4955 0 0 0 
223000 100 50.55 0 10 4933.53 0 9.9939 1 19302.2 15.3648 0 0 0 
224000 100 60.19 0 10 4966.28 0 9.99393 1 17376.8 13.8848 0 0 0 
225000 100 51.36 0 10 5006.42 0 9.99396 1 18259.9 14.5922 0 0 0 
226000 100 53.63 0 10 5041.09 0 9.99398 1 15524.9 12.3269 0 0 0 
227000 100 62.49 0 10 5067.15 0 9.99401 1 16752.3 13.2964 0 0 0 
228000 100 56.85 0 10 5120.24 0 9.99404 1 14795.5 11.6996 0 0 0 
229000 100 51.82 0 10 5173.77 0 9.99406 1 14809.8 11.7679 0 0 0 
230000 100 59.04 0 10 5225.02 0 9.99409 1 17491.2 13.881 0 0 0 
231000 100 52.3 0 10 5261.38 0 9.99411 1 21804.6 17.2533 0 0 0 
232000 100 50.76 0 10 5303.85 0 9.99414 1 15692.2 12.471 0 0 0 
233000 100 54.37 0 10 5336.44 0 9.99416 1 20246.9 16.1149 0 0 0 
234000 100 59.49 0 10 5364.37 0 9.99419 1 17134.4 13.6918 0 0 0 
235000 100 60.21 0 10 5402.49 0 9.99421 1 17141.7 13.8537 0 0 0 
236000 100 67.61 0 10 5433.49 0 9.99424 1 18845.2 15.1677 0 0 0 
237000 100 57.85 0 10 5470.68 0 9.99426 1 17917.1 14.4561 0 0 0 
238000 100 58.93 0 10 5504.07 0 9.99429 1 18517.8 14.8221 0 0 0 
239000 100 61.23 0 10 5532.16 0 9.99431 1 18978.3 15.3824 0 0 0 
240000 100 53.47 0 10 5567.03 0 9.99433 1 16927.8 13.6369 0 0 0 
241000 100 54.94 0 10 5609.37 0 9.99436 1 15948.6 12.921 0 0 0 
242000 100 63.69 0 10 5646.6 0 9.99438 1 20381.4 16.5583 0 0 0 
243000 100 56.55 0 10 5675.56 0 9.9944 1 18101.2 14.6328 0 0 0 
244000 100 54.39 0 10 5738.72 0 9.99443 1 15905.4 13.0853 0 0 0 
245000 100 59.14 0 10 5763.78 0 9.99445 1 21370.3 17.6316 0 0 0 
246000 100 54.88 0 10 5789.46 0 9.99447 1 17939.7 14.7782 0 0 0 
247000 100 46.72 0 10 5821.78 0 9.99449 1 19895.2 16.4656 0 0 0 
248000 100 47.14 0 10 5851.7 0 9.99452 1 16283.7 13.409 0 0 0 
249000 100 58.97 0 10 5880.64 0 9.99454 1 14101.4 11.6164 0 0 0 
250000 100 50.73 0 10 5914.56 0 9.99456 1 19256 15.9603 0 0 0 