# Avida Average Deme Data
# Sun Apr  6 23:34:00 2014
#  1: Update
#  2: Count
#  3: Age
#  4: Births
#  5: Organisms
#  6: Generation
#  7: Births (at last replication)
#  8: Organisms (at last replication)
#  9: Merit
# 10: Gestation Time
# 11: Time Used (normalized by org fitness)
# 12: Generations between current and last founders
# 13: Events killed
# 14: Attempts to kill event

0 100 0 0 1 0 0 0 1 0 0 0 0 0 
1000 100 66.96 0 10 9.32 0 8.7016 1 39797.5 34.283 0 0 0 
2000 100 72.05 0 10 21.1 0 9.35047 1 36977.3 31.9378 0 0 0 
3000 100 72.93 0 10 30.67 0 9.56691 1 36199.6 31.3309 0 0 0 
4000 100 73.21 0 10 40.94 0 9.67516 1 40520.1 35.042 0 0 0 
5000 100 67.68 0 10 52.04 0 9.74011 1 40969.3 35.3965 0 0 0 
6000 100 69.26 0 10 60.97 0 9.78342 1 42492.4 36.8702 0 0 0 
7000 100 79.52 0 10 67.24 0 9.81436 1 42643.2 37.0681 0 0 0 
8000 100 71.28 0 10 77.21 0 9.83756 1 41410 36.1271 0 0 0 
9000 100 78.82 0 10 87.64 0 9.8556 1 39560.2 34.2581 0 0 0 
10000 100 65.23 0 10 99.22 0 9.87004 1 36734 32.0036 0 0 0 
11000 100 64.02 0 10 109.69 0 9.88186 1 35512.3 30.8576 0 0 0 
12000 100 76.13 0 10 120.4 0 9.8917 1 36195.2 30.9007 0 0 0 
13000 100 78.86 0 10 140.65 0 9.90003 1 36763.7 30.6882 0 0 0 
14000 100 63.72 0 10 152.84 0 9.90717 1 35763.7 29.6272 0 0 0 
15000 100 66.53 0 10 169.46 0 9.91336 1 34950.5 28.7074 0 0 0 
16000 100 68.64 0 10 191.8 0 9.91877 1 41296.1 34.048 0 0 0 
17000 100 62.37 0 10 207.58 0 9.92355 1 35448.3 29.1785 0 0 0 
18000 100 65.4 0 10 223.57 0 9.9278 1 35450.8 29.1685 0 0 0 
19000 100 65.61 0 10 234.24 0 9.9316 1 36125.8 29.8913 0 0 0 
20000 100 60.39 0 10 247.1 0 9.93502 1 33591.2 27.9115 0 0 0 
21000 100 64.72 0 10 260.09 0 9.93811 1 34203.8 28.5891 0 0 0 
22000 100 83.55 0 10 280.64 0 9.94093 1 33008.2 27.7266 0 0 0 
23000 100 78.18 0 10 299.16 0 9.94349 1 31253.6 26.3105 0 0 0 
24000 100 70.12 0 10 310.43 0 9.94585 1 34123.7 28.8596 0 0 0 
25000 100 64.33 0 10 320.02 0 9.94801 1 35205.5 29.8136 0 0 0 
26000 100 60.09 0 10 331.96 0 9.95001 1 37150.2 31.3577 0 0 0 
27000 100 61.65 0 10 351.9 0 9.95186 1 34645.3 29.3697 0 0 0 
28000 100 75.33 0 10 361.49 0 9.95358 1 34951.1 29.4372 0 0 0 
29000 100 74.45 0 10 375.87 0 9.95518 1 35087.1 29.4473 0 0 0 
30000 100 59.63 0 10 386.05 0 9.95668 1 36772.1 30.8141 0 0 0 
31000 100 72.2 0 10 398.18 0 9.95808 1 35582.5 29.6058 0 0 0 
32000 100 65.4 0 10 411.31 0 9.95939 1 32320.7 26.8284 0 0 0 
33000 100 74.97 0 10 421.92 0 9.96062 1 36125.6 30.0188 0 0 0 
34000 100 67.06 0 10 432.85 0 9.96177 1 33724.7 28.1812 0 0 0 
35000 100 77.63 0 10 444.37 0 9.96287 1 37550.5 31.3477 0 0 0 
36000 100 73.17 0 10 450.55 0 9.9639 1 35434.1 29.5709 0 0 0 
37000 100 79.03 0 10 461.96 0 9.96487 1 39339.8 32.9235 0 0 0 
38000 100 74.53 0 10 473.26 0 9.9658 1 37082.4 31.306 0 0 0 
39000 100 76.91 0 10 485.88 0 9.96668 1 42511.5 36.14 0 0 0 
40000 100 73.23 0 10 497.19 0 9.96751 1 37540.9 32.0742 0 0 0 
41000 100 81.57 0 10 511.25 0 9.9683 1 36217.5 31.0986 0 0 0 
42000 100 57.24 0 10 523.57 0 9.96906 1 36821.7 31.7921 0 0 0 
43000 100 65.06 0 10 542.06 0 9.96978 1 33720.8 29.1732 0 0 0 
44000 100 66.15 0 10 556.34 0 9.97046 1 33649.2 29.2261 0 0 0 
45000 100 73.07 0 10 577.7 0 9.97112 1 31385 27.1769 0 0 0 
46000 100 68.99 0 10 596.9 0 9.97175 1 31631.9 27.4309 0 0 0 
47000 100 68.1 0 10 622.7 0 9.97235 1 32705.9 28.2886 0 0 0 
48000 100 64.96 0 10 640.12 0 9.97292 1 28487.2 24.7096 0 0 0 
49000 100 71.98 0 10 655.8 0 9.97348 1 34057.6 29.5466 0 0 0 
50000 100 69.69 0 10 675.59 0 9.97401 1 30273.7 26.1762 0 0 0 
51000 100 64.09 0 10 689.86 0 9.97452 1 32015.4 27.9025 0 0 0 
52000 100 51.97 0 10 701.79 0 9.97501 1 34046.9 29.6047 0 0 0 
53000 100 60.81 0 10 721.79 0 9.97548 1 25438.3 22.3127 0 0 0 
54000 100 71.73 0 10 744.8 0 9.97593 1 31095.4 26.9456 0 0 0 
55000 100 72.34 0 10 760.07 0 9.97637 1 30308.6 26.2627 0 0 0 
56000 100 59.66 0 10 776.8 0 9.97679 1 30989.7 26.7776 0 0 0 
57000 100 61 0 10 800.6 0 9.9772 1 31275.1 26.9388 0 0 0 
58000 100 61.35 0 10 818.85 0 9.97759 1 29119.8 24.9668 0 0 0 
59000 100 69.18 0 10 835.49 0 9.97797 1 29108 25.0473 0 0 0 
60000 100 61.88 0 10 863.02 0 9.97834 1 29001.9 24.7403 0 0 0 
61000 100 58.76 0 10 891.36 0 9.97869 1 23723.9 20.1801 0 0 0 
62000 100 59.95 0 10 919.76 0 9.97904 1 23769.3 20.5007 0 0 0 
63000 100 58.13 0 10 949.85 0 9.97937 1 24742.2 21.2962 0 0 0 
64000 100 60.23 0 10 972.72 0 9.97969 1 26133.8 22.4757 0 0 0 
65000 100 54.4 0 10 1007.44 0 9.98 1 20997.8 18.0042 0 0 0 
66000 100 60.2 0 10 1044.69 0 9.98031 1 24075.3 20.4745 0 0 0 
67000 100 63.62 0 10 1082.61 0 9.9806 1 19234.5 16.2148 0 0 0 
68000 100 56.31 0 10 1115.64 0 9.98089 1 24963.7 21.0419 0 0 0 
69000 100 60.16 0 10 1149.25 0 9.98116 1 20092.2 16.9596 0 0 0 
70000 100 58.77 0 10 1174.28 0 9.98143 1 21705 18.5301 0 0 0 
71000 100 62.54 0 10 1198.04 0 9.98169 1 20046.2 16.8936 0 0 0 
72000 100 61.5 0 10 1223.79 0 9.98195 1 22947.4 19.2619 0 0 0 
73000 100 58.32 0 10 1253.42 0 9.9822 1 25288.4 21.2265 0 0 0 
74000 100 60.86 0 10 1292.37 0 9.98244 1 18047.3 15.1095 0 0 0 
75000 100 54.91 0 10 1364.34 0 9.98267 1 12237.8 10.2169 0 0 0 
76000 100 46.9 0 10 1435.23 0 9.9829 1 10863.3 9.18281 0 0 0 
77000 100 43.94 0 10 1519.18 0 9.98312 1 6784.23 5.75325 0 0 0 
78000 100 48.05 0 10 1571.49 0 9.98334 1 7459.41 6.28691 0 0 0 
79000 100 45.6 0 10 1651.44 0 9.98355 1 8458.68 7.18763 0 0 0 
80000 100 45.59 0 10 1736.18 0 9.98375 1 6670.56 5.63275 0 0 0 
81000 100 52.08 0 10 1830.58 0 9.98395 1 5055.38 4.21528 0 0 0 
82000 100 47.08 0 10 1931.67 0 9.98415 1 5952.28 4.95079 0 0 0 
83000 100 47.1 0 10 2034.85 0 9.98434 1 4537.78 3.8043 0 0 0 
84000 100 40.97 0 10 2139.25 0 9.98453 1 8054.55 6.79031 0 0 0 
85000 100 44.66 0 10 2228.55 0 9.98471 1 8352.26 7.13797 0 0 0 
86000 100 44.75 0 10 2294.26 0 9.98489 1 3256.62 2.79324 0 0 0 
87000 100 44.12 0 10 2384.11 0 9.98506 1 5482.39 4.72497 0 0 0 
88000 100 46.61 0 10 2479.26 0 9.98523 1 5616.13 4.9534 0 0 0 
89000 100 41.17 0 10 2571.27 0 9.9854 1 5574.44 4.90112 0 0 0 
90000 100 45.94 0 10 2647.46 0 9.98556 1 7837.39 6.96495 0 0 0 
91000 100 41.55 0 10 2708.48 0 9.98572 1 5008.5 4.46968 0 0 0 
92000 100 44.36 0 10 2793.07 0 9.98587 1 7527.96 6.64551 0 0 0 
93000 100 35.94 0 10 2886.3 0 9.98602 1 7758.46 6.80765 0 0 0 
94000 100 35.25 0 10 2986.95 0 9.98617 1 4051.96 3.51092 0 0 0 
95000 100 56.51 0 10 3085.63 0 9.98632 1 6890.9 5.99977 0 0 0 
96000 100 54.28 0 10 3136.39 0 9.98646 1 11600.4 10.2302 0 0 0 
97000 100 34.21 0 10 3208.02 0 9.9866 1 3041.39 2.60301 0 0 0 
98000 100 31.93 0 10 3308.01 0 9.98674 1 3783.83 3.21858 0 0 0 
99000 100 36.11 0 10 3442.69 0 9.98687 1 2597.89 2.19729 0 0 0 
100000 100 39.89 0 10 3526.81 0 9.987 1 6089.42 5.17322 0 0 0 
101000 100 51.01 0 10 3629.01 0 9.98713 1 4172.17 3.44128 0 0 0 
102000 100 39.81 0 10 3735.43 0 9.98726 1 6688.98 5.44438 0 0 0 
103000 100 30.17 0 10 3833.09 0 9.98738 1 4991.92 4.0519 0 0 0 
104000 100 32.21 0 10 3942.64 0 9.9875 1 5064.62 4.10963 0 0 0 
105000 100 39.03 0 10 4060.66 0 9.98762 1 4591.99 3.72381 0 0 0 
106000 100 36.71 0 10 4181.7 0 9.98774 1 4412.56 3.61671 0 0 0 
107000 100 27.24 0 10 4332.26 0 9.98785 1 3675.42 2.98631 0 0 0 
108000 100 30.07 0 10 4451.28 0 9.98797 1 4677.84 3.7811 0 0 0 
109000 100 37.65 0 10 4569.72 0 9.98808 1 2861.78 2.33767 0 0 0 
110000 100 32.95 0 10 4691.63 0 9.98818 1 3607.2 2.98936 0 0 0 
111000 100 31.72 0 10 4807.61 0 9.98829 1 4908.61 4.04305 0 0 0 
112000 100 38.89 0 10 4923.92 0 9.9884 1 3846.89 3.20311 0 0 0 
113000 100 29.29 0 10 5051.11 0 9.9885 1 4611.99 3.85723 0 0 0 
114000 100 35.3 0 10 5173.03 0 9.9886 1 2560.14 2.12838 0 0 0 
115000 100 30.12 0 10 5298.93 0 9.9887 1 3283.37 2.71323 0 0 0 
116000 100 31.94 0 10 5418.13 0 9.9888 1 3139.58 2.58158 0 0 0 
117000 100 31.48 0 10 5551.08 0 9.98889 1 3606.48 2.95513 0 0 0 
118000 100 36.09 0 10 5678.51 0 9.98899 1 3884.44 3.17237 0 0 0 
119000 100 29.73 0 10 5810.51 0 9.98908 1 4523.8 3.70663 0 0 0 
120000 100 33.75 0 10 5946.28 0 9.98917 1 3307.6 2.7131 0 0 0 
121000 100 28.44 0 10 6080.75 0 9.98926 1 2755.68 2.21676 0 0 0 
122000 100 31.57 0 10 6200.75 0 9.98935 1 2752.35 2.19557 0 0 0 
123000 100 36.24 0 10 6327.32 0 9.98943 1 2997.8 2.40834 0 0 0 
124000 100 41.07 0 10 6484.63 0 9.98952 1 2975.04 2.39818 0 0 0 
125000 100 24.99 0 10 6618.1 0 9.9896 1 3913.09 3.13715 0 0 0 
126000 100 28.13 0 10 6753.4 0 9.98969 1 2052.43 1.6421 0 0 0 
127000 100 31.43 0 10 6857.21 0 9.98977 1 4155.85 3.34662 0 0 0 
128000 100 33.84 0 10 6972.31 0 9.98985 1 5488.29 4.45255 0 0 0 
129000 100 30.59 0 10 7095.38 0 9.98992 1 2097.16 1.71175 0 0 0 
130000 100 28.01 0 10 7238.18 0 9.99 1 3707.94 3.03265 0 0 0 
131000 100 35.44 0 10 7395.51 0 9.99008 1 3519.62 2.90967 0 0 0 
132000 100 24.97 0 10 7522.93 0 9.99015 1 2252.92 1.8699 0 0 0 
133000 100 26.63 0 10 7671.57 0 9.99023 1 2487.38 2.06689 0 0 0 
134000 100 26.59 0 10 7811.08 0 9.9903 1 3063.81 2.51322 0 0 0 
135000 100 35.24 0 10 7952.6 0 9.99037 1 4212.33 3.46333 0 0 0 
136000 100 22.92 0 10 8103.8 0 9.99044 1 2132.39 1.75966 0 0 0 
137000 100 26.86 0 10 8258.63 0 9.99051 1 2803.55 2.30926 0 0 0 
138000 100 28.02 0 10 8416.25 0 9.99058 1 2189.88 1.77794 0 0 0 
139000 100 26.5 0 10 8571.63 0 9.99065 1 1982.49 1.60798 0 0 0 
140000 100 30.92 0 10 8716.19 0 9.99072 1 2257.93 1.84465 0 0 0 
141000 100 29.5 0 10 8870.15 0 9.99078 1 3609.24 2.90999 0 0 0 
142000 100 24.69 0 10 9019.46 0 9.99085 1 1840.85 1.47846 0 0 0 
143000 100 26.65 0 10 9158.83 0 9.99091 1 2303.63 1.84277 0 0 0 
144000 100 23.72 0 10 9299.09 0 9.99097 1 3210.14 2.58344 0 0 0 
145000 100 24.02 0 10 9448.28 0 9.99104 1 2062.11 1.64261 0 0 0 
146000 100 37.14 0 10 9576.08 0 9.9911 1 2428.54 1.91393 0 0 0 
147000 100 31.82 0 10 9665.42 0 9.99116 1 2272 1.79678 0 0 0 
148000 100 29.42 0 10 9776.68 0 9.99122 1 2619.4 2.07125 0 0 0 
149000 100 44.17 0 10 9882.1 0 9.99128 1 6546.48 5.1228 0 0 0 
150000 100 27.69 0 10 10045.2 0 9.99134 1 2285.45 1.7633 0 0 0 
151000 100 37.57 0 10 10155.4 0 9.99139 1 3108.45 2.41353 0 0 0 
152000 100 20.9 0 10 10307.2 0 9.99145 1 3042.68 2.35618 0 0 0 
153000 100 23.46 0 10 10451.4 0 9.99151 1 4834.29 3.6961 0 0 0 
154000 100 28.78 0 10 10656.8 0 9.99156 1 1693.63 1.30263 0 0 0 
155000 100 31.35 0 10 10810.4 0 9.99161 1 2723.11 2.08153 0 0 0 
156000 100 27.05 0 10 10949.1 0 9.99167 1 1875.34 1.43107 0 0 0 
157000 100 25.68 0 10 11116.1 0 9.99172 1 3018.79 2.30312 0 0 0 
158000 100 22.37 0 10 11304.1 0 9.99177 1 1700.22 1.29797 0 0 0 
159000 100 29.07 0 10 11460.7 0 9.99183 1 1903.89 1.45351 0 0 0 
160000 100 28 0 10 11623 0 9.99188 1 1960.07 1.49028 0 0 0 
161000 100 36.61 0 10 11783.1 0 9.99193 1 2980.32 2.23936 0 0 0 
162000 100 28.07 0 10 11935.7 0 9.99198 1 2362.53 1.7893 0 0 0 
163000 100 20.57 0 10 12151.5 0 9.99203 1 1877.26 1.39416 0 0 0 
164000 100 31.1 0 10 12297.4 0 9.99208 1 3167.82 2.35419 0 0 0 
165000 100 26 0 10 12445.4 0 9.99212 1 2625.29 1.90978 0 0 0 
166000 100 29.63 0 10 12607 0 9.99217 1 2812.48 2.04206 0 0 0 
167000 100 38.36 0 10 12722.6 0 9.99222 1 3338.63 2.42831 0 0 0 
168000 100 30.17 0 10 12860 0 9.99226 1 5953.01 4.30706 0 0 0 
169000 100 29.89 0 10 13022.2 0 9.99231 1 2831.75 2.07567 0 0 0 
170000 100 31.57 0 10 13173.2 0 9.99235 1 1783.98 1.30213 0 0 0 
171000 100 26.85 0 10 13336.5 0 9.9924 1 2142.72 1.57704 0 0 0 
172000 100 28.27 0 10 13444.5 0 9.99244 1 2296.98 1.71446 0 0 0 
173000 100 32.67 0 10 13593.5 0 9.99249 1 2798.38 2.09796 0 0 0 
174000 100 31.16 0 10 13745.6 0 9.99253 1 2040.96 1.52843 0 0 0 
175000 100 31.94 0 10 13905.9 0 9.99257 1 3306.78 2.48979 0 0 0 
176000 100 23.91 0 10 14042.3 0 9.99262 1 2781.22 2.10327 0 0 0 
177000 100 29.17 0 10 14198.7 0 9.99266 1 2996.46 2.2862 0 0 0 
178000 100 35.83 0 10 14321.7 0 9.9927 1 3650.53 2.76589 0 0 0 
179000 100 31.95 0 10 14426.3 0 9.99274 1 3859.09 2.9455 0 0 0 
180000 100 35.31 0 10 14554.4 0 9.99278 1 2248.64 1.72239 0 0 0 
181000 100 30.38 0 10 14717.3 0 9.99282 1 3411.57 2.63352 0 0 0 
182000 100 28.52 0 10 14879.4 0 9.99286 1 1999.88 1.55133 0 0 0 
183000 100 25.73 0 10 15049.7 0 9.9929 1 2271.27 1.75373 0 0 0 
184000 100 33.23 0 10 15194.9 0 9.99294 1 2762.17 2.11794 0 0 0 
185000 100 31.95 0 10 15337.2 0 9.99297 1 2176.84 1.67625 0 0 0 
186000 100 32.67 0 10 15489.5 0 9.99301 1 3301.94 2.54656 0 0 0 
187000 100 36.59 0 10 15633.4 0 9.99305 1 2172.96 1.6756 0 0 0 
188000 100 24.94 0 10 15789.3 0 9.99309 1 4341.7 3.30228 0 0 0 
189000 100 39.09 0 10 15916.7 0 9.99312 1 3981.65 3.01271 0 0 0 
190000 100 32.66 0 10 16036.4 0 9.99316 1 2164.48 1.64046 0 0 0 
191000 100 33.36 0 10 16157.6 0 9.9932 1 2911.7 2.2081 0 0 0 
192000 100 42.32 0 10 16301.4 0 9.99323 1 1988.02 1.50724 0 0 0 
193000 100 38.91 0 10 16438.6 0 9.99327 1 4126.86 3.13289 0 0 0 
194000 100 33.36 0 10 16567.9 0 9.9933 1 3602.53 2.70573 0 0 0 
195000 100 37.09 0 10 16716.4 0 9.99333 1 2319.8 1.7432 0 0 0 
196000 100 27.84 0 10 16876.8 0 9.99337 1 2360.14 1.77893 0 0 0 
197000 100 22 0 10 17045.2 0 9.9934 1 1776.83 1.34608 0 0 0 
198000 100 28.63 0 10 17202.3 0 9.99344 1 3126.24 2.34723 0 0 0 
199000 100 26.36 0 10 17383.8 0 9.99347 1 1991.59 1.48672 0 0 0 
200000 100 29.4 0 10 17534.2 0 9.9935 1 2030.12 1.5027 0 0 0 
201000 100 28.95 0 10 17661.4 0 9.99353 1 2119.79 1.55222 0 0 0 
202000 100 25.27 0 10 17813.8 0 9.99357 1 2252.62 1.65447 0 0 0 
203000 100 33.17 0 10 17951 0 9.9936 1 2633.32 1.93427 0 0 0 
204000 100 28.68 0 10 18119.9 0 9.99363 1 2261.35 1.67073 0 0 0 
205000 100 33.51 0 10 18279.2 0 9.99366 1 3125.6 2.30529 0 0 0 
206000 100 31.52 0 10 18422.2 0 9.99369 1 2179.56 1.59232 0 0 0 
207000 100 27.12 0 10 18558.1 0 9.99372 1 2465.28 1.81544 0 0 0 
208000 100 28.06 0 10 18726.3 0 9.99375 1 2027.35 1.49873 0 0 0 
209000 100 29.17 0 10 18889.7 0 9.99378 1 2037.57 1.50284 0 0 0 
210000 100 26.22 0 10 19037.2 0 9.99381 1 3029.7 2.22908 0 0 0 
211000 100 28.71 0 10 19174.2 0 9.99384 1 2412.19 1.77274 0 0 0 
212000 100 28.27 0 10 19315.5 0 9.99387 1 2038.24 1.48739 0 0 0 
213000 100 28.09 0 10 19457.9 0 9.9939 1 2544.9 1.8115 0 0 0 
214000 100 25.81 0 10 19615.8 0 9.99393 1 2559.65 1.76914 0 0 0 
215000 100 29.64 0 10 19774.2 0 9.99395 1 2034.3 1.41567 0 0 0 
216000 100 26.26 0 10 19913.6 0 9.99398 1 3204.3 2.20538 0 0 0 
217000 100 26.65 0 10 20044.2 0 9.99401 1 2924.38 2.02133 0 0 0 
218000 100 30.19 0 10 20192.1 0 9.99404 1 2405.95 1.65957 0 0 0 
219000 100 26.71 0 10 20344.5 0 9.99407 1 3205.69 2.18009 0 0 0 
220000 100 30.84 0 10 20508.8 0 9.99409 1 2208.15 1.51496 0 0 0 
221000 100 28.81 0 10 20653.1 0 9.99412 1 3459.01 2.36906 0 0 0 
222000 100 26.59 0 10 20827.4 0 9.99415 1 2384.38 1.6315 0 0 0 
223000 100 24.48 0 10 20986.3 0 9.99417 1 3181.9 2.19074 0 0 0 
224000 100 28.03 0 10 21132.8 0 9.9942 1 2536.4 1.73196 0 0 0 
225000 100 21.54 0 10 21282.7 0 9.99422 1 3302.17 2.24541 0 0 0 
226000 100 26.78 0 10 21427.8 0 9.99425 1 3488.6 2.36979 0 0 0 
227000 100 27.93 0 10 21569 0 9.99427 1 2154.19 1.4564 0 0 0 
228000 100 28.09 0 10 21720.9 0 9.9943 1 3790.91 2.55983 0 0 0 
229000 100 21.66 0 10 21860.7 0 9.99432 1 2253.03 1.53546 0 0 0 
230000 100 28.01 0 10 22006.5 0 9.99435 1 3328.49 2.23544 0 0 0 
231000 100 35.11 0 10 22153.4 0 9.99437 1 2691.82 1.79585 0 0 0 
232000 100 32.08 0 10 22301.4 0 9.9944 1 3490.69 2.32201 0 0 0 
233000 100 36.64 0 10 22452.2 0 9.99442 1 3545.64 2.34174 0 0 0 
234000 100 31.26 0 10 22604.8 0 9.99445 1 2560.9 1.69679 0 0 0 
235000 100 32.75 0 10 22746.9 0 9.99447 1 2177.34 1.4206 0 0 0 
236000 100 29.55 0 10 22868.9 0 9.99449 1 2284.86 1.47805 0 0 0 
237000 100 29.81 0 10 23008.2 0 9.99452 1 2369.26 1.52566 0 0 0 
238000 100 26.24 0 10 23148.3 0 9.99454 1 2541.97 1.63248 0 0 0 
239000 100 25.99 0 10 23281.3 0 9.99456 1 2597.17 1.65573 0 0 0 
240000 100 28.52 0 10 23414.6 0 9.99458 1 3679.11 2.34506 0 0 0 
241000 100 31.8 0 10 23532.9 0 9.99461 1 3129.14 1.99437 0 0 0 
242000 100 29.73 0 10 23653.8 0 9.99463 1 2970.09 1.8726 0 0 0 
243000 100 34.82 0 10 23791.4 0 9.99465 1 2089.92 1.30657 0 0 0 
244000 100 35.24 0 10 23915.9 0 9.99467 1 2936.06 1.83633 0 0 0 
245000 100 32.58 0 10 24020 0 9.9947 1 2485.92 1.55559 0 0 0 
246000 100 30.06 0 10 24156.1 0 9.99472 1 2983.09 1.86742 0 0 0 
247000 100 28.52 0 10 24329.7 0 9.99474 1 2382.61 1.45712 0 0 0 
248000 100 26.55 0 10 24473.5 0 9.99476 1 5163.6 3.14942 0 0 0 
249000 100 33.19 0 10 24623.9 0 9.99478 1 3095.05 1.87912 0 0 0 
250000 100 23.9 0 10 24784.3 0 9.9948 1 1534.05 0.928089 0 0 0 