# Avida Average Deme Data
# Sun Apr  6 23:28:36 2014
#  1: Update
#  2: Count
#  3: Age
#  4: Births
#  5: Organisms
#  6: Generation
#  7: Births (at last replication)
#  8: Organisms (at last replication)
#  9: Merit
# 10: Gestation Time
# 11: Time Used (normalized by org fitness)
# 12: Generations between current and last founders
# 13: Events killed
# 14: Attempts to kill event

0 100 0 0 1 0 0 0 1 0 0 0 0 0 
1000 100 79.21 0 10 9.8 0 8.62877 1 42095.4 36.2611 0 0 0 
2000 100 64.16 0 10 19.61 0 9.31404 1 40416.2 34.8285 0 0 0 
3000 100 79.75 0 10 31.29 0 9.54262 1 36791.6 31.5972 0 0 0 
4000 100 72.11 0 10 43.93 0 9.65694 1 39620.9 34.0015 0 0 0 
5000 100 64.81 0 10 56.39 0 9.72553 1 38343.2 32.9239 0 0 0 
6000 100 82.02 0 10 68.84 0 9.77127 1 40427.9 34.8035 0 0 0 
7000 100 79.77 0 10 82.35 0 9.80394 1 31502.9 27.0949 0 0 0 
8000 100 69.55 0 10 95.71 0 9.82845 1 38570.5 33.2521 0 0 0 
9000 100 69.12 0 10 109.44 0 9.84751 1 39963.3 34.4322 0 0 0 
10000 100 76.2 0 10 118.77 0 9.86275 1 36795.9 31.6715 0 0 0 
11000 100 73.5 0 10 133.57 0 9.87523 1 37616.8 32.2313 0 0 0 
12000 100 69.42 0 10 148.92 0 9.88563 1 36713.3 31.5933 0 0 0 
13000 100 75.72 0 10 166.44 0 9.89442 1 35306.1 30.5396 0 0 0 
14000 100 66.36 0 10 187.04 0 9.90196 1 34234.4 29.6964 0 0 0 
15000 100 76.94 0 10 198.81 0 9.9085 1 38286.6 33.3269 0 0 0 
16000 100 66.66 0 10 208.79 0 9.91422 1 37614.3 32.6877 0 0 0 
17000 100 74.85 0 10 224.54 0 9.91926 1 38667 33.6062 0 0 0 
18000 100 76.24 0 10 241.41 0 9.92375 1 38810.8 33.7907 0 0 0 
19000 100 63.35 0 10 243.87 0 9.92776 1 36471 31.7097 0 0 0 
20000 100 54.89 0 10 254.53 0 9.93137 1 38488.7 33.5419 0 0 0 
21000 100 65.41 0 10 272.23 0 9.93464 1 35883.1 31.0674 0 0 0 
22000 100 62.31 0 10 290.82 0 9.93761 1 35039.4 29.922 0 0 0 
23000 100 69.57 0 10 296.76 0 9.94032 1 31652.4 26.8988 0 0 0 
24000 100 65.11 0 10 295.6 0 9.94281 1 33240.4 28.3231 0 0 0 
25000 100 66.16 0 10 305.67 0 9.9451 1 38403.6 32.6898 0 0 0 
26000 100 65.42 0 10 319.08 0 9.94721 1 37822.3 32.1334 0 0 0 
27000 100 67.52 0 10 340.06 0 9.94916 1 35533.4 30.0069 0 0 0 
28000 100 67.91 0 10 360.19 0 9.95098 1 31155.6 26.2848 0 0 0 
29000 100 64.07 0 10 372.18 0 9.95267 1 36296.2 30.5931 0 0 0 
30000 100 70.93 0 10 381.75 0 9.95425 1 36953.4 31.0769 0 0 0 
31000 100 64.26 0 10 395.47 0 9.95572 1 38025.6 31.8421 0 0 0 
32000 100 70.92 0 10 407.84 0 9.95711 1 39285.3 32.7312 0 0 0 
33000 100 75.02 0 10 419.25 0 9.95841 1 35791 29.6563 0 0 0 
34000 100 65.36 0 10 434.75 0 9.95963 1 32678.7 27.1224 0 0 0 
35000 100 67.83 0 10 451.65 0 9.96078 1 32530.2 26.9067 0 0 0 
36000 100 69.82 0 10 474.44 0 9.96187 1 27267.1 22.4097 0 0 0 
37000 100 57.92 0 10 499.97 0 9.9629 1 30162.4 24.8082 0 0 0 
38000 100 61.52 0 10 522.67 0 9.96388 1 26031.5 21.5469 0 0 0 
39000 100 75.21 0 10 540.98 0 9.96481 1 29235.7 24.0397 0 0 0 
40000 100 73.97 0 10 559.42 0 9.96569 1 23462.9 19.3686 0 0 0 
41000 100 70.09 0 10 581.16 0 9.96652 1 32109.4 26.8613 0 0 0 
42000 100 59.99 0 10 599.37 0 9.96732 1 26972.7 22.6738 0 0 0 
43000 100 70.05 0 10 610.53 0 9.96808 1 30654.7 26.3164 0 0 0 
44000 100 65.47 0 10 631.63 0 9.96881 1 30405.9 26.2886 0 0 0 
45000 100 60.09 0 10 644.12 0 9.9695 1 29113.9 25.3138 0 0 0 
46000 100 69.15 0 10 659.71 0 9.97016 1 29149.5 25.5205 0 0 0 
47000 100 64.23 0 10 681.04 0 9.9708 1 35372.8 30.997 0 0 0 
48000 100 61.87 0 10 693.32 0 9.9714 1 28605.5 24.9919 0 0 0 
49000 100 65.99 0 10 710.57 0 9.97199 1 32312.5 28.3004 0 0 0 
50000 100 69.52 0 10 726.56 0 9.97255 1 30505.4 26.7783 0 0 0 
51000 100 67.96 0 10 743.94 0 9.97309 1 34279.6 29.9233 0 0 0 
52000 100 68.37 0 10 764.91 0 9.9736 1 35505.8 30.7213 0 0 0 
53000 100 65.44 0 10 786.18 0 9.9741 1 29571.5 25.5444 0 0 0 
54000 100 69.62 0 10 803.59 0 9.97458 1 30930.6 26.7443 0 0 0 
55000 100 71.92 0 10 821.85 0 9.97504 1 28746 24.8628 0 0 0 
56000 100 70.13 0 10 841.66 0 9.97549 1 31240.9 27.0545 0 0 0 
57000 100 66.47 0 10 866.7 0 9.97592 1 31599.3 27.4398 0 0 0 
58000 100 62.29 0 10 891.37 0 9.97633 1 28523.5 24.7849 0 0 0 
59000 100 69.65 0 10 913.33 0 9.97674 1 27584 23.9379 0 0 0 
60000 100 71.5 0 10 927.24 0 9.97712 1 33073.4 28.6919 0 0 0 
61000 100 67.17 0 10 942.97 0 9.9775 1 28963.7 25.1675 0 0 0 
62000 100 60.55 0 10 956.94 0 9.97786 1 29254 25.3909 0 0 0 
63000 100 63.82 0 10 978.03 0 9.97821 1 31925.8 27.6593 0 0 0 
64000 100 74.97 0 10 994.41 0 9.97855 1 30869.5 26.9012 0 0 0 
65000 100 76.48 0 10 1011 0 9.97888 1 34904.6 30.5337 0 0 0 
66000 100 64.36 0 10 1028.63 0 9.9792 1 24333.3 21.2406 0 0 0 
67000 100 59.13 0 10 1046.16 0 9.97951 1 33398.9 29.0927 0 0 0 
68000 100 60.72 0 10 1068.92 0 9.97982 1 22840.4 19.89 0 0 0 
69000 100 67.73 0 10 1088.64 0 9.98011 1 33522.7 29.2336 0 0 0 
70000 100 64.35 0 10 1108.52 0 9.98039 1 29710 25.9871 0 0 0 
71000 100 76.86 0 10 1123.37 0 9.98067 1 30250 26.3459 0 0 0 
72000 100 58.41 0 10 1148.45 0 9.98094 1 29353.7 25.5829 0 0 0 
73000 100 63.09 0 10 1172.41 0 9.9812 1 29927.8 25.9562 0 0 0 
74000 100 73.85 0 10 1191.09 0 9.98145 1 31065.2 26.9709 0 0 0 
75000 100 63.89 0 10 1210.24 0 9.9817 1 27950.1 24.1967 0 0 0 
76000 100 71.76 0 10 1238.68 0 9.98194 1 26082.2 22.6171 0 0 0 
77000 100 70.48 0 10 1252.7 0 9.98217 1 33427.5 28.8962 0 0 0 
78000 100 62.04 0 10 1270.93 0 9.9824 1 29890.6 25.7119 0 0 0 
79000 100 60.7 0 10 1285.69 0 9.98263 1 27935.6 24.023 0 0 0 
80000 100 61.73 0 10 1306.25 0 9.98284 1 25887.2 22.4195 0 0 0 
81000 100 67.27 0 10 1325.62 0 9.98305 1 25014 21.607 0 0 0 
82000 100 61.55 0 10 1338.35 0 9.98326 1 27946.9 23.9206 0 0 0 
83000 100 62.63 0 10 1362.01 0 9.98346 1 28200.5 24.3413 0 0 0 
84000 100 70.09 0 10 1382.92 0 9.98366 1 28073.1 24.2588 0 0 0 
85000 100 62.15 0 10 1397.04 0 9.98385 1 30078.9 25.823 0 0 0 
86000 100 70.04 0 10 1414.5 0 9.98404 1 32957.2 28.2816 0 0 0 
87000 100 72.2 0 10 1435.47 0 9.98422 1 29241 25.0172 0 0 0 
88000 100 63.99 0 10 1454.36 0 9.9844 1 30295.3 25.9211 0 0 0 
89000 100 65.84 0 10 1474.48 0 9.98458 1 28344 24.1506 0 0 0 
90000 100 68.36 0 10 1489.59 0 9.98475 1 26656.7 22.6873 0 0 0 
91000 100 76.22 0 10 1505.94 0 9.98492 1 29681.8 25.1671 0 0 0 
92000 100 71.63 0 10 1530.84 0 9.98508 1 31426.7 26.5973 0 0 0 
93000 100 56.6 0 10 1542.33 0 9.98524 1 31538.2 26.752 0 0 0 
94000 100 65.91 0 10 1551.02 0 9.9854 1 28706.8 24.3774 0 0 0 
95000 100 72.87 0 10 1583.22 0 9.98555 1 30021 25.3682 0 0 0 
96000 100 64.27 0 10 1613.99 0 9.9857 1 31201.4 26.3311 0 0 0 
97000 100 59.63 0 10 1640.48 0 9.98585 1 27244.2 23.0907 0 0 0 
98000 100 68.95 0 10 1660.89 0 9.98599 1 35928.3 30.4823 0 0 0 
99000 100 73.18 0 10 1677.87 0 9.98614 1 28939 24.5605 0 0 0 
100000 100 69.82 0 10 1687.35 0 9.98627 1 30338.2 25.8576 0 0 0 
101000 100 54.88 0 10 1707.37 0 9.98641 1 35744.1 30.583 0 0 0 
102000 100 74.94 0 10 1720.4 0 9.98654 1 29437.1 25.1737 0 0 0 
103000 100 69.63 0 10 1738.17 0 9.98667 1 28941.7 24.7634 0 0 0 
104000 100 68.51 0 10 1750.82 0 9.9868 1 31165.5 26.5431 0 0 0 
105000 100 67.64 0 10 1779.37 0 9.98693 1 30524.5 26.1076 0 0 0 
106000 100 64.55 0 10 1804.14 0 9.98705 1 31238.5 26.7013 0 0 0 
107000 100 69.63 0 10 1819.06 0 9.98717 1 28861.9 24.7737 0 0 0 
108000 100 61.95 0 10 1821.55 0 9.98729 1 37322.1 31.9199 0 0 0 
109000 100 57.79 0 10 1826.44 0 9.98741 1 31133 26.4925 0 0 0 
110000 100 59.44 0 10 1848.46 0 9.98752 1 32097.7 27.3533 0 0 0 
111000 100 56.04 0 10 1880.24 0 9.98763 1 29973.3 25.5792 0 0 0 
112000 100 70.86 0 10 1889.59 0 9.98774 1 31727 27.1261 0 0 0 
113000 100 69.24 0 10 1923.82 0 9.98785 1 29245.7 24.9838 0 0 0 
114000 100 68.46 0 10 1955.24 0 9.98796 1 29092.4 24.985 0 0 0 
115000 100 61.98 0 10 1945.83 0 9.98806 1 32030.4 27.6015 0 0 0 
116000 100 59.07 0 10 1958.12 0 9.98817 1 33681.3 29.0293 0 0 0 
117000 100 63.83 0 10 1981.29 0 9.98827 1 24630.9 21.2091 0 0 0 
118000 100 61.05 0 10 2042.64 0 9.98837 1 19199.8 16.4868 0 0 0 
119000 100 57.15 0 10 2089.57 0 9.98847 1 23489.3 20.1386 0 0 0 
120000 100 57.52 0 10 2123.61 0 9.98856 1 20856.2 17.8668 0 0 0 
121000 100 68.01 0 10 2157.23 0 9.98866 1 23138.5 19.7336 0 0 0 
122000 100 57.19 0 10 2205.15 0 9.98875 1 19167.4 16.2058 0 0 0 
123000 100 55.26 0 10 2220.06 0 9.98884 1 18471.9 15.5481 0 0 0 
124000 100 51.69 0 10 2262.59 0 9.98893 1 20511.7 17.1431 0 0 0 
125000 100 63.51 0 10 2311.31 0 9.98902 1 19130.1 15.9301 0 0 0 
126000 100 65.23 0 10 2372.9 0 9.98911 1 16437 13.4738 0 0 0 
127000 100 51.37 0 10 2429.44 0 9.98919 1 12900.1 10.5473 0 0 0 
128000 100 55.74 0 10 2489.24 0 9.98928 1 10669.2 8.67294 0 0 0 
129000 100 46.28 0 10 2554.41 0 9.98936 1 14180.3 11.515 0 0 0 
130000 100 55.49 0 10 2584.58 0 9.98944 1 17507 14.3498 0 0 0 
131000 100 60.44 0 10 2629.08 0 9.98952 1 10083.7 8.29175 0 0 0 
132000 100 50.37 0 10 2737.35 0 9.9896 1 12453.5 10.3069 0 0 0 
133000 100 59.19 0 10 2835.16 0 9.98968 1 18093 14.9768 0 0 0 
134000 100 58.64 0 10 2884.33 0 9.98976 1 12830.1 10.5549 0 0 0 
135000 100 55.76 0 10 2965.03 0 9.98983 1 15931.8 13.1393 0 0 0 
136000 100 54.84 0 10 3036.55 0 9.98991 1 14513.3 11.8937 0 0 0 
137000 100 52.15 0 10 3104.24 0 9.98998 1 11764.9 9.66509 0 0 0 
138000 100 50.86 0 10 3178.15 0 9.99005 1 7955.38 6.53479 0 0 0 
139000 100 57.02 0 10 3233.55 0 9.99013 1 15304.2 12.4739 0 0 0 
140000 100 48.07 0 10 3309.26 0 9.9902 1 5623.64 4.61574 0 0 0 
141000 100 47.9 0 10 3388.6 0 9.99027 1 11204 9.25709 0 0 0 
142000 100 46.16 0 10 3447.76 0 9.99033 1 6201.38 5.1115 0 0 0 
143000 100 44.42 0 10 3495.34 0 9.9904 1 6692.01 5.52261 0 0 0 
144000 100 50.96 0 10 3560.09 0 9.99047 1 7774.25 6.45415 0 0 0 
145000 100 52.11 0 10 3613.01 0 9.99053 1 13053.7 10.9723 0 0 0 
146000 100 46.14 0 10 3671.52 0 9.9906 1 9972.99 8.30025 0 0 0 
147000 100 44.07 0 10 3729.29 0 9.99066 1 14344.2 11.8984 0 0 0 
148000 100 45.9 0 10 3786.71 0 9.99073 1 10378.9 8.6765 0 0 0 
149000 100 44.66 0 10 3837.95 0 9.99079 1 11345.6 9.51151 0 0 0 
150000 100 53.53 0 10 3899.27 0 9.99085 1 10740.3 8.8759 0 0 0 
151000 100 43.34 0 10 3968.56 0 9.99091 1 12082.4 9.9544 0 0 0 
152000 100 44.22 0 10 4031.85 0 9.99097 1 8443.81 6.93454 0 0 0 
153000 100 44.99 0 10 4109.7 0 9.99103 1 6174.52 5.1084 0 0 0 
154000 100 42.88 0 10 4189.26 0 9.99109 1 8091.73 6.67849 0 0 0 
155000 100 41.6 0 10 4265.78 0 9.99114 1 8187.82 6.76435 0 0 0 
156000 100 41.69 0 10 4363.42 0 9.9912 1 8060.53 6.59111 0 0 0 
157000 100 37.47 0 10 4437.62 0 9.99126 1 5596.93 4.5334 0 0 0 
158000 100 41.9 0 10 4523.19 0 9.99131 1 6809.57 5.51135 0 0 0 
159000 100 33.9 0 10 4595.84 0 9.99137 1 10376.9 8.43882 0 0 0 
160000 100 42.16 0 10 4690.56 0 9.99142 1 6730.4 5.50246 0 0 0 
161000 100 40.01 0 10 4771.39 0 9.99147 1 5886.17 4.81865 0 0 0 
162000 100 42.51 0 10 4861.62 0 9.99153 1 4446.68 3.61317 0 0 0 
163000 100 43.76 0 10 4951.02 0 9.99158 1 6840.92 5.56109 0 0 0 
164000 100 41.72 0 10 5018.93 0 9.99163 1 10096 8.13748 0 0 0 
165000 100 48.16 0 10 5097.45 0 9.99168 1 12992.8 10.5566 0 0 0 
166000 100 39.48 0 10 5174.77 0 9.99173 1 6535.39 5.34698 0 0 0 
167000 100 51.65 0 10 5249.86 0 9.99178 1 9285.25 7.62676 0 0 0 
168000 100 45.74 0 10 5315.64 0 9.99183 1 12484.4 10.2244 0 0 0 
169000 100 52.51 0 10 5398.79 0 9.99188 1 6119.89 4.94326 0 0 0 
170000 100 49.08 0 10 5457.59 0 9.99193 1 8853.17 7.16626 0 0 0 
171000 100 42.75 0 10 5493.07 0 9.99197 1 6485.75 5.24076 0 0 0 
172000 100 54.93 0 10 5570.96 0 9.99202 1 5166.95 4.13891 0 0 0 
173000 100 52.35 0 10 5648.71 0 9.99207 1 8433.36 6.69976 0 0 0 
174000 100 41.82 0 10 5719.25 0 9.99211 1 5980.11 4.7586 0 0 0 
175000 100 41.89 0 10 5790.16 0 9.99216 1 6233.43 4.95176 0 0 0 
176000 100 50.5 0 10 5887.29 0 9.9922 1 8295.11 6.54853 0 0 0 
177000 100 44.53 0 10 5979.54 0 9.99225 1 6364.13 5.04013 0 0 0 
178000 100 41.18 0 10 6070.15 0 9.99229 1 7217.35 5.71412 0 0 0 
179000 100 43.63 0 10 6174.74 0 9.99233 1 8841.02 6.92166 0 0 0 
180000 100 43.3 0 10 6250.89 0 9.99237 1 9206.59 7.21459 0 0 0 
181000 100 39.12 0 10 6333.21 0 9.99242 1 10479 8.24368 0 0 0 
182000 100 54.23 0 10 6405.59 0 9.99246 1 7788.8 6.12599 0 0 0 
183000 100 49.39 0 10 6479.13 0 9.9925 1 10368.2 8.13072 0 0 0 
184000 100 48.96 0 10 6551.46 0 9.99254 1 8914.12 6.97144 0 0 0 
185000 100 46.47 0 10 6624.73 0 9.99258 1 12697.3 9.83198 0 0 0 
186000 100 54.59 0 10 6705.71 0 9.99262 1 7879.2 6.09062 0 0 0 
187000 100 50.7 0 10 6773.52 0 9.99266 1 9412.88 7.30026 0 0 0 
188000 100 50.91 0 10 6827.17 0 9.9927 1 12180 9.45119 0 0 0 
189000 100 49.83 0 10 6893.87 0 9.99274 1 8420.22 6.57689 0 0 0 
190000 100 45.32 0 10 6975.58 0 9.99278 1 7646.78 6.01503 0 0 0 
191000 100 51.04 0 10 7026.14 0 9.99281 1 8959.27 7.00857 0 0 0 
192000 100 47.57 0 10 7087.62 0 9.99285 1 6437.29 5.02661 0 0 0 
193000 100 44.97 0 10 7171.25 0 9.99289 1 7919.07 6.1928 0 0 0 
194000 100 43.76 0 10 7246.98 0 9.99292 1 7598.72 5.95008 0 0 0 
195000 100 44.18 0 10 7346.58 0 9.99296 1 6446.83 5.03737 0 0 0 
196000 100 50.59 0 10 7431.38 0 9.993 1 8549.71 6.67885 0 0 0 
197000 100 47.47 0 10 7538.08 0 9.99303 1 5951.48 4.67811 0 0 0 
198000 100 43.02 0 10 7619.95 0 9.99307 1 5541.03 4.39295 0 0 0 
199000 100 36.68 0 10 7724.43 0 9.9931 1 4222.12 3.33238 0 0 0 
200000 100 44.07 0 10 7795.88 0 9.99314 1 5023.6 3.97066 0 0 0 
201000 100 53.02 0 10 7849.41 0 9.99317 1 5976.07 4.76466 0 0 0 
202000 100 41.94 0 10 7915.35 0 9.9932 1 10021.9 8.0742 0 0 0 
203000 100 43.46 0 10 7971.04 0 9.99324 1 12314 10.0207 0 0 0 
204000 100 40.66 0 10 8050.3 0 9.99327 1 6246.86 4.95995 0 0 0 
205000 100 40.03 0 10 8153.69 0 9.9933 1 5671.19 4.55016 0 0 0 
206000 100 38.09 0 10 8267.2 0 9.99334 1 5213.87 4.19936 0 0 0 
207000 100 42.28 0 10 8353.6 0 9.99337 1 6199.36 4.99889 0 0 0 
208000 100 44.5 0 10 8432.96 0 9.9934 1 5417.03 4.31936 0 0 0 
209000 100 34.94 0 10 8512.66 0 9.99343 1 11202.1 8.82267 0 0 0 
210000 100 38.3 0 10 8593.49 0 9.99346 1 10501.6 8.25713 0 0 0 
211000 100 43.9 0 10 8660.92 0 9.99349 1 8523.95 6.65811 0 0 0 
212000 100 44.88 0 10 8740.01 0 9.99353 1 6772.4 5.25289 0 0 0 
213000 100 48.39 0 10 8848.82 0 9.99356 1 4736.52 3.71804 0 0 0 
214000 100 37.25 0 10 8932.02 0 9.99359 1 4264.34 3.33055 0 0 0 
215000 100 44.39 0 10 9008.58 0 9.99362 1 6749.28 5.22547 0 0 0 
216000 100 53.41 0 10 9078.19 0 9.99365 1 8278.09 6.50627 0 0 0 
217000 100 43.16 0 10 9148.54 0 9.99367 1 6548.35 5.1554 0 0 0 
218000 100 44.39 0 10 9206.29 0 9.9937 1 7756.19 6.12934 0 0 0 
219000 100 41 0 10 9295.61 0 9.99373 1 4076.02 3.22677 0 0 0 
220000 100 32.34 0 10 9395.6 0 9.99376 1 5112.43 4.05895 0 0 0 
221000 100 44.12 0 10 9527.46 0 9.99379 1 4209.92 3.37559 0 0 0 
222000 100 38.44 0 10 9649.66 0 9.99382 1 5064.45 4.07254 0 0 0 
223000 100 39 0 10 9749.93 0 9.99384 1 2765.1 2.20094 0 0 0 
224000 100 35.07 0 10 9859.83 0 9.99387 1 6550.74 5.21412 0 0 0 
225000 100 34.55 0 10 9982.9 0 9.9939 1 5942.49 4.71218 0 0 0 
226000 100 40.28 0 10 10068.5 0 9.99393 1 6318.63 5.02993 0 0 0 
227000 100 33.94 0 10 10179.8 0 9.99395 1 5768.11 4.51892 0 0 0 
228000 100 52.94 0 10 10259 0 9.99398 1 7471.51 5.84719 0 0 0 
229000 100 33.98 0 10 10349.3 0 9.99401 1 4684.16 3.68057 0 0 0 
230000 100 44.83 0 10 10433.8 0 9.99403 1 5494.44 4.29274 0 0 0 
231000 100 44.08 0 10 10513.8 0 9.99406 1 5903.68 4.60654 0 0 0 
232000 100 37.81 0 10 10606.6 0 9.99408 1 11813 9.11419 0 0 0 
233000 100 38.19 0 10 10719.2 0 9.99411 1 6658.2 5.16844 0 0 0 
234000 100 43.38 0 10 10803.1 0 9.99413 1 7331.54 5.7198 0 0 0 
235000 100 41 0 10 10881.9 0 9.99416 1 8198.26 6.40854 0 0 0 
236000 100 44.67 0 10 10965.1 0 9.99418 1 4139.95 3.24025 0 0 0 
237000 100 43.95 0 10 11033.6 0 9.99421 1 9795.45 7.62156 0 0 0 
238000 100 33.4 0 10 11116.7 0 9.99423 1 4466.23 3.49039 0 0 0 
239000 100 44.18 0 10 11174.6 0 9.99426 1 5478.01 4.30648 0 0 0 
240000 100 50.85 0 10 11246.1 0 9.99428 1 8674.66 6.87528 0 0 0 
241000 100 38.61 0 10 11337.3 0 9.9943 1 7014.35 5.60408 0 0 0 
242000 100 40.06 0 10 11425.2 0 9.99433 1 5362.59 4.28226 0 0 0 
243000 100 41.25 0 10 11535.9 0 9.99435 1 6367.7 5.03294 0 0 0 
244000 100 48.32 0 10 11621.3 0 9.99437 1 8865.42 7.04953 0 0 0 
245000 100 47.57 0 10 11697 0 9.9944 1 12015.7 9.48061 0 0 0 
246000 100 42.61 0 10 11794 0 9.99442 1 6967.42 5.49525 0 0 0 
247000 100 46.69 0 10 11888.2 0 9.99444 1 9357.92 7.32082 0 0 0 
248000 100 47.44 0 10 11995.6 0 9.99447 1 9969.3 7.69938 0 0 0 
249000 100 44.32 0 10 12092.5 0 9.99449 1 4990.94 3.8669 0 0 0 
250000 100 38.36 0 10 12177.7 0 9.99451 1 5573.15 4.28366 0 0 0 