# Avida Average Deme Data
# Mon Apr  7 07:07:30 2014
#  1: Update
#  2: Count
#  3: Age
#  4: Births
#  5: Organisms
#  6: Generation
#  7: Births (at last replication)
#  8: Organisms (at last replication)
#  9: Merit
# 10: Gestation Time
# 11: Time Used (normalized by org fitness)
# 12: Generations between current and last founders
# 13: Events killed
# 14: Attempts to kill event

0 100 0 0 1 0 0 0 1 0 0 0 0 0 
1000 100 69.93 0 10 10.05 0 8.62537 1 41866.6 36.0856 0 0 0 
2000 100 69.75 0 10 20.18 0 9.31234 1 43096.7 37.1924 0 0 0 
3000 100 66.84 0 10 31.35 0 9.54149 1 42971 37.103 0 0 0 
4000 100 71.64 0 10 43.56 0 9.65609 1 38145.4 32.9392 0 0 0 
5000 100 81.54 0 10 51.68 0 9.72486 1 38132.7 32.8477 0 0 0 
6000 100 72.41 0 10 67.4 0 9.7707 1 38126.4 32.8323 0 0 0 
7000 100 80.84 0 10 76.03 0 9.80346 1 37393.7 32.2263 0 0 0 
8000 100 77.09 0 10 86.21 0 9.82802 1 32869.8 28.2571 0 0 0 
9000 100 61.94 0 10 103.14 0 9.84713 1 34812.8 29.9681 0 0 0 
10000 100 81.34 0 10 125.08 0 9.86241 1 41518.8 35.8448 0 0 0 
11000 100 78.54 0 10 139.05 0 9.87492 1 39057.1 33.793 0 0 0 
12000 100 70.32 0 10 154.51 0 9.88534 1 38900.8 33.6429 0 0 0 
13000 100 70.66 0 10 173.25 0 9.89416 1 33286.3 28.7811 0 0 0 
14000 100 67.88 0 10 191.91 0 9.90172 1 34864.1 30.0898 0 0 0 
15000 100 61.74 0 10 207.96 0 9.90827 1 37912.8 32.766 0 0 0 
16000 100 68.24 0 10 233.11 0 9.91401 1 33977.6 29.4384 0 0 0 
17000 100 63.12 0 10 252.07 0 9.91906 1 34200.1 29.4576 0 0 0 
18000 100 68.61 0 10 269.36 0 9.92356 1 30955.2 26.8046 0 0 0 
19000 100 69.48 0 10 286.46 0 9.92758 1 31642.9 27.3147 0 0 0 
20000 100 70.9 0 10 299.87 0 9.9312 1 31005.8 26.7125 0 0 0 
21000 100 65.48 0 10 319.22 0 9.93448 1 34547 29.7515 0 0 0 
22000 100 67.84 0 10 333.33 0 9.93746 1 31675.7 27.1467 0 0 0 
23000 100 76.36 0 10 349.01 0 9.94018 1 31765.7 27.3618 0 0 0 
24000 100 66.47 0 10 359.9 0 9.94267 1 29094.6 24.9732 0 0 0 
25000 100 66.16 0 10 373.21 0 9.94496 1 30582 26.2501 0 0 0 
26000 100 62.64 0 10 390 0 9.94708 1 33081.2 28.2726 0 0 0 
27000 100 77.2 0 10 409.29 0 9.94904 1 34084.7 29.194 0 0 0 
28000 100 68.8 0 10 422.8 0 9.95086 1 32457.9 27.6662 0 0 0 
29000 100 63.18 0 10 442.09 0 9.95255 1 33407.7 28.4105 0 0 0 
30000 100 72.42 0 10 459.62 0 9.95413 1 27386.4 23.2089 0 0 0 
31000 100 72.18 0 10 476.43 0 9.95561 1 32142.5 27.2648 0 0 0 
32000 100 67.91 0 10 495.44 0 9.957 1 29937.3 25.4915 0 0 0 
33000 100 72.53 0 10 513.35 0 9.9583 1 35661.8 30.4592 0 0 0 
34000 100 69.77 0 10 531.61 0 9.95953 1 29233.7 24.8002 0 0 0 
35000 100 73.04 0 10 546.64 0 9.96069 1 29685 25.419 0 0 0 
36000 100 70.86 0 10 566.14 0 9.96178 1 31978.4 27.2236 0 0 0 
37000 100 67.85 0 10 584.95 0 9.96281 1 27497.1 23.4637 0 0 0 
38000 100 70.2 0 10 592.83 0 9.96379 1 28506.3 24.2715 0 0 0 
39000 100 71.65 0 10 606.92 0 9.96472 1 31665.4 26.9294 0 0 0 
40000 100 65.7 0 10 625.13 0 9.9656 1 30552.8 25.899 0 0 0 
41000 100 57.4 0 10 639.45 0 9.96644 1 30985.4 26.3314 0 0 0 
42000 100 66.43 0 10 651.42 0 9.96724 1 33560.3 28.3789 0 0 0 
43000 100 69.6 0 10 676.26 0 9.968 1 33120 27.9154 0 0 0 
44000 100 42.52 0 10 702.67 0 9.96873 1 32013 26.804 0 0 0 
45000 100 62.37 0 10 725.33 0 9.96942 1 34143.3 28.8857 0 0 0 
46000 100 69.01 0 10 745.15 0 9.97009 1 23399.3 19.9309 0 0 0 
47000 100 58.25 0 10 761.32 0 9.97072 1 30027.7 25.6612 0 0 0 
48000 100 60.71 0 10 771.68 0 9.97133 1 28744.4 24.5015 0 0 0 
49000 100 65.42 0 10 783.37 0 9.97192 1 26502 22.5243 0 0 0 
50000 100 58.64 0 10 827.56 0 9.97248 1 25051.9 21.2874 0 0 0 
51000 100 49.22 0 10 855.14 0 9.97302 1 25638.8 21.7085 0 0 0 
52000 100 61.43 0 10 888.44 0 9.97354 1 27351.8 23.0912 0 0 0 
53000 100 56.39 0 10 916.71 0 9.97404 1 25554.5 21.4882 0 0 0 
54000 100 63.22 0 10 952.53 0 9.97452 1 29624.1 24.8163 0 0 0 
55000 100 66.72 0 10 967.89 0 9.97498 1 27833.6 23.2558 0 0 0 
56000 100 63.06 0 10 987.14 0 9.97543 1 27221 22.8701 0 0 0 
57000 100 53.97 0 10 1016.29 0 9.97586 1 22198.3 18.6203 0 0 0 
58000 100 53.77 0 10 1044.51 0 9.97628 1 30620.1 25.7693 0 0 0 
59000 100 50.96 0 10 1068.91 0 9.97668 1 21640.5 18.2997 0 0 0 
60000 100 66.73 0 10 1094.22 0 9.97707 1 24027.4 20.2778 0 0 0 
61000 100 63.71 0 10 1118.88 0 9.97744 1 22023.8 18.6134 0 0 0 
62000 100 54.63 0 10 1147.38 0 9.97781 1 23630.2 19.9109 0 0 0 
63000 100 59.81 0 10 1169.22 0 9.97816 1 23873.9 19.996 0 0 0 
64000 100 63.99 0 10 1196.33 0 9.9785 1 24208.2 20.3136 0 0 0 
65000 100 66.02 0 10 1223.4 0 9.97883 1 24133 20.0637 0 0 0 
66000 100 65.7 0 10 1249.41 0 9.97915 1 26250 21.6953 0 0 0 
67000 100 60.55 0 10 1282.72 0 9.97946 1 21941.4 17.661 0 0 0 
68000 100 63.05 0 10 1287.44 0 9.97977 1 26061.7 21.1886 0 0 0 
69000 100 60.43 0 10 1319.87 0 9.98006 1 17474.2 14.1895 0 0 0 
70000 100 62.92 0 10 1355.25 0 9.98034 1 21291.8 17.3187 0 0 0 
71000 100 70.8 0 10 1393.28 0 9.98062 1 21487.3 17.432 0 0 0 
72000 100 57.3 0 10 1439.19 0 9.98089 1 18699.1 15.2244 0 0 0 
73000 100 66.7 0 10 1466.62 0 9.98115 1 18900.6 15.3578 0 0 0 
74000 100 58.56 0 10 1503.99 0 9.98141 1 20788.6 16.9013 0 0 0 
75000 100 58.97 0 10 1532.34 0 9.98165 1 20754.2 16.8765 0 0 0 
76000 100 57.59 0 10 1567.17 0 9.98189 1 21926.2 17.7177 0 0 0 
77000 100 52.62 0 10 1593.49 0 9.98213 1 22568 18.2051 0 0 0 
78000 100 54.78 0 10 1620.34 0 9.98236 1 21085.2 16.7819 0 0 0 
79000 100 52.26 0 10 1656.51 0 9.98258 1 22573.4 17.8409 0 0 0 
80000 100 61.41 0 10 1683.92 0 9.9828 1 20340.8 15.8539 0 0 0 
81000 100 58.82 0 10 1701.44 0 9.98301 1 25177.5 19.5943 0 0 0 
82000 100 79.05 0 10 1729.55 0 9.98322 1 23030.9 18.1277 0 0 0 
83000 100 62.27 0 10 1762.06 0 9.98342 1 18536.1 14.5019 0 0 0 
84000 100 51.18 0 10 1796.16 0 9.98362 1 24647.6 19.415 0 0 0 
85000 100 53.08 0 10 1822.98 0 9.98381 1 16689.5 13.174 0 0 0 
86000 100 60.09 0 10 1863.07 0 9.984 1 22946.9 17.9872 0 0 0 
87000 100 60.96 0 10 1897.8 0 9.98418 1 25872.4 20.2478 0 0 0 
88000 100 61.34 0 10 1929.37 0 9.98436 1 18881.7 14.8317 0 0 0 
89000 100 55.45 0 10 1952.51 0 9.98454 1 23866.5 18.7673 0 0 0 
90000 100 57.86 0 10 2000.38 0 9.98471 1 22891.3 17.922 0 0 0 
91000 100 52.73 0 10 2028.29 0 9.98488 1 19991.9 15.6318 0 0 0 
92000 100 51.73 0 10 2062.45 0 9.98504 1 24418.6 19.0754 0 0 0 
93000 100 55.86 0 10 2097.07 0 9.9852 1 19116.6 14.9356 0 0 0 
94000 100 59.41 0 10 2130.2 0 9.98536 1 19737.5 15.4277 0 0 0 
95000 100 59.52 0 10 2162 0 9.98552 1 22119.6 17.305 0 0 0 
96000 100 60.91 0 10 2188.91 0 9.98567 1 17509.9 13.7121 0 0 0 
97000 100 45.94 0 10 2226.9 0 9.98581 1 17744.8 13.8272 0 0 0 
98000 100 56.89 0 10 2250.06 0 9.98596 1 17415.2 13.5426 0 0 0 
99000 100 59.26 0 10 2285.1 0 9.9861 1 28252.6 21.946 0 0 0 
100000 100 61.22 0 10 2300.35 0 9.98624 1 17970.9 14.0012 0 0 0 
101000 100 64.23 0 10 2336.28 0 9.98638 1 23003.3 17.8304 0 0 0 
102000 100 49.32 0 10 2362.09 0 9.98651 1 27262 21.0495 0 0 0 
103000 100 63.81 0 10 2384.78 0 9.98664 1 23864.4 18.4624 0 0 0 
104000 100 55.73 0 10 2410.84 0 9.98677 1 24671.2 19.1641 0 0 0 
105000 100 59.34 0 10 2435.07 0 9.9869 1 19509.8 15.21 0 0 0 
106000 100 65.28 0 10 2426.91 0 9.98702 1 18728 14.6306 0 0 0 
107000 100 67.68 0 10 2461.9 0 9.98714 1 16205.9 12.6558 0 0 0 
108000 100 47.05 0 10 2510.27 0 9.98726 1 16306.1 12.6975 0 0 0 
109000 100 47.36 0 10 2593.17 0 9.98738 1 16030.8 12.5116 0 0 0 
110000 100 47.02 0 10 2696 0 9.98749 1 12327 9.55527 0 0 0 
111000 100 53.95 0 10 2783.98 0 9.9876 1 8437.38 6.46117 0 0 0 
112000 100 47.39 0 10 2886.58 0 9.98771 1 9189.61 6.99233 0 0 0 
113000 100 41.28 0 10 2945.98 0 9.98782 1 8832.95 6.69605 0 0 0 
114000 100 50.53 0 10 3021.96 0 9.98793 1 10695.3 8.17469 0 0 0 
115000 100 37.08 0 10 3120.7 0 9.98803 1 7086.49 5.47881 0 0 0 
116000 100 41.07 0 10 3238.52 0 9.98814 1 10466.2 8.2008 0 0 0 
117000 100 44.92 0 10 3294.71 0 9.98824 1 7974.39 6.23895 0 0 0 
118000 100 37.08 0 10 3372.74 0 9.98834 1 6189.49 4.79839 0 0 0 
119000 100 49.74 0 10 3463.76 0 9.98844 1 7136.32 5.49021 0 0 0 
120000 100 34.47 0 10 3578.08 0 9.98853 1 4204.02 3.24071 0 0 0 
121000 100 44.78 0 10 3649.43 0 9.98863 1 8203.63 6.26261 0 0 0 
122000 100 43.75 0 10 3760.79 0 9.98872 1 5313.83 4.03274 0 0 0 
123000 100 39.2 0 10 3888.44 0 9.98881 1 7313.69 5.5809 0 0 0 
124000 100 52.64 0 10 4004.49 0 9.9889 1 6397.77 4.8717 0 0 0 
125000 100 37.23 0 10 4124.79 0 9.98899 1 5323.57 4.06707 0 0 0 
126000 100 36.27 0 10 4241.47 0 9.98908 1 5178.09 3.95068 0 0 0 
127000 100 44.48 0 10 4378.7 0 9.98917 1 4593.55 3.48477 0 0 0 
128000 100 50.19 0 10 4517.9 0 9.98925 1 7183.29 5.45605 0 0 0 
129000 100 35.62 0 10 4639.29 0 9.98933 1 4308.75 3.2634 0 0 0 
130000 100 40.76 0 10 4766.29 0 9.98942 1 5686.87 4.32189 0 0 0 
131000 100 32.65 0 10 4870.21 0 9.9895 1 4150.11 3.17794 0 0 0 
132000 100 33.79 0 10 4965.25 0 9.98958 1 4162.13 3.19821 0 0 0 
133000 100 45.08 0 10 5069.12 0 9.98965 1 5011.14 3.89433 0 0 0 
134000 100 39.46 0 10 5152.28 0 9.98973 1 3901.31 3.02507 0 0 0 
135000 100 41.35 0 10 5267.86 0 9.98981 1 7594.21 5.90707 0 0 0 
136000 100 51.4 0 10 5397.02 0 9.98988 1 11551.3 8.97508 0 0 0 
137000 100 36.99 0 10 5497.88 0 9.98996 1 5480.2 4.32371 0 0 0 
138000 100 41.72 0 10 5595.24 0 9.99003 1 5201.88 4.12144 0 0 0 
139000 100 38.54 0 10 5661.11 0 9.9901 1 8081.05 6.41825 0 0 0 
140000 100 33.35 0 10 5768.04 0 9.99017 1 4098.74 3.29385 0 0 0 
141000 100 30.75 0 10 5898.4 0 9.99024 1 4127.22 3.29747 0 0 0 
142000 100 32.09 0 10 6010.39 0 9.99031 1 2919.53 2.35778 0 0 0 
143000 100 25.13 0 10 6156.42 0 9.99038 1 4726.31 3.84637 0 0 0 
144000 100 30.32 0 10 6285.3 0 9.99044 1 3604.03 2.91119 0 0 0 
145000 100 37.99 0 10 6415.04 0 9.99051 1 3722.13 3.02953 0 0 0 
146000 100 29.72 0 10 6532.2 0 9.99058 1 2542.28 2.08188 0 0 0 
147000 100 25.43 0 10 6684.75 0 9.99064 1 2772.08 2.27744 0 0 0 
148000 100 30.51 0 10 6837.47 0 9.9907 1 4284.88 3.53621 0 0 0 
149000 100 29.21 0 10 6964.65 0 9.99077 1 2858.34 2.38733 0 0 0 
150000 100 34.86 0 10 7084.4 0 9.99083 1 2870.52 2.38146 0 0 0 
151000 100 43.81 0 10 7196.26 0 9.99089 1 4105.17 3.37792 0 0 0 
152000 100 36.86 0 10 7313.45 0 9.99095 1 3047.6 2.5112 0 0 0 
153000 100 36.28 0 10 7435.86 0 9.99101 1 4383.73 3.63502 0 0 0 
154000 100 22.97 0 10 7579.44 0 9.99106 1 2746.71 2.2509 0 0 0 
155000 100 35.38 0 10 7704.39 0 9.99112 1 2731.41 2.25258 0 0 0 
156000 100 36.3 0 10 7835.58 0 9.99118 1 4163.72 3.40858 0 0 0 
157000 100 33.49 0 10 7964.78 0 9.99124 1 4486.24 3.65944 0 0 0 
158000 100 38.36 0 10 8086.64 0 9.99129 1 3155.95 2.54487 0 0 0 
159000 100 35.81 0 10 8197.54 0 9.99135 1 4043.74 3.2694 0 0 0 
160000 100 31.01 0 10 8341.99 0 9.9914 1 2463.87 2.01533 0 0 0 
161000 100 33.36 0 10 8475.19 0 9.99145 1 4862.71 4.02153 0 0 0 
162000 100 34.46 0 10 8581.65 0 9.99151 1 2913.2 2.36615 0 0 0 
163000 100 33.27 0 10 8720.85 0 9.99156 1 6753.84 5.52316 0 0 0 
164000 100 30.73 0 10 8855.13 0 9.99161 1 2544.58 2.07979 0 0 0 
165000 100 30.19 0 10 8966.3 0 9.99166 1 2299.05 1.88078 0 0 0 
166000 100 35.02 0 10 9081.17 0 9.99171 1 3405.62 2.76891 0 0 0 
167000 100 32.48 0 10 9187.07 0 9.99176 1 3331.41 2.70767 0 0 0 
168000 100 32.11 0 10 9293.53 0 9.99181 1 3610.86 3.00509 0 0 0 
169000 100 30.21 0 10 9418.71 0 9.99186 1 3573.68 2.99299 0 0 0 
170000 100 36.71 0 10 9557.01 0 9.99191 1 2736.83 2.30788 0 0 0 
171000 100 38.6 0 10 9677.48 0 9.99195 1 3892.73 3.27645 0 0 0 
172000 100 31.64 0 10 9790.71 0 9.992 1 4264.62 3.59156 0 0 0 
173000 100 29.61 0 10 9898.62 0 9.99205 1 4783.69 3.97122 0 0 0 
174000 100 38.15 0 10 10027.9 0 9.99209 1 4172.44 3.46099 0 0 0 
175000 100 40.77 0 10 10111.9 0 9.99214 1 4649.57 3.8347 0 0 0 
176000 100 35.43 0 10 10209.8 0 9.99218 1 5901.53 4.87288 0 0 0 
177000 100 48.26 0 10 10302.9 0 9.99223 1 7258 5.96284 0 0 0 
178000 100 40.6 0 10 10388 0 9.99227 1 3597.38 2.98533 0 0 0 
179000 100 41.41 0 10 10473.5 0 9.99231 1 5391.31 4.49832 0 0 0 
180000 100 35.37 0 10 10582.6 0 9.99236 1 4452.39 3.72808 0 0 0 
181000 100 39.98 0 10 10649.3 0 9.9924 1 5476.63 4.60349 0 0 0 
182000 100 27.69 0 10 10764.4 0 9.99244 1 5450.85 4.56092 0 0 0 
183000 100 37.19 0 10 10866.1 0 9.99248 1 5396.03 4.47915 0 0 0 
184000 100 28.56 0 10 10964.5 0 9.99252 1 4054.96 3.40102 0 0 0 
185000 100 41.17 0 10 11057.9 0 9.99256 1 3548.13 2.96621 0 0 0 
186000 100 35.45 0 10 11155 0 9.9926 1 4771.62 3.9063 0 0 0 
187000 100 38.77 0 10 11274.9 0 9.99264 1 4778.26 3.83639 0 0 0 
188000 100 37.1 0 10 11374.2 0 9.99268 1 6963.74 5.61909 0 0 0 
189000 100 32.99 0 10 11495.1 0 9.99272 1 2785.22 2.25871 0 0 0 
190000 100 29.04 0 10 11610.8 0 9.99276 1 2039.45 1.67419 0 0 0 
191000 100 35.11 0 10 11750.9 0 9.9928 1 2270.76 1.89236 0 0 0 
192000 100 28.86 0 10 11882.9 0 9.99283 1 2075.9 1.73888 0 0 0 
193000 100 29.05 0 10 11996.1 0 9.99287 1 2053.3 1.71926 0 0 0 
194000 100 27.82 0 10 12106.1 0 9.99291 1 2470.19 2.07626 0 0 0 
195000 100 26.18 0 10 12232.1 0 9.99294 1 3018.66 2.51215 0 0 0 
196000 100 31.51 0 10 12364.9 0 9.99298 1 3150.69 2.61245 0 0 0 
197000 100 24.49 0 10 12501.1 0 9.99302 1 3288.29 2.73912 0 0 0 
198000 100 31.66 0 10 12629.8 0 9.99305 1 2948.23 2.4641 0 0 0 
199000 100 28 0 10 12754.4 0 9.99309 1 2920.67 2.45856 0 0 0 
200000 100 30.78 0 10 12884.8 0 9.99312 1 4148.63 3.51493 0 0 0 
201000 100 30.15 0 10 13010 0 9.99315 1 3138.73 2.63533 0 0 0 
202000 100 34.55 0 10 13135.5 0 9.99319 1 3768.77 3.15731 0 0 0 
203000 100 31.93 0 10 13255.1 0 9.99322 1 2977.27 2.49226 0 0 0 
204000 100 36.48 0 10 13381.7 0 9.99325 1 4542.38 3.83377 0 0 0 
205000 100 27.96 0 10 13495.8 0 9.99329 1 2480.07 2.08265 0 0 0 
206000 100 27.41 0 10 13651.9 0 9.99332 1 2068.12 1.73579 0 0 0 
207000 100 28.75 0 10 13800.5 0 9.99335 1 2295.94 1.9109 0 0 0 
208000 100 33.74 0 10 13906.1 0 9.99338 1 3553.15 3.00548 0 0 0 
209000 100 34.49 0 10 14023 0 9.99342 1 3203.47 2.73537 0 0 0 
210000 100 28.04 0 10 14148.8 0 9.99345 1 2213.74 1.90052 0 0 0 
211000 100 26.25 0 10 14306.3 0 9.99348 1 2693.23 2.28406 0 0 0 
212000 100 23.27 0 10 14453.4 0 9.99351 1 5064.04 4.3234 0 0 0 
213000 100 27.12 0 10 14611.4 0 9.99354 1 2229.53 1.88389 0 0 0 
214000 100 31.88 0 10 14747.7 0 9.99357 1 2113.57 1.77627 0 0 0 
215000 100 26.08 0 10 14914.8 0 9.9936 1 2028.48 1.72525 0 0 0 
216000 100 20.55 0 10 15081.8 0 9.99363 1 1968.19 1.68318 0 0 0 
217000 100 23.55 0 10 15244.5 0 9.99366 1 3568.64 3.10633 0 0 0 
218000 100 25.87 0 10 15402.2 0 9.99369 1 2484.99 2.15118 0 0 0 
219000 100 25.16 0 10 15611.7 0 9.99372 1 1788.03 1.57352 0 0 0 
220000 100 27.04 0 10 15786.5 0 9.99375 1 2050.75 1.76619 0 0 0 
221000 100 17.53 0 10 15969.5 0 9.99377 1 2465.21 2.16627 0 0 0 
222000 100 20.14 0 10 16173.2 0 9.9938 1 1670.44 1.46588 0 0 0 
223000 100 20.86 0 10 16363.9 0 9.99383 1 1759.74 1.54018 0 0 0 
224000 100 22.22 0 10 16499.9 0 9.99386 1 1807.31 1.57752 0 0 0 
225000 100 33.95 0 10 16666 0 9.99388 1 1803.84 1.55955 0 0 0 
226000 100 26.07 0 10 16811.8 0 9.99391 1 2778.86 2.3545 0 0 0 
227000 100 26.14 0 10 16958.5 0 9.99394 1 1866.61 1.58702 0 0 0 
228000 100 24.72 0 10 17100.7 0 9.99396 1 2053.55 1.74129 0 0 0 
229000 100 24.6 0 10 17239.8 0 9.99399 1 1970.79 1.66217 0 0 0 
230000 100 32.15 0 10 17382.5 0 9.99402 1 3978.67 3.30934 0 0 0 
231000 100 25.13 0 10 17548 0 9.99404 1 1857.72 1.54103 0 0 0 
232000 100 26.74 0 10 17735.8 0 9.99407 1 1549.02 1.2948 0 0 0 
233000 100 29.07 0 10 17919.2 0 9.99409 1 2864.72 2.38553 0 0 0 
234000 100 23.48 0 10 18085.3 0 9.99412 1 1866.16 1.55368 0 0 0 
235000 100 20.66 0 10 18251.2 0 9.99414 1 1735.43 1.44554 0 0 0 
236000 100 22.61 0 10 18420.3 0 9.99417 1 1957.06 1.61914 0 0 0 
237000 100 33.56 0 10 18609 0 9.99419 1 2574.3 2.15488 0 0 0 
238000 100 24.83 0 10 18760.5 0 9.99422 1 1900.8 1.56224 0 0 0 
239000 100 28.15 0 10 18936.6 0 9.99424 1 1943.77 1.59931 0 0 0 
240000 100 27.55 0 10 19124.8 0 9.99427 1 2019 1.66171 0 0 0 
241000 100 28.11 0 10 19306.5 0 9.99429 1 2126.04 1.75701 0 0 0 
242000 100 30.3 0 10 19466.8 0 9.99431 1 2111.09 1.73848 0 0 0 
243000 100 30.98 0 10 19630.7 0 9.99434 1 1861.04 1.54209 0 0 0 
244000 100 27.37 0 10 19793.2 0 9.99436 1 2044.49 1.66964 0 0 0 
245000 100 18.99 0 10 19941 0 9.99438 1 1581.78 1.33893 0 0 0 
246000 100 20.48 0 10 20126.1 0 9.99441 1 2681.93 2.27628 0 0 0 
247000 100 20.94 0 10 20328.2 0 9.99443 1 1514.28 1.27734 0 0 0 
248000 100 21.07 0 10 20524.1 0 9.99445 1 1677.14 1.42721 0 0 0 
249000 100 20.4 0 10 20727.8 0 9.99447 1 1434.54 1.22398 0 0 0 
250000 100 21.68 0 10 20931 0 9.9945 1 1404.6 1.20528 0 0 0 