# Avida Average Deme Data
# Tue Apr  8 12:12:16 2014
#  1: Update
#  2: Count
#  3: Age
#  4: Births
#  5: Organisms
#  6: Generation
#  7: Births (at last replication)
#  8: Organisms (at last replication)
#  9: Merit
# 10: Gestation Time
# 11: Time Used (normalized by org fitness)
# 12: Generations between current and last founders
# 13: Events killed
# 14: Attempts to kill event

0 100 0 0 1 0 0 0 1 0 0 0 0 0 
1000 100 59.54 0 10 9.61 0 8.67193 1 38965.9 33.6762 0 0 0 
2000 100 62.23 0 10 20.06 0 9.33563 1 38142.3 32.9697 0 0 0 
3000 100 58.36 0 10 29.11 0 9.55701 1 47229 40.7343 0 0 0 
4000 100 75.68 0 10 38.1 0 9.66773 1 40319.8 34.7529 0 0 0 
5000 100 71.73 0 10 50.4 0 9.73417 1 40001.2 34.6264 0 0 0 
6000 100 69.58 0 10 62.76 0 9.77847 1 38867.1 33.5143 0 0 0 
7000 100 82.75 0 10 74.18 0 9.81011 1 42064 36.2724 0 0 0 
8000 100 65.71 0 10 93.39 0 9.83385 1 38988.9 33.879 0 0 0 
9000 100 76.3 0 10 110.79 0 9.85231 1 34540.7 30.1141 0 0 0 
10000 100 65.05 0 10 131.34 0 9.86707 1 34180 30.0761 0 0 0 
11000 100 58.42 0 10 141 0 9.87916 1 35443.2 31.1846 0 0 0 
12000 100 72.53 0 10 155.4 0 9.88923 1 32964.8 29.0193 0 0 0 
13000 100 65.9 0 10 172.72 0 9.89775 1 32390.7 28.2649 0 0 0 
14000 100 65.4 0 10 187.6 0 9.90505 1 36038.4 31.4729 0 0 0 
15000 100 63.03 0 10 201.81 0 9.91138 1 37169.6 32.5256 0 0 0 
16000 100 66.24 0 10 216.95 0 9.91692 1 34456.4 30.2782 0 0 0 
17000 100 77.55 0 10 230.69 0 9.9218 1 31310.8 27.4247 0 0 0 
18000 100 70.84 0 10 246.7 0 9.92615 1 36673.1 32.1133 0 0 0 
19000 100 73.55 0 10 262.23 0 9.93004 1 39712.6 34.6575 0 0 0 
20000 100 69.15 0 10 281.07 0 9.93353 1 35439.3 30.9089 0 0 0 
21000 100 69.24 0 10 291.5 0 9.9367 1 35512.2 31.0834 0 0 0 
22000 100 66.64 0 10 307.47 0 9.93958 1 36546.3 31.9001 0 0 0 
23000 100 66.38 0 10 323.58 0 9.9422 1 39198.4 34.104 0 0 0 
24000 100 56.6 0 10 352.18 0 9.94461 1 26655.3 22.8018 0 0 0 
25000 100 52.65 0 10 386.02 0 9.94683 1 23573.9 20.0378 0 0 0 
26000 100 63.85 0 10 411.4 0 9.94887 1 28374.7 24.0656 0 0 0 
27000 100 55.57 0 10 437.36 0 9.95076 1 24450.6 20.6802 0 0 0 
28000 100 61.41 0 10 463.01 0 9.95252 1 32513.8 27.5803 0 0 0 
29000 100 70.2 0 10 491.78 0 9.95416 1 25872.2 21.9052 0 0 0 
30000 100 59.83 0 10 519.78 0 9.95569 1 26353.6 22.2288 0 0 0 
31000 100 69.39 0 10 539.38 0 9.95712 1 32284.3 27.2343 0 0 0 
32000 100 65.9 0 10 563.54 0 9.95846 1 25986.6 21.9961 0 0 0 
33000 100 57.76 0 10 585.47 0 9.95972 1 25408.8 21.5836 0 0 0 
34000 100 58.86 0 10 610.9 0 9.9609 1 24496.3 20.7841 0 0 0 
35000 100 61.54 0 10 633.84 0 9.96202 1 26334.9 22.2978 0 0 0 
36000 100 65.72 0 10 657.42 0 9.96307 1 20838.1 17.6034 0 0 0 
37000 100 60.56 0 10 680.16 0 9.96407 1 21799.9 18.4394 0 0 0 
38000 100 59.9 0 10 705.98 0 9.96502 1 22548.6 19.1207 0 0 0 
39000 100 58.8 0 10 725.35 0 9.96591 1 21429.9 18.1997 0 0 0 
40000 100 63.43 0 10 741.49 0 9.96677 1 29216.9 24.7444 0 0 0 
41000 100 52.99 0 10 765.68 0 9.96758 1 23644 19.896 0 0 0 
42000 100 59.6 0 10 788.71 0 9.96835 1 27439.2 23.1366 0 0 0 
43000 100 59.44 0 10 815.5 0 9.96908 1 22014.6 18.5018 0 0 0 
44000 100 65.59 0 10 838.97 0 9.96979 1 23429.9 19.6948 0 0 0 
45000 100 66.49 0 10 862.4 0 9.97046 1 24710.4 20.7091 0 0 0 
46000 100 68.56 0 10 893.69 0 9.9711 1 21001.7 17.4844 0 0 0 
47000 100 67.83 0 10 912.25 0 9.97172 1 22143.7 18.5474 0 0 0 
48000 100 64.81 0 10 916.06 0 9.9723 1 26411.5 22.1182 0 0 0 
49000 100 68.93 0 10 934.23 0 9.97287 1 23928.8 19.9609 0 0 0 
50000 100 56.48 0 10 961.67 0 9.97341 1 20544.4 17.1499 0 0 0 
51000 100 63.09 0 10 986.62 0 9.97393 1 24085.2 20.0467 0 0 0 
52000 100 65.47 0 10 1008.58 0 9.97444 1 28309.2 23.4582 0 0 0 
53000 100 78.25 0 10 1017.78 0 9.97492 1 34478.8 28.8108 0 0 0 
54000 100 67.09 0 10 1034.94 0 9.97538 1 24083.5 20.1373 0 0 0 
55000 100 63.33 0 10 1061.33 0 9.97583 1 29142.2 24.6143 0 0 0 
56000 100 59.51 0 10 1085.93 0 9.97626 1 25612.1 21.7824 0 0 0 
57000 100 58.6 0 10 1099.68 0 9.97668 1 23929.5 20.0025 0 0 0 
58000 100 58.26 0 10 1121.77 0 9.97708 1 25011.6 21.1076 0 0 0 
59000 100 62.16 0 10 1148.02 0 9.97747 1 28617 24.3812 0 0 0 
60000 100 62.1 0 10 1172 0 9.97784 1 21685.7 18.4049 0 0 0 
61000 100 56.35 0 10 1200.65 0 9.97821 1 27236.6 23.0064 0 0 0 
62000 100 55.21 0 10 1233.86 0 9.97856 1 21821.7 18.4119 0 0 0 
63000 100 66.37 0 10 1260.76 0 9.9789 1 24322.4 20.5033 0 0 0 
64000 100 63.76 0 10 1277.82 0 9.97923 1 26926.7 22.687 0 0 0 
65000 100 59.19 0 10 1297.95 0 9.97955 1 25781.5 21.7102 0 0 0 
66000 100 59.56 0 10 1323.96 0 9.97986 1 21358.2 17.9114 0 0 0 
67000 100 62.02 0 10 1360.77 0 9.98016 1 21478.1 17.9281 0 0 0 
68000 100 65.5 0 10 1382.87 0 9.98045 1 21893.7 18.3121 0 0 0 
69000 100 55.93 0 10 1407.24 0 9.98073 1 22086.1 18.3943 0 0 0 
70000 100 55.72 0 10 1438.19 0 9.98101 1 22449 18.6865 0 0 0 
71000 100 63.38 0 10 1466.5 0 9.98128 1 22011 18.1797 0 0 0 
72000 100 56.76 0 10 1493.69 0 9.98154 1 27167 22.2938 0 0 0 
73000 100 58.91 0 10 1519.91 0 9.98179 1 20591.6 16.8721 0 0 0 
74000 100 58.42 0 10 1546.58 0 9.98204 1 18154.3 14.9009 0 0 0 
75000 100 57.34 0 10 1582.25 0 9.98227 1 17779 14.5907 0 0 0 
76000 100 63.82 0 10 1622.59 0 9.98251 1 22504.5 18.4035 0 0 0 
77000 100 67.79 0 10 1630.36 0 9.98274 1 23057 19.0764 0 0 0 
78000 100 61.98 0 10 1645.95 0 9.98296 1 22104.2 18.4328 0 0 0 
79000 100 60.62 0 10 1670.52 0 9.98317 1 20365.3 16.9008 0 0 0 
80000 100 64.04 0 10 1698.98 0 9.98338 1 18795.3 15.2367 0 0 0 
81000 100 64.83 0 10 1725.94 0 9.98359 1 26277.5 21.2667 0 0 0 
82000 100 69.33 0 10 1754.05 0 9.98379 1 19301.8 15.5832 0 0 0 
83000 100 56.92 0 10 1778.62 0 9.98398 1 16975.5 13.7296 0 0 0 
84000 100 58.3 0 10 1794.1 0 9.98417 1 25679.2 20.7686 0 0 0 
85000 100 57.79 0 10 1828.04 0 9.98436 1 18286.5 14.8815 0 0 0 
86000 100 57.9 0 10 1861.83 0 9.98454 1 19955.2 16.2465 0 0 0 
87000 100 53.38 0 10 1895.36 0 9.98472 1 22030.7 17.8248 0 0 0 
88000 100 56.7 0 10 1928.98 0 9.98489 1 20258.8 16.306 0 0 0 
89000 100 50.62 0 10 1953.34 0 9.98506 1 14670.9 11.807 0 0 0 
90000 100 56.57 0 10 1979.88 0 9.98523 1 16069.2 12.8698 0 0 0 
91000 100 58.45 0 10 2020.8 0 9.98539 1 16076.1 12.8248 0 0 0 
92000 100 55.91 0 10 2058.11 0 9.98555 1 20524.9 16.48 0 0 0 
93000 100 62.95 0 10 2089.08 0 9.98571 1 15421.3 12.3969 0 0 0 
94000 100 59.94 0 10 2121.41 0 9.98586 1 18354.8 14.792 0 0 0 
95000 100 53.32 0 10 2153.12 0 9.98601 1 19186.6 15.3444 0 0 0 
96000 100 50.85 0 10 2190.29 0 9.98615 1 18998.7 15.1812 0 0 0 
97000 100 60.81 0 10 2234.17 0 9.98629 1 18207.4 14.4766 0 0 0 
98000 100 35.81 0 10 2317.59 0 9.98643 1 7246.3 5.78175 0 0 0 
99000 100 38.18 0 10 2429.58 0 9.98657 1 7415.88 5.95727 0 0 0 
100000 100 47.81 0 10 2552.58 0 9.98671 1 10291 8.24903 0 0 0 
101000 100 39.44 0 10 2666.79 0 9.98684 1 10025.1 8.03291 0 0 0 
102000 100 47.29 0 10 2777.38 0 9.98697 1 9613.26 7.66271 0 0 0 
103000 100 57.27 0 10 2853.24 0 9.98709 1 12067.5 9.58403 0 0 0 
104000 100 41.56 0 10 2964.79 0 9.98722 1 5932.99 4.69739 0 0 0 
105000 100 40.88 0 10 3031.89 0 9.98734 1 9549.21 7.6148 0 0 0 
106000 100 44.59 0 10 3133.79 0 9.98746 1 10155.5 8.09641 0 0 0 
107000 100 55.17 0 10 3215.14 0 9.98758 1 5517.99 4.39676 0 0 0 
108000 100 46.49 0 10 3280.02 0 9.98769 1 11210.9 8.94009 0 0 0 
109000 100 50.42 0 10 3351.85 0 9.9878 1 9393.29 7.46051 0 0 0 
110000 100 43.1 0 10 3446.42 0 9.98791 1 7440.82 5.88042 0 0 0 
111000 100 42.93 0 10 3519.12 0 9.98802 1 11466.9 8.99557 0 0 0 
112000 100 41.72 0 10 3619.43 0 9.98813 1 8107.21 6.39629 0 0 0 
113000 100 45.97 0 10 3729.93 0 9.98824 1 7575.19 6.06015 0 0 0 
114000 100 48.78 0 10 3821.16 0 9.98834 1 10594.4 8.4695 0 0 0 
115000 100 44.61 0 10 3928.52 0 9.98844 1 4470.61 3.57745 0 0 0 
116000 100 43.19 0 10 4031.1 0 9.98854 1 3650.71 2.91457 0 0 0 
117000 100 35.89 0 10 4173.18 0 9.98864 1 7919.16 6.34868 0 0 0 
118000 100 45.61 0 10 4295.81 0 9.98873 1 8200.14 6.5555 0 0 0 
119000 100 42.39 0 10 4400.92 0 9.98883 1 4101.67 3.24611 0 0 0 
120000 100 46.24 0 10 4518.88 0 9.98892 1 7322.96 5.831 0 0 0 
121000 100 38.12 0 10 4627.19 0 9.98901 1 5802.27 4.64934 0 0 0 
122000 100 45.41 0 10 4751.74 0 9.9891 1 5159.81 4.13618 0 0 0 
123000 100 50.68 0 10 4877.74 0 9.98919 1 5037.92 4.06227 0 0 0 
124000 100 30.91 0 10 4997.74 0 9.98928 1 6488.55 5.1786 0 0 0 
125000 100 34.94 0 10 5094.26 0 9.98936 1 6059.19 4.77739 0 0 0 
126000 100 47.8 0 10 5174.74 0 9.98945 1 6947.48 5.48901 0 0 0 
127000 100 44.95 0 10 5286.84 0 9.98953 1 3791.15 3.00342 0 0 0 
128000 100 42.44 0 10 5394.75 0 9.98961 1 6909.31 5.43698 0 0 0 
129000 100 40.59 0 10 5515.99 0 9.98969 1 5691.34 4.44504 0 0 0 
130000 100 39.9 0 10 5581.18 0 9.98977 1 9471.72 7.36786 0 0 0 
131000 100 42.12 0 10 5688.35 0 9.98985 1 6866.71 5.36651 0 0 0 
132000 100 39.99 0 10 5804.93 0 9.98993 1 3948.84 3.06112 0 0 0 
133000 100 34.37 0 10 5919.47 0 9.99 1 2676.45 2.07393 0 0 0 
134000 100 42.58 0 10 6039.34 0 9.99008 1 3686.43 2.87259 0 0 0 
135000 100 45 0 10 6165.77 0 9.99015 1 2841.24 2.19054 0 0 0 
136000 100 31.65 0 10 6294.56 0 9.99023 1 2065.65 1.57864 0 0 0 
137000 100 33.8 0 10 6416.66 0 9.9903 1 2796.62 2.15411 0 0 0 
138000 100 41.9 0 10 6510.41 0 9.99037 1 4298.71 3.3347 0 0 0 
139000 100 41.15 0 10 6632.89 0 9.99044 1 3116.9 2.3943 0 0 0 
140000 100 38.38 0 10 6746.32 0 9.9905 1 3378.89 2.62305 0 0 0 
141000 100 43.24 0 10 6897.98 0 9.99057 1 3621.15 2.80807 0 0 0 
142000 100 35.99 0 10 7042.41 0 9.99064 1 2655.05 2.08232 0 0 0 
143000 100 33.97 0 10 7164.82 0 9.9907 1 3690.5 2.91456 0 0 0 
144000 100 35.27 0 10 7303.71 0 9.99077 1 2987.29 2.35788 0 0 0 
145000 100 32.56 0 10 7447.11 0 9.99083 1 4490.85 3.50359 0 0 0 
146000 100 31.92 0 10 7625.47 0 9.99089 1 1946.93 1.5376 0 0 0 
147000 100 24.68 0 10 7784.88 0 9.99096 1 1892.4 1.48532 0 0 0 
148000 100 42.77 0 10 7954.03 0 9.99102 1 2275.95 1.78964 0 0 0 
149000 100 31.52 0 10 8131.8 0 9.99108 1 3016.95 2.36104 0 0 0 
150000 100 24.6 0 10 8323.13 0 9.99114 1 1826.58 1.44402 0 0 0 
151000 100 35.2 0 10 8447.4 0 9.9912 1 3594.04 2.78259 0 0 0 
152000 100 31.02 0 10 8610.87 0 9.99125 1 3257.34 2.52507 0 0 0 
153000 100 41.5 0 10 8754.16 0 9.99131 1 2918.8 2.26164 0 0 0 
154000 100 32.18 0 10 8930.33 0 9.99137 1 3518.71 2.70223 0 0 0 
155000 100 43.53 0 10 9039.6 0 9.99142 1 8418.62 6.43336 0 0 0 
156000 100 37.96 0 10 9226.65 0 9.99148 1 5035.84 3.9128 0 0 0 
157000 100 39.12 0 10 9356.68 0 9.99153 1 4327.89 3.37815 0 0 0 
158000 100 24 0 10 9505.09 0 9.99159 1 3630.12 2.8268 0 0 0 
159000 100 36.68 0 10 9683.98 0 9.99164 1 2803.58 2.17356 0 0 0 
160000 100 35.84 0 10 9860.16 0 9.99169 1 3408.42 2.64252 0 0 0 
161000 100 26.31 0 10 9989.66 0 9.99174 1 1999.11 1.54279 0 0 0 
162000 100 28.04 0 10 10186.5 0 9.99179 1 2031 1.57035 0 0 0 
163000 100 24.77 0 10 10338 0 9.99184 1 1780.21 1.37459 0 0 0 
164000 100 28.63 0 10 10504.2 0 9.99189 1 2543.39 1.98513 0 0 0 
165000 100 32.81 0 10 10663 0 9.99194 1 2993.81 2.34972 0 0 0 
166000 100 21.79 0 10 10850.1 0 9.99199 1 4267.67 3.3864 0 0 0 
167000 100 42.35 0 10 11040.6 0 9.99204 1 3190.46 2.53642 0 0 0 
168000 100 28.32 0 10 11211.5 0 9.99209 1 2005.81 1.60708 0 0 0 
169000 100 37.39 0 10 11412.3 0 9.99213 1 2216.44 1.79463 0 0 0 
170000 100 28.71 0 10 11566.5 0 9.99218 1 1672.78 1.35078 0 0 0 
171000 100 40.62 0 10 11712.4 0 9.99223 1 2635.9 2.12448 0 0 0 
172000 100 30.24 0 10 11877.8 0 9.99227 1 5142.58 4.14886 0 0 0 
173000 100 35.39 0 10 12032.6 0 9.99232 1 3011.47 2.44132 0 0 0 
174000 100 39.61 0 10 12168.5 0 9.99236 1 3662.02 2.97784 0 0 0 
175000 100 36.94 0 10 12272.5 0 9.9924 1 5493.93 4.48245 0 0 0 
176000 100 33.66 0 10 12404.2 0 9.99245 1 2522.92 2.07327 0 0 0 
177000 100 33.11 0 10 12524.2 0 9.99249 1 3043.05 2.50485 0 0 0 
178000 100 42.28 0 10 12684.9 0 9.99253 1 6989.64 5.83344 0 0 0 
179000 100 45 0 10 12800.4 0 9.99257 1 7486.74 6.17848 0 0 0 
180000 100 33.83 0 10 12879.9 0 9.99261 1 4674.22 3.9666 0 0 0 
181000 100 37.11 0 10 13005.3 0 9.99266 1 5654.65 4.80521 0 0 0 
182000 100 35.25 0 10 13120.1 0 9.9927 1 3074.16 2.59717 0 0 0 
183000 100 37.19 0 10 13277.6 0 9.99274 1 3491.04 3.02142 0 0 0 
184000 100 32 0 10 13478.2 0 9.99278 1 3140.68 2.68578 0 0 0 
185000 100 29.41 0 10 13641.5 0 9.99281 1 2149.71 1.84495 0 0 0 
186000 100 26.56 0 10 13803.4 0 9.99285 1 3339.25 2.8391 0 0 0 
187000 100 23.39 0 10 13939.9 0 9.99289 1 1788.42 1.53582 0 0 0 
188000 100 30.19 0 10 14118 0 9.99293 1 2639.52 2.24171 0 0 0 
189000 100 24.77 0 10 14278.7 0 9.99297 1 2086.1 1.75486 0 0 0 
190000 100 23.58 0 10 14442.9 0 9.993 1 1934.66 1.62637 0 0 0 
191000 100 28.44 0 10 14611.7 0 9.99304 1 2342.34 2.01437 0 0 0 
192000 100 26.16 0 10 14796 0 9.99308 1 2095.57 1.82082 0 0 0 
193000 100 35.31 0 10 14940.5 0 9.99311 1 2033.16 1.78363 0 0 0 
194000 100 26.96 0 10 15105.8 0 9.99315 1 1893.53 1.66343 0 0 0 
195000 100 23.66 0 10 15291.9 0 9.99318 1 1778.98 1.56214 0 0 0 
196000 100 25.76 0 10 15439.8 0 9.99322 1 1952.01 1.7107 0 0 0 
197000 100 25.82 0 10 15614.6 0 9.99325 1 1952.11 1.71506 0 0 0 
198000 100 30.27 0 10 15804.2 0 9.99329 1 1875.7 1.6443 0 0 0 
199000 100 26.29 0 10 15978 0 9.99332 1 2201.86 1.91941 0 0 0 
200000 100 26.32 0 10 16174.3 0 9.99335 1 1821.42 1.57873 0 0 0 
201000 100 25.54 0 10 16373 0 9.99339 1 1780.51 1.56439 0 0 0 
202000 100 23.15 0 10 16563.3 0 9.99342 1 1779.12 1.54825 0 0 0 
203000 100 28.2 0 10 16747.3 0 9.99345 1 2142.32 1.88186 0 0 0 
204000 100 28.15 0 10 16899.6 0 9.99348 1 6433.87 5.61305 0 0 0 
205000 100 27.27 0 10 17072 0 9.99352 1 3719.18 3.25773 0 0 0 
206000 100 27.68 0 10 17209.1 0 9.99355 1 1862.87 1.63417 0 0 0 
207000 100 39.21 0 10 17347.7 0 9.99358 1 2472.45 2.2178 0 0 0 
208000 100 32.77 0 10 17501.2 0 9.99361 1 4733.32 4.3145 0 0 0 
209000 100 33.48 0 10 17646.1 0 9.99364 1 2361.63 2.1513 0 0 0 
210000 100 36.21 0 10 17767.3 0 9.99367 1 3430.33 3.11666 0 0 0 
211000 100 35.13 0 10 17890.7 0 9.9937 1 3107.09 2.79846 0 0 0 
212000 100 29.58 0 10 17980.2 0 9.99373 1 4063.2 3.67936 0 0 0 
213000 100 28.9 0 10 18114 0 9.99376 1 3474.87 3.14493 0 0 0 
214000 100 38.95 0 10 18247.4 0 9.99379 1 3909.06 3.59952 0 0 0 
215000 100 36.07 0 10 18390.2 0 9.99382 1 5180.1 4.76792 0 0 0 
216000 100 52.93 0 10 18507.7 0 9.99385 1 4741.84 4.3525 0 0 0 
217000 100 35.3 0 10 18602 0 9.99387 1 6825.08 6.25768 0 0 0 
218000 100 28.41 0 10 18753.7 0 9.9939 1 2401.32 2.22217 0 0 0 
219000 100 23.61 0 10 18901.3 0 9.99393 1 2101.51 1.96893 0 0 0 
220000 100 31.67 0 10 19057.6 0 9.99396 1 3308.27 3.0953 0 0 0 
221000 100 42.22 0 10 19205.8 0 9.99398 1 3397.31 3.162 0 0 0 
222000 100 34.71 0 10 19351.4 0 9.99401 1 5380.97 4.99273 0 0 0 
223000 100 38.07 0 10 19482.9 0 9.99404 1 2633.74 2.44397 0 0 0 
224000 100 41.87 0 10 19575.2 0 9.99407 1 3813.07 3.53211 0 0 0 
225000 100 45.58 0 10 19693 0 9.99409 1 4175.43 3.87043 0 0 0 
226000 100 35.09 0 10 19853.7 0 9.99412 1 2506.43 2.30064 0 0 0 
227000 100 29.73 0 10 20000.1 0 9.99414 1 3178.54 2.92907 0 0 0 
228000 100 31.64 0 10 20162.6 0 9.99417 1 2865.38 2.61576 0 0 0 
229000 100 29.44 0 10 20337.4 0 9.99419 1 2351.75 2.13972 0 0 0 
230000 100 28.56 0 10 20507.8 0 9.99422 1 2418.94 2.21606 0 0 0 
231000 100 32.15 0 10 20667.2 0 9.99425 1 1935.39 1.78495 0 0 0 
232000 100 36.94 0 10 20856.8 0 9.99427 1 2760.45 2.54866 0 0 0 
233000 100 25.89 0 10 21053 0 9.99429 1 2788.62 2.60513 0 0 0 
234000 100 33.34 0 10 21229.1 0 9.99432 1 1784.13 1.69031 0 0 0 
235000 100 30.88 0 10 21417.9 0 9.99434 1 1721.52 1.64049 0 0 0 
236000 100 26 0 10 21606.5 0 9.99437 1 1821.02 1.74613 0 0 0 
237000 100 31.62 0 10 21757.2 0 9.99439 1 2329.7 2.22287 0 0 0 
238000 100 30.75 0 10 21953.9 0 9.99441 1 2175.5 2.0629 0 0 0 
239000 100 25.51 0 10 22098.1 0 9.99444 1 1681.62 1.57861 0 0 0 
240000 100 25.94 0 10 22278.4 0 9.99446 1 1915.97 1.77756 0 0 0 
241000 100 23.61 0 10 22465.6 0 9.99448 1 1776.69 1.65514 0 0 0 
242000 100 23.07 0 10 22657.3 0 9.99451 1 1760.15 1.61522 0 0 0 
243000 100 19.74 0 10 22862.2 0 9.99453 1 1677.75 1.52117 0 0 0 
244000 100 17.05 0 10 23074.1 0 9.99455 1 1528.26 1.37326 0 0 0 
245000 100 31.02 0 10 23266.9 0 9.99457 1 1700.85 1.53592 0 0 0 
246000 100 23.17 0 10 23497.6 0 9.9946 1 1564.01 1.4164 0 0 0 
247000 100 21.86 0 10 23704.8 0 9.99462 1 1666.83 1.50765 0 0 0 
248000 100 21.98 0 10 23906.2 0 9.99464 1 2563.18 2.30784 0 0 0 
249000 100 25.3 0 10 24102.7 0 9.99466 1 2264.93 2.01742 0 0 0 
250000 100 20.21 0 10 24260.7 0 9.99468 1 1647.42 1.50938 0 0 0 