# Avida Average Deme Data
# Sun Apr  6 19:11:16 2014
#  1: Update
#  2: Count
#  3: Age
#  4: Births
#  5: Organisms
#  6: Generation
#  7: Births (at last replication)
#  8: Organisms (at last replication)
#  9: Merit
# 10: Gestation Time
# 11: Time Used (normalized by org fitness)
# 12: Generations between current and last founders
# 13: Events killed
# 14: Attempts to kill event

0 100 0 0 1 0 0 0 1 0 0 0 0 0 
1000 100 60.62 0 10 9.43 0 8.6003 1 39291 33.8672 0 0 0 
2000 100 67.23 0 10 19.79 0 9.2998 1 41684.8 35.9053 0 0 0 
3000 100 67.13 0 10 29.64 0 9.53312 1 38590.2 33.3196 0 0 0 
4000 100 67.27 0 10 40.51 0 9.64981 1 41936.6 36.1194 0 0 0 
5000 100 72.18 0 10 53.31 0 9.71984 1 41827 35.7878 0 0 0 
6000 100 75.51 0 10 61.4 0 9.76652 1 39717.1 34.327 0 0 0 
7000 100 79.95 0 10 72.93 0 9.79987 1 39024.8 33.8473 0 0 0 
8000 100 67.16 0 10 82.35 0 9.82488 1 43111.5 37.473 0 0 0 
9000 100 74.89 0 10 93.98 0 9.84434 1 42347.2 36.5112 0 0 0 
10000 100 73.82 0 10 107.6 0 9.8599 1 40301.4 34.709 0 0 0 
11000 100 80.13 0 10 116.09 0 9.87264 1 40653 35.3217 0 0 0 
12000 100 78.14 0 10 128.3 0 9.88325 1 40468.6 35.364 0 0 0 
13000 100 76.32 0 10 139.05 0 9.89223 1 42106.9 37.0839 0 0 0 
14000 100 70.67 0 10 148.21 0 9.89993 1 39673.8 34.8603 0 0 0 
15000 100 77.35 0 10 160.75 0 9.9066 1 38393.1 34.0985 0 0 0 
16000 100 69.78 0 10 172.73 0 9.91244 1 39066.5 34.7551 0 0 0 
17000 100 66.83 0 10 188.84 0 9.91759 1 41604.5 36.93 0 0 0 
18000 100 69.19 0 10 199.16 0 9.92217 1 37114 33.2771 0 0 0 
19000 100 66.27 0 10 211.88 0 9.92626 1 35158.9 31.8929 0 0 0 
20000 100 71.45 0 10 225.53 0 9.92995 1 37990.9 35.1481 0 0 0 
21000 100 73.52 0 10 238.24 0 9.93328 1 34994.4 32.3761 0 0 0 
22000 100 71.27 0 10 251.37 0 9.93632 1 32732.3 30.2647 0 0 0 
23000 100 64.63 0 10 267.49 0 9.93909 1 31314.3 29.0408 0 0 0 
24000 100 66.65 0 10 280.44 0 9.94162 1 33740.5 31.2443 0 0 0 
25000 100 72.54 0 10 298.52 0 9.94396 1 33803.8 31.3377 0 0 0 
26000 100 72.63 0 10 315.15 0 9.94611 1 34876.8 32.367 0 0 0 
27000 100 63.96 0 10 336.56 0 9.94811 1 33771.1 31.0185 0 0 0 
28000 100 69.85 0 10 361.26 0 9.94996 1 30553.3 28.0162 0 0 0 
29000 100 73.99 0 10 375.01 0 9.95169 1 37810.1 34.5894 0 0 0 
30000 100 73.23 0 10 397.28 0 9.9533 1 33756.7 30.8664 0 0 0 
31000 100 62.34 0 10 417.84 0 9.9548 1 33960.2 31.038 0 0 0 
32000 100 63.53 0 10 440.93 0 9.95622 1 34260.9 31.339 0 0 0 
33000 100 70.34 0 10 460.48 0 9.95754 1 40021.8 36.5334 0 0 0 
34000 100 68.54 0 10 480.12 0 9.95879 1 32222.2 29.3329 0 0 0 
35000 100 66.13 0 10 493.5 0 9.95997 1 31842 29.0383 0 0 0 
36000 100 80.5 0 10 514.54 0 9.96108 1 34575.8 31.5952 0 0 0 
37000 100 65.75 0 10 534.35 0 9.96213 1 31447.2 28.7029 0 0 0 
38000 100 63 0 10 550.36 0 9.96313 1 33031.5 30.1656 0 0 0 
39000 100 69.78 0 10 560.3 0 9.96408 1 37877.3 34.5463 0 0 0 
40000 100 68 0 10 577.54 0 9.96497 1 37768.2 34.3997 0 0 0 
41000 100 60.43 0 10 595.11 0 9.96583 1 32403.8 29.5497 0 0 0 
42000 100 68.73 0 10 610.19 0 9.96664 1 33877.7 30.7732 0 0 0 
43000 100 61.28 0 10 627.26 0 9.96742 1 40142.8 36.2582 0 0 0 
44000 100 61.85 0 10 644.48 0 9.96816 1 38000.4 34.26 0 0 0 
45000 100 70.13 0 10 657.74 0 9.96887 1 32763 29.6133 0 0 0 
46000 100 74.81 0 10 673.76 0 9.96954 1 31790.8 28.789 0 0 0 
47000 100 65.9 0 10 694.36 0 9.97019 1 35044 31.6347 0 0 0 
48000 100 66.95 0 10 711.96 0 9.97081 1 31255 28.2065 0 0 0 
49000 100 66.84 0 10 732.46 0 9.97141 1 31038 28.166 0 0 0 
50000 100 69.76 0 10 749.05 0 9.97198 1 30876.3 28.1626 0 0 0 
51000 100 73.24 0 10 757.89 0 9.97253 1 36849.3 33.4639 0 0 0 
52000 100 73.75 0 10 764.74 0 9.97306 1 40634.5 36.7854 0 0 0 
53000 100 80.15 0 10 775.98 0 9.97356 1 34545.3 31.204 0 0 0 
54000 100 71.47 0 10 794.29 0 9.97405 1 33770.2 30.4799 0 0 0 
55000 100 70.06 0 10 809.26 0 9.97453 1 33577.1 30.3041 0 0 0 
56000 100 75.13 0 10 825.64 0 9.97498 1 33304.8 30.0941 0 0 0 
57000 100 70.09 0 10 843.2 0 9.97542 1 29292.7 26.5056 0 0 0 
58000 100 67.01 0 10 860.8 0 9.97584 1 28141.1 25.4017 0 0 0 
59000 100 62.53 0 10 879.67 0 9.97625 1 30589.6 27.5634 0 0 0 
60000 100 66.32 0 10 901.47 0 9.97665 1 29462 26.6797 0 0 0 
61000 100 68.61 0 10 916.95 0 9.97703 1 33620.4 30.5132 0 0 0 
62000 100 69.02 0 10 931.38 0 9.9774 1 30940 28.0117 0 0 0 
63000 100 69.43 0 10 944.64 0 9.97776 1 27184.6 24.5882 0 0 0 
64000 100 61.8 0 10 960.86 0 9.97811 1 29762.5 27.0632 0 0 0 
65000 100 69.77 0 10 981.34 0 9.97844 1 30516.3 27.5001 0 0 0 
66000 100 58.84 0 10 997.36 0 9.97877 1 36404.2 32.6525 0 0 0 
67000 100 71.04 0 10 1013.8 0 9.97909 1 35731.4 32.0215 0 0 0 
68000 100 77.86 0 10 1024.96 0 9.9794 1 32275.6 28.8685 0 0 0 
69000 100 57.58 0 10 1049.51 0 9.97969 1 37971.7 34.6412 0 0 0 
70000 100 72.67 0 10 1076.47 0 9.97998 1 34155.1 31.4323 0 0 0 
71000 100 65.02 0 10 1095.11 0 9.98027 1 28818.3 26.3751 0 0 0 
72000 100 66.72 0 10 1106.72 0 9.98054 1 31448.8 28.7193 0 0 0 
73000 100 74.29 0 10 1131.11 0 9.98081 1 29689.8 27.1021 0 0 0 
74000 100 63.19 0 10 1156.1 0 9.98107 1 32028.8 29.3006 0 0 0 
75000 100 65.28 0 10 1175.73 0 9.98132 1 31886.1 29.2109 0 0 0 
76000 100 67.55 0 10 1190.44 0 9.98156 1 33338.9 30.2709 0 0 0 
77000 100 72.69 0 10 1207.65 0 9.9818 1 31120.1 28.2277 0 0 0 
78000 100 70.77 0 10 1227.54 0 9.98204 1 31410.7 28.4599 0 0 0 
79000 100 72.59 0 10 1247.52 0 9.98226 1 28992.8 25.994 0 0 0 
80000 100 71.79 0 10 1264.46 0 9.98249 1 29149.8 26.1032 0 0 0 
81000 100 63.17 0 10 1278.76 0 9.9827 1 31984.3 28.6231 0 0 0 
82000 100 61.73 0 10 1295.4 0 9.98291 1 34452.2 30.6442 0 0 0 
83000 100 62.64 0 10 1311.59 0 9.98312 1 30433.9 27.0302 0 0 0 
84000 100 70.34 0 10 1329.16 0 9.98332 1 33464.9 29.5412 0 0 0 
85000 100 57.06 0 10 1352.27 0 9.98352 1 31432.6 27.5302 0 0 0 
86000 100 53.94 0 10 1372.14 0 9.98371 1 32433.9 28.1905 0 0 0 
87000 100 48.24 0 10 1397.19 0 9.9839 1 33484.3 29.1714 0 0 0 
88000 100 74.25 0 10 1421.37 0 9.98408 1 35227.2 30.9912 0 0 0 
89000 100 67.48 0 10 1450.68 0 9.98426 1 30424.8 26.7328 0 0 0 
90000 100 64.25 0 10 1473.86 0 9.98443 1 30574.3 26.802 0 0 0 
91000 100 77.5 0 10 1498.64 0 9.9846 1 28216.7 24.7637 0 0 0 
92000 100 68.3 0 10 1517.55 0 9.98477 1 32625.3 28.7426 0 0 0 
93000 100 70.64 0 10 1539.57 0 9.98493 1 29229.9 25.6728 0 0 0 
94000 100 68.71 0 10 1558.43 0 9.98509 1 32606.7 28.4285 0 0 0 
95000 100 71.74 0 10 1569.77 0 9.98525 1 27322 23.8413 0 0 0 
96000 100 69.81 0 10 1590.12 0 9.98541 1 26497.5 23.1189 0 0 0 
97000 100 57.89 0 10 1612.26 0 9.98556 1 27962.8 24.0268 0 0 0 
98000 100 72.11 0 10 1628.68 0 9.9857 1 31472.1 26.7914 0 0 0 
99000 100 72 0 10 1640.06 0 9.98585 1 31907.2 27.1275 0 0 0 
100000 100 66.04 0 10 1657.22 0 9.98599 1 33387.6 28.6911 0 0 0 
101000 100 71.01 0 10 1688.58 0 9.98613 1 29612.3 24.9539 0 0 0 
102000 100 60.31 0 10 1700.21 0 9.98626 1 31884.9 26.928 0 0 0 
103000 100 70.15 0 10 1717.43 0 9.9864 1 29567.2 24.9788 0 0 0 
104000 100 77.17 0 10 1735.23 0 9.98653 1 27463.8 23.236 0 0 0 
105000 100 56.89 0 10 1751.91 0 9.98666 1 30215.7 25.7513 0 0 0 
106000 100 72.83 0 10 1768.78 0 9.98678 1 34083.7 29.1018 0 0 0 
107000 100 67.72 0 10 1780.67 0 9.98691 1 31595.5 26.9704 0 0 0 
108000 100 64.41 0 10 1792.17 0 9.98703 1 30461.8 26.0545 0 0 0 
109000 100 72.81 0 10 1811.17 0 9.98715 1 29518.1 25.2674 0 0 0 
110000 100 70.5 0 10 1829.16 0 9.98726 1 28965.1 24.7062 0 0 0 
111000 100 64.65 0 10 1842 0 9.98738 1 34947.3 29.9885 0 0 0 
112000 100 64.7 0 10 1857.93 0 9.98749 1 35203 30.3888 0 0 0 
113000 100 62.99 0 10 1870.37 0 9.9876 1 38486.6 32.9151 0 0 0 
114000 100 63.08 0 10 1885 0 9.98771 1 30211.5 25.987 0 0 0 
115000 100 65.48 0 10 1905.31 0 9.98782 1 38518.4 33.0167 0 0 0 
116000 100 59.66 0 10 1929.76 0 9.98792 1 34930.5 29.8915 0 0 0 
117000 100 62.92 0 10 1950.48 0 9.98802 1 32851.4 28.0098 0 0 0 
118000 100 55.96 0 10 1968.38 0 9.98813 1 28418.7 24.2393 0 0 0 
119000 100 61.78 0 10 1985.12 0 9.98823 1 29948.1 25.5926 0 0 0 
120000 100 65.66 0 10 2002.8 0 9.98832 1 31194.1 26.5495 0 0 0 
121000 100 60.64 0 10 2016.73 0 9.98842 1 27804.8 23.6552 0 0 0 
122000 100 58.09 0 10 2033.99 0 9.98852 1 33267 28.3351 0 0 0 
123000 100 72.55 0 10 2050.87 0 9.98861 1 27147.3 23.1038 0 0 0 
124000 100 56.55 0 10 2073.58 0 9.9887 1 30086.1 25.5089 0 0 0 
125000 100 60.84 0 10 2094.68 0 9.98879 1 30582 25.8113 0 0 0 
126000 100 66.02 0 10 2114.26 0 9.98888 1 35002.8 29.4114 0 0 0 
127000 100 71.76 0 10 2129.96 0 9.98897 1 32050.5 26.4359 0 0 0 
128000 100 58.3 0 10 2147.42 0 9.98905 1 27991.2 23.1026 0 0 0 
129000 100 72.11 0 10 2163.9 0 9.98914 1 31082.8 25.4647 0 0 0 
130000 100 65.5 0 10 2175.21 0 9.98922 1 28820.6 23.3903 0 0 0 
131000 100 71.2 0 10 2189.4 0 9.9893 1 29947.3 24.3091 0 0 0 
132000 100 60.76 0 10 2200.89 0 9.98939 1 32102.1 26.0184 0 0 0 
133000 100 61.64 0 10 2216.85 0 9.98947 1 29584 23.9038 0 0 0 
134000 100 65.35 0 10 2234.95 0 9.98954 1 35000.8 28.3855 0 0 0 
135000 100 61.35 0 10 2254.74 0 9.98962 1 33464 27.1735 0 0 0 
136000 100 63.56 0 10 2263.91 0 9.9897 1 30056.3 24.2544 0 0 0 
137000 100 60.29 0 10 2281.69 0 9.98977 1 29099.9 23.5234 0 0 0 
138000 100 65.49 0 10 2297.5 0 9.98985 1 25233.2 20.5119 0 0 0 
139000 100 54.66 0 10 2311.91 0 9.98992 1 27716.6 22.2427 0 0 0 
140000 100 71.96 0 10 2324.39 0 9.98999 1 33563.6 27.076 0 0 0 
141000 100 64.85 0 10 2341.77 0 9.99006 1 34777.9 28.2765 0 0 0 
142000 100 73.41 0 10 2361.24 0 9.99013 1 33111.1 27.1242 0 0 0 
143000 100 70.22 0 10 2372.93 0 9.9902 1 33975.7 27.7329 0 0 0 
144000 100 60.39 0 10 2379.07 0 9.99027 1 29641.4 24.1652 0 0 0 
145000 100 66.76 0 10 2397.13 0 9.99034 1 36349.2 29.7615 0 0 0 
146000 100 61.94 0 10 2414.28 0 9.9904 1 33695.1 27.6394 0 0 0 
147000 100 78.36 0 10 2433.42 0 9.99047 1 31231.8 25.6159 0 0 0 
148000 100 75.05 0 10 2453.09 0 9.99053 1 34647.4 28.3634 0 0 0 
149000 100 83.86 0 10 2469.62 0 9.9906 1 30043.6 24.5854 0 0 0 
150000 100 62.87 0 10 2489.27 0 9.99066 1 30511 24.9986 0 0 0 
151000 100 71.9 0 10 2504.68 0 9.99072 1 33158 27.1029 0 0 0 
152000 100 69.79 0 10 2524.76 0 9.99078 1 37126.8 30.366 0 0 0 
153000 100 72.91 0 10 2539.97 0 9.99084 1 37656.4 30.9836 0 0 0 
154000 100 76.21 0 10 2553.13 0 9.9909 1 36109.2 29.8913 0 0 0 
155000 100 65.89 0 10 2569.13 0 9.99096 1 36550.6 30.3632 0 0 0 
156000 100 60.63 0 10 2580.83 0 9.99102 1 32396.9 27.0052 0 0 0 
157000 100 62.4 0 10 2597.21 0 9.99108 1 36001.2 29.8086 0 0 0 
158000 100 76.4 0 10 2608.76 0 9.99113 1 35040.6 28.898 0 0 0 
159000 100 68.89 0 10 2615.71 0 9.99119 1 36208.6 30.0664 0 0 0 
160000 100 67.59 0 10 2630.76 0 9.99124 1 32049.3 26.5574 0 0 0 
161000 100 60.62 0 10 2645.06 0 9.9913 1 32193 26.8105 0 0 0 
162000 100 65.39 0 10 2661.42 0 9.99135 1 32602 27.1542 0 0 0 
163000 100 72.11 0 10 2682.31 0 9.9914 1 34976.6 28.9143 0 0 0 
164000 100 69.53 0 10 2703.22 0 9.99146 1 30757.8 25.3929 0 0 0 
165000 100 64.03 0 10 2727.17 0 9.99151 1 27680.6 22.86 0 0 0 
166000 100 62.59 0 10 2757.35 0 9.99156 1 27435.1 22.5353 0 0 0 
167000 100 63.2 0 10 2789.37 0 9.99161 1 26962.1 22.2521 0 0 0 
168000 100 55.3 0 10 2818.26 0 9.99166 1 27544.6 22.7883 0 0 0 
169000 100 55.2 0 10 2840.85 0 9.99171 1 27462.3 22.8553 0 0 0 
170000 100 59.29 0 10 2859.19 0 9.99176 1 24186.6 20.0209 0 0 0 
171000 100 69.74 0 10 2882.56 0 9.99181 1 29543.4 24.4399 0 0 0 
172000 100 54.41 0 10 2914.56 0 9.99185 1 24556.8 20.3147 0 0 0 
173000 100 64.35 0 10 2925.84 0 9.9919 1 28297.4 23.3238 0 0 0 
174000 100 59.36 0 10 2938.77 0 9.99195 1 34240.1 28.0656 0 0 0 
175000 100 62.95 0 10 2974.93 0 9.99199 1 25660.1 20.9926 0 0 0 
176000 100 69.26 0 10 2991.41 0 9.99204 1 26115.2 21.3549 0 0 0 
177000 100 57.07 0 10 3018.37 0 9.99208 1 26679 21.6058 0 0 0 
178000 100 69.28 0 10 3041.95 0 9.99213 1 27549.6 22.2479 0 0 0 
179000 100 56.83 0 10 3069.48 0 9.99217 1 28499 22.9364 0 0 0 
180000 100 58.08 0 10 3095.75 0 9.99222 1 29183.7 23.4358 0 0 0 
181000 100 65.05 0 10 3119.56 0 9.99226 1 34341.8 27.5641 0 0 0 
182000 100 70.79 0 10 3143.75 0 9.9923 1 26424.2 21.0927 0 0 0 
183000 100 62.44 0 10 3165.4 0 9.99234 1 33450.9 26.771 0 0 0 
184000 100 56.57 0 10 3192.39 0 9.99239 1 32431.1 25.8187 0 0 0 
185000 100 63.78 0 10 3210.18 0 9.99243 1 30734.9 24.4723 0 0 0 
186000 100 65.44 0 10 3232.05 0 9.99247 1 25861.5 20.7365 0 0 0 
187000 100 65.34 0 10 3249.9 0 9.99251 1 27059.7 21.7127 0 0 0 
188000 100 57.1 0 10 3280.44 0 9.99255 1 22333.4 17.9208 0 0 0 
189000 100 60.24 0 10 3301.07 0 9.99259 1 25529.1 20.6475 0 0 0 
190000 100 60.02 0 10 3326.4 0 9.99263 1 28813 23.2357 0 0 0 
191000 100 59.96 0 10 3354.39 0 9.99266 1 23743.6 19.1261 0 0 0 
192000 100 63.98 0 10 3374.1 0 9.9927 1 23270.2 18.6809 0 0 0 
193000 100 58.52 0 10 3396.34 0 9.99274 1 23202.9 18.4764 0 0 0 
194000 100 66.41 0 10 3419.31 0 9.99278 1 28865.2 23.0192 0 0 0 
195000 100 55.34 0 10 3439.22 0 9.99281 1 29554 23.7037 0 0 0 
196000 100 61.71 0 10 3464.58 0 9.99285 1 25463.5 20.401 0 0 0 
197000 100 64.51 0 10 3482.96 0 9.99289 1 28179.8 22.6212 0 0 0 
198000 100 59.87 0 10 3509.3 0 9.99292 1 24509.9 19.7562 0 0 0 
199000 100 75.1 0 10 3538.46 0 9.99296 1 23623.4 19.1386 0 0 0 
200000 100 51.96 0 10 3564.86 0 9.99299 1 26382.7 21.3999 0 0 0 
201000 100 68.52 0 10 3582.05 0 9.99303 1 27299.6 22.0366 0 0 0 
202000 100 67.12 0 10 3611.97 0 9.99306 1 24691.1 19.9736 0 0 0 
203000 100 66.71 0 10 3638.48 0 9.9931 1 25696.3 20.8467 0 0 0 
204000 100 64.19 0 10 3655.77 0 9.99313 1 28016.2 22.604 0 0 0 
205000 100 51.51 0 10 3662.25 0 9.99317 1 28440 22.68 0 0 0 
206000 100 75.01 0 10 3667.85 0 9.9932 1 29350.4 23.2196 0 0 0 
207000 100 64.2 0 10 3687.25 0 9.99323 1 26943.2 21.3085 0 0 0 
208000 100 73.93 0 10 3706.84 0 9.99326 1 27279.4 21.638 0 0 0 
209000 100 66.79 0 10 3731.27 0 9.9933 1 25901.1 20.7103 0 0 0 
210000 100 57.86 0 10 3746.89 0 9.99333 1 26344.3 20.8826 0 0 0 
211000 100 62.39 0 10 3769.02 0 9.99336 1 30065.3 24.0753 0 0 0 
212000 100 66.07 0 10 3791.94 0 9.99339 1 25535.5 20.523 0 0 0 
213000 100 58.3 0 10 3806.91 0 9.99342 1 25990.5 20.9007 0 0 0 
214000 100 54.75 0 10 3836.81 0 9.99345 1 32356.6 26.0576 0 0 0 
215000 100 60.15 0 10 3851.6 0 9.99348 1 24873.7 19.8294 0 0 0 
216000 100 50.65 0 10 3875.39 0 9.99351 1 25385.7 20.1849 0 0 0 
217000 100 70.62 0 10 3904.94 0 9.99354 1 29619.1 23.6738 0 0 0 
218000 100 57.01 0 10 3935.28 0 9.99357 1 26454.8 21.1184 0 0 0 
219000 100 62.72 0 10 3953.66 0 9.9936 1 28532.2 22.9595 0 0 0 
220000 100 64.32 0 10 3979.76 0 9.99363 1 29133.5 23.4586 0 0 0 
221000 100 57.49 0 10 3986.95 0 9.99366 1 24202.7 19.4722 0 0 0 
222000 100 61.54 0 10 4017.01 0 9.99369 1 26719.7 21.4877 0 0 0 
223000 100 57.74 0 10 4042.6 0 9.99372 1 28384.4 22.8179 0 0 0 
224000 100 67.15 0 10 4062.48 0 9.99375 1 25237.4 20.2473 0 0 0 
225000 100 60.78 0 10 4080.41 0 9.99377 1 24316 19.3753 0 0 0 
226000 100 56.78 0 10 4094.93 0 9.9938 1 23369.5 18.4542 0 0 0 
227000 100 64.17 0 10 4118.33 0 9.99383 1 24881.1 19.7187 0 0 0 
228000 100 60.99 0 10 4142.37 0 9.99385 1 28092.2 22.1923 0 0 0 
229000 100 66.51 0 10 4163.69 0 9.99388 1 28187.3 22.4194 0 0 0 
230000 100 69.13 0 10 4177.57 0 9.99391 1 30132.9 23.8475 0 0 0 
231000 100 58.7 0 10 4199.96 0 9.99393 1 26405.5 20.9942 0 0 0 
232000 100 72.24 0 10 4222.17 0 9.99396 1 28490.9 22.715 0 0 0 
233000 100 63.77 0 10 4246.27 0 9.99399 1 22769.2 18.1021 0 0 0 
234000 100 65.39 0 10 4270.78 0 9.99401 1 28471.8 22.5239 0 0 0 
235000 100 66 0 10 4289.58 0 9.99404 1 30345.5 23.8171 0 0 0 
236000 100 69.58 0 10 4306.94 0 9.99406 1 26046.8 20.4492 0 0 0 
237000 100 63.1 0 10 4319.57 0 9.99409 1 33521.7 26.377 0 0 0 
238000 100 60.33 0 10 4338.31 0 9.99411 1 19081.9 15.2223 0 0 0 
239000 100 60.57 0 10 4361.78 0 9.99414 1 27782.1 22.1398 0 0 0 
240000 100 66.95 0 10 4392.87 0 9.99416 1 24798 19.918 0 0 0 
241000 100 59.63 0 10 4418.55 0 9.99419 1 26217.9 21.1334 0 0 0 
242000 100 65.09 0 10 4441.4 0 9.99421 1 37245.6 29.8469 0 0 0 
243000 100 62.05 0 10 4474 0 9.99423 1 27962.3 22.3732 0 0 0 
244000 100 56.49 0 10 4506.93 0 9.99426 1 21445.6 17.2305 0 0 0 
245000 100 68.53 0 10 4535.58 0 9.99428 1 23500.9 18.8562 0 0 0 
246000 100 52.88 0 10 4562.81 0 9.9943 1 28239.7 22.8233 0 0 0 
247000 100 51.31 0 10 4587.57 0 9.99433 1 23997.2 19.385 0 0 0 
248000 100 61.47 0 10 4609.07 0 9.99435 1 23129.6 18.6834 0 0 0 
249000 100 65.44 0 10 4631.85 0 9.99437 1 21620.8 17.4186 0 0 0 
250000 100 57.68 0 10 4656.11 0 9.9944 1 27035.8 21.8086 0 0 0 