# Avida Average Deme Data
# Mon Apr  7 06:23:40 2014
#  1: Update
#  2: Count
#  3: Age
#  4: Births
#  5: Organisms
#  6: Generation
#  7: Births (at last replication)
#  8: Organisms (at last replication)
#  9: Merit
# 10: Gestation Time
# 11: Time Used (normalized by org fitness)
# 12: Generations between current and last founders
# 13: Events killed
# 14: Attempts to kill event

0 100 0 0 1 0 0 0 1 0 0 0 0 0 
1000 100 67.18 0 10 10.1 0 8.64416 1 36840 31.7474 0 0 0 
2000 100 63.03 0 10 20.05 0 9.32174 1 36536.5 31.4508 0 0 0 
3000 100 72.96 0 10 29.53 0 9.54775 1 42316.1 36.4335 0 0 0 
4000 100 64.71 0 10 39.13 0 9.66078 1 44088.1 38.0286 0 0 0 
5000 100 77.66 0 10 48.08 0 9.72861 1 45351.6 39.1699 0 0 0 
6000 100 67.16 0 10 62.57 0 9.77384 1 38627.1 33.3106 0 0 0 
7000 100 84.54 0 10 68.58 0 9.80614 1 39837.4 34.0947 0 0 0 
8000 100 69.44 0 10 74.78 0 9.83037 1 39705 33.8543 0 0 0 
9000 100 53.52 0 10 87.32 0 9.84922 1 35967.4 30.5948 0 0 0 
10000 100 62.44 0 10 98.06 0 9.86429 1 43181.8 36.568 0 0 0 
11000 100 66.58 0 10 112.62 0 9.87663 1 38200.1 32.6389 0 0 0 
12000 100 73.16 0 10 126.6 0 9.88691 1 39662.1 33.8044 0 0 0 
13000 100 67.02 0 10 142.55 0 9.89561 1 36038.9 30.7546 0 0 0 
14000 100 68.25 0 10 151.7 0 9.90306 1 38736.7 33.1501 0 0 0 
15000 100 81.98 0 10 166.58 0 9.90953 1 34544.2 29.4831 0 0 0 
16000 100 71.56 0 10 179.24 0 9.91518 1 36398 31.1366 0 0 0 
17000 100 71.88 0 10 188.31 0 9.92017 1 38136.5 32.4224 0 0 0 
18000 100 71.25 0 10 201.16 0 9.9246 1 35485.1 30.0431 0 0 0 
19000 100 73.09 0 10 211.13 0 9.92857 1 39258.2 33.3902 0 0 0 
20000 100 75.49 0 10 223.85 0 9.93214 1 37460.5 31.9947 0 0 0 
21000 100 74.36 0 10 242 0 9.93537 1 27484.8 23.5045 0 0 0 
22000 100 67.12 0 10 319.43 0 9.93831 1 22886.4 19.8809 0 0 0 
23000 100 54.39 0 10 385.63 0 9.94099 1 19889.6 17.408 0 0 0 
24000 100 47.44 0 10 466.1 0 9.94345 1 15491.3 13.4469 0 0 0 
25000 100 58.49 0 10 539.99 0 9.94571 1 8410.53 7.27422 0 0 0 
26000 100 58.74 0 10 615.88 0 9.9478 1 9949.18 8.62115 0 0 0 
27000 100 67.21 0 10 693.23 0 9.94974 1 12463.5 10.7972 0 0 0 
28000 100 57.83 0 10 767.26 0 9.95153 1 8362.69 7.24678 0 0 0 
29000 100 46.68 0 10 836.68 0 9.9532 1 15026.9 13 0 0 0 
30000 100 55.38 0 10 940.83 0 9.95476 1 8974.72 7.61127 0 0 0 
31000 100 53.27 0 10 1016.78 0 9.95622 1 8399.14 7.06193 0 0 0 
32000 100 52.95 0 10 1068.63 0 9.95759 1 12153.3 10.1715 0 0 0 
33000 100 39.5 0 10 1148.69 0 9.95887 1 6251.18 5.26472 0 0 0 
34000 100 44.93 0 10 1241.25 0 9.96008 1 7563.87 6.31046 0 0 0 
35000 100 44.46 0 10 1338.03 0 9.96122 1 7185.66 5.93622 0 0 0 
36000 100 34.78 0 10 1437.53 0 9.9623 1 5312.88 4.39997 0 0 0 
37000 100 46.97 0 10 1518.61 0 9.96332 1 9986.34 8.3182 0 0 0 
38000 100 37.5 0 10 1629.7 0 9.96429 1 6880.33 5.68329 0 0 0 
39000 100 47.34 0 10 1694.02 0 9.9652 1 10825.4 8.9743 0 0 0 
40000 100 45.8 0 10 1778.77 0 9.96607 1 7986.71 6.6668 0 0 0 
41000 100 40.51 0 10 1828.66 0 9.9669 1 9924.09 8.31488 0 0 0 
42000 100 52.92 0 10 1893.83 0 9.96769 1 12134.9 10.2816 0 0 0 
43000 100 45.81 0 10 1967.07 0 9.96844 1 7115.16 5.97314 0 0 0 
44000 100 51.13 0 10 2045.1 0 9.96916 1 6434.05 5.4898 0 0 0 
45000 100 35.94 0 10 2151.03 0 9.96984 1 6583.57 5.70381 0 0 0 
46000 100 32.83 0 10 2243.46 0 9.9705 1 6621.63 5.719 0 0 0 
47000 100 45.01 0 10 2343.45 0 9.97112 1 6242.36 5.40518 0 0 0 
48000 100 37.25 0 10 2445.79 0 9.97173 1 6182.17 5.39645 0 0 0 
49000 100 44.33 0 10 2552.98 0 9.9723 1 7003.34 5.97887 0 0 0 
50000 100 55.16 0 10 2621.34 0 9.97286 1 3929.93 3.35333 0 0 0 
51000 100 40.42 0 10 2730.62 0 9.97339 1 3788.92 3.23889 0 0 0 
52000 100 43.26 0 10 2826.65 0 9.9739 1 4365.35 3.71997 0 0 0 
53000 100 47.66 0 10 2925.63 0 9.97439 1 4342.35 3.71123 0 0 0 
54000 100 37.77 0 10 3002.27 0 9.97487 1 3638.87 3.12934 0 0 0 
55000 100 45.4 0 10 3097.41 0 9.97532 1 4102.69 3.49656 0 0 0 
56000 100 44.42 0 10 3147.56 0 9.97576 1 4431.51 3.81377 0 0 0 
57000 100 44.46 0 10 3240.78 0 9.97619 1 6383.04 5.45385 0 0 0 
58000 100 36.98 0 10 3338.74 0 9.9766 1 7153.25 6.13943 0 0 0 
59000 100 34.73 0 10 3423.83 0 9.977 1 4374.19 3.71617 0 0 0 
60000 100 34.59 0 10 3529.17 0 9.97738 1 7556.13 6.42354 0 0 0 
61000 100 36.6 0 10 3624.9 0 9.97775 1 3782.92 3.21273 0 0 0 
62000 100 31.24 0 10 3759.55 0 9.97811 1 3359.56 2.88508 0 0 0 
63000 100 23.4 0 10 3892.66 0 9.97846 1 2351.43 2.03748 0 0 0 
64000 100 23.17 0 10 4047.72 0 9.97879 1 1865.95 1.61101 0 0 0 
65000 100 26.9 0 10 4217.09 0 9.97912 1 2626.52 2.27771 0 0 0 
66000 100 29.03 0 10 4364.28 0 9.97944 1 1829.89 1.6058 0 0 0 
67000 100 28.04 0 10 4547.08 0 9.97974 1 2320.29 1.99167 0 0 0 
68000 100 22.91 0 10 4736.28 0 9.98004 1 2043.14 1.74709 0 0 0 
69000 100 17.07 0 10 4925.57 0 9.98033 1 1583.2 1.3507 0 0 0 
70000 100 17.91 0 10 5146.24 0 9.98061 1 1850.08 1.57411 0 0 0 
71000 100 21.07 0 10 5389.94 0 9.98088 1 1891.77 1.60074 0 0 0 
72000 100 17.37 0 10 5599.85 0 9.98115 1 1547.16 1.32019 0 0 0 
73000 100 28.18 0 10 5792.6 0 9.98141 1 1498.18 1.33045 0 0 0 
74000 100 25.48 0 10 5967.66 0 9.98166 1 2721.85 2.38906 0 0 0 
75000 100 18.61 0 10 6169.11 0 9.9819 1 1534.69 1.36074 0 0 0 
76000 100 22.5 0 10 6355.25 0 9.98214 1 1661.15 1.47471 0 0 0 
77000 100 19.33 0 10 6542.99 0 9.98237 1 1763.69 1.59928 0 0 0 
78000 100 21.51 0 10 6733.66 0 9.9826 1 1662.57 1.51426 0 0 0 
79000 100 19.91 0 10 6899.83 0 9.98282 1 1893.58 1.72219 0 0 0 
80000 100 23.9 0 10 7102.22 0 9.98304 1 1748.3 1.5835 0 0 0 
81000 100 14.13 0 10 7335.4 0 9.98324 1 1168.65 1.03302 0 0 0 
82000 100 19.7 0 10 7570.28 0 9.98345 1 1435.87 1.31986 0 0 0 
83000 100 16.13 0 10 7827.36 0 9.98365 1 1208.54 1.10767 0 0 0 
84000 100 15.86 0 10 8082.22 0 9.98384 1 1157.7 1.03937 0 0 0 
85000 100 18.29 0 10 8317.82 0 9.98403 1 1530.15 1.36664 0 0 0 
86000 100 13.37 0 10 8568.09 0 9.98422 1 1183.8 1.04714 0 0 0 
87000 100 19.73 0 10 8801.03 0 9.9844 1 1446.52 1.32477 0 0 0 
88000 100 19.51 0 10 9049.9 0 9.98458 1 1299.17 1.20096 0 0 0 
89000 100 20.96 0 10 9306.09 0 9.98475 1 1456.61 1.34894 0 0 0 
90000 100 19.11 0 10 9530.01 0 9.98492 1 1352.19 1.26767 0 0 0 
91000 100 17.27 0 10 9785.43 0 9.98509 1 1318.16 1.23354 0 0 0 
92000 100 18.05 0 10 9997.67 0 9.98525 1 1562.77 1.43336 0 0 0 
93000 100 20.79 0 10 10253.2 0 9.98541 1 1567.39 1.43177 0 0 0 
94000 100 17.13 0 10 10476.9 0 9.98556 1 1382.55 1.2689 0 0 0 
95000 100 18.92 0 10 10712.4 0 9.98571 1 1306.87 1.20756 0 0 0 
96000 100 21.86 0 10 10943.1 0 9.98586 1 1437.34 1.30603 0 0 0 
97000 100 16.12 0 10 11184.4 0 9.98601 1 1354.53 1.22937 0 0 0 
98000 100 24.36 0 10 11409.1 0 9.98615 1 2192.08 1.98133 0 0 0 
99000 100 15.8 0 10 11655.5 0 9.98629 1 1407.57 1.27697 0 0 0 
100000 100 21.52 0 10 11886.2 0 9.98643 1 1402.41 1.28412 0 0 0 
101000 100 19.62 0 10 12116.2 0 9.98656 1 1412.24 1.28545 0 0 0 
102000 100 22.25 0 10 12326 0 9.98669 1 1638.28 1.50523 0 0 0 
103000 100 19.42 0 10 12555.8 0 9.98682 1 1343.99 1.23495 0 0 0 
104000 100 16.15 0 10 12761.1 0 9.98695 1 1484.89 1.3433 0 0 0 
105000 100 19.17 0 10 13004.1 0 9.98707 1 1400.23 1.24703 0 0 0 
106000 100 17.06 0 10 13253.2 0 9.9872 1 2029.36 1.80285 0 0 0 
107000 100 20.66 0 10 13483.7 0 9.98732 1 1420.71 1.22379 0 0 0 
108000 100 21.9 0 10 13710.4 0 9.98743 1 1420.17 1.19767 0 0 0 
109000 100 19.09 0 10 13922.5 0 9.98755 1 1532.13 1.29368 0 0 0 
110000 100 21.05 0 10 14164.3 0 9.98766 1 1311.3 1.14044 0 0 0 
111000 100 17.77 0 10 14424.5 0 9.98777 1 1376.6 1.22382 0 0 0 
112000 100 15.95 0 10 14667.3 0 9.98788 1 1377.99 1.23138 0 0 0 
113000 100 15.47 0 10 14908.1 0 9.98799 1 1650.88 1.47742 0 0 0 
114000 100 18.34 0 10 15144.3 0 9.98809 1 1416.6 1.23682 0 0 0 
115000 100 19.1 0 10 15370.7 0 9.9882 1 1169.71 1.03202 0 0 0 
116000 100 17.93 0 10 15610.8 0 9.9883 1 1534.16 1.31805 0 0 0 
117000 100 17.95 0 10 15846.9 0 9.9884 1 1520.13 1.3385 0 0 0 
118000 100 22.83 0 10 16100.5 0 9.9885 1 1723.38 1.49808 0 0 0 
119000 100 18.56 0 10 16311 0 9.9886 1 1469.51 1.28653 0 0 0 
120000 100 18.49 0 10 16542.2 0 9.98869 1 1264.59 1.11103 0 0 0 
121000 100 15.84 0 10 16805.1 0 9.98878 1 1553.88 1.3877 0 0 0 
122000 100 17.59 0 10 17064 0 9.98888 1 1396.67 1.25263 0 0 0 
123000 100 15.31 0 10 17316.7 0 9.98897 1 1253.59 1.11033 0 0 0 
124000 100 17.53 0 10 17570 0 9.98905 1 1438.76 1.27012 0 0 0 
125000 100 17.66 0 10 17830.9 0 9.98914 1 1298.21 1.12479 0 0 0 
126000 100 19.29 0 10 18070.6 0 9.98923 1 1355.22 1.17125 0 0 0 
127000 100 18.17 0 10 18301.7 0 9.98931 1 1352.79 1.15631 0 0 0 
128000 100 18.06 0 10 18550.5 0 9.9894 1 1356.38 1.13619 0 0 0 
129000 100 19.83 0 10 18792.4 0 9.98948 1 1392.23 1.15044 0 0 0 
130000 100 22.77 0 10 19036 0 9.98956 1 1421.46 1.14624 0 0 0 
131000 100 16.97 0 10 19272.9 0 9.98964 1 1325.58 1.0631 0 0 0 
132000 100 20.11 0 10 19521.7 0 9.98972 1 1334.58 1.05969 0 0 0 
133000 100 15.08 0 10 19765.8 0 9.9898 1 1210.82 0.966635 0 0 0 
134000 100 19.06 0 10 20024.7 0 9.98987 1 1349.08 1.08071 0 0 0 
135000 100 18.42 0 10 20253.6 0 9.98995 1 1531.73 1.24902 0 0 0 
136000 100 20.34 0 10 20505.8 0 9.99002 1 1492.51 1.19476 0 0 0 
137000 100 19.41 0 10 20745.3 0 9.99009 1 1479.76 1.1472 0 0 0 
138000 100 15.15 0 10 20994.6 0 9.99017 1 1360.39 1.05975 0 0 0 
139000 100 19.28 0 10 21204.8 0 9.99024 1 1435.04 1.12579 0 0 0 
140000 100 16.17 0 10 21419.2 0 9.99031 1 1546.91 1.22783 0 0 0 
141000 100 18.05 0 10 21630.2 0 9.99037 1 1577.36 1.25543 0 0 0 
142000 100 17.3 0 10 21854.1 0 9.99044 1 1433.84 1.14757 0 0 0 
143000 100 17 0 10 22069.9 0 9.99051 1 1370.66 1.07843 0 0 0 
144000 100 16.44 0 10 22288.4 0 9.99058 1 1286.04 1.01067 0 0 0 
145000 100 18.16 0 10 22516.3 0 9.99064 1 1386.16 1.13233 0 0 0 
146000 100 19.11 0 10 22761 0 9.9907 1 1338.85 1.09399 0 0 0 
147000 100 14.47 0 10 22994.5 0 9.99077 1 1365.53 1.12434 0 0 0 
148000 100 17.02 0 10 23225.6 0 9.99083 1 1434.74 1.19211 0 0 0 
149000 100 18.73 0 10 23434 0 9.99089 1 1421.6 1.1674 0 0 0 
150000 100 16.02 0 10 23680.7 0 9.99095 1 1381.69 1.14276 0 0 0 
151000 100 20.58 0 10 23913.4 0 9.99101 1 1544.7 1.25906 0 0 0 
152000 100 19.99 0 10 24153.6 0 9.99107 1 1176.73 0.956824 0 0 0 
153000 100 16.11 0 10 24391.3 0 9.99113 1 1247.81 1.00727 0 0 0 
154000 100 16.51 0 10 24628.9 0 9.99119 1 1256.43 1.03424 0 0 0 
155000 100 14.93 0 10 24872 0 9.99124 1 1339.56 1.11555 0 0 0 
156000 100 19.81 0 10 25081.2 0 9.9913 1 1404.86 1.15578 0 0 0 
157000 100 20.96 0 10 25295.3 0 9.99136 1 1398.12 1.14632 0 0 0 
158000 100 16.95 0 10 25521.5 0 9.99141 1 1540.87 1.27811 0 0 0 
159000 100 17.45 0 10 25767.4 0 9.99146 1 1425.18 1.18288 0 0 0 
160000 100 16.92 0 10 25989.1 0 9.99152 1 1450.49 1.20997 0 0 0 
161000 100 19.33 0 10 26215.8 0 9.99157 1 1438.67 1.16542 0 0 0 
162000 100 12.6 0 10 26501.4 0 9.99162 1 1199.02 0.963527 0 0 0 
163000 100 13.72 0 10 26744 0 9.99167 1 1310.64 1.06944 0 0 0 
164000 100 19.95 0 10 27008.5 0 9.99172 1 1459.15 1.20297 0 0 0 
165000 100 15.48 0 10 27271 0 9.99177 1 1082.06 0.904684 0 0 0 
166000 100 17.14 0 10 27535 0 9.99182 1 1259.17 1.03686 0 0 0 
167000 100 16.07 0 10 27783.7 0 9.99187 1 1234.7 1.00134 0 0 0 
168000 100 19.21 0 10 28042.1 0 9.99192 1 1404.91 1.10546 0 0 0 
169000 100 16.56 0 10 28292.6 0 9.99197 1 1124.79 0.89894 0 0 0 
170000 100 16.64 0 10 28546.7 0 9.99202 1 1308.98 1.08053 0 0 0 
171000 100 13.84 0 10 28790.3 0 9.99206 1 1111.01 0.922956 0 0 0 
172000 100 17.28 0 10 29023.3 0 9.99211 1 1235.83 1.00907 0 0 0 
173000 100 18.58 0 10 29270.7 0 9.99215 1 1384.73 1.12397 0 0 0 
174000 100 17.02 0 10 29530 0 9.9922 1 1393.21 1.11232 0 0 0 
175000 100 17.95 0 10 29771.6 0 9.99224 1 1244.63 0.975916 0 0 0 
176000 100 14.62 0 10 30017.3 0 9.99229 1 1290.58 1.00551 0 0 0 
177000 100 17.27 0 10 30234.9 0 9.99233 1 1535.04 1.19278 0 0 0 
178000 100 16.04 0 10 30460 0 9.99238 1 1415.4 1.12585 0 0 0 
179000 100 18.46 0 10 30690.7 0 9.99242 1 1411.55 1.12197 0 0 0 
180000 100 14.73 0 10 30923.4 0 9.99246 1 1329.93 1.04083 0 0 0 
181000 100 15.84 0 10 31134.9 0 9.9925 1 1392.27 1.07586 0 0 0 
182000 100 15.78 0 10 31368.6 0 9.99254 1 1296.7 1.00518 0 0 0 
183000 100 21.2 0 10 31586.2 0 9.99258 1 1305.1 1.01533 0 0 0 
184000 100 17.09 0 10 31825.6 0 9.99262 1 1323.64 1.01434 0 0 0 
185000 100 17.27 0 10 32065.4 0 9.99266 1 1139.23 0.896365 0 0 0 
186000 100 17.1 0 10 32294.4 0 9.9927 1 1278.04 1.00461 0 0 0 
187000 100 16.75 0 10 32528.8 0 9.99274 1 1469.5 1.15211 0 0 0 
188000 100 18.15 0 10 32751.7 0 9.99278 1 1357.8 1.05965 0 0 0 
189000 100 15.78 0 10 32953.2 0 9.99282 1 1404.5 1.1101 0 0 0 
190000 100 17.53 0 10 33170.1 0 9.99286 1 1500.16 1.1749 0 0 0 
191000 100 15.65 0 10 33416.3 0 9.99289 1 1257.66 0.983227 0 0 0 
192000 100 16.37 0 10 33638 0 9.99293 1 1354.68 1.06358 0 0 0 
193000 100 15.6 0 10 33866.7 0 9.99297 1 1191.63 0.92733 0 0 0 
194000 100 17.4 0 10 34114.3 0 9.993 1 1241.57 0.973545 0 0 0 
195000 100 17.11 0 10 34343.8 0 9.99304 1 1177.48 0.920492 0 0 0 
196000 100 14.24 0 10 34590.2 0 9.99308 1 1315.3 1.03368 0 0 0 
197000 100 18.29 0 10 34823.6 0 9.99311 1 1227.48 0.977294 0 0 0 
198000 100 17.76 0 10 35045.4 0 9.99315 1 1415.26 1.12274 0 0 0 
199000 100 20.45 0 10 35281.2 0 9.99318 1 1284.19 1.02501 0 0 0 
200000 100 16.18 0 10 35526.4 0 9.99321 1 1336.02 1.05908 0 0 0 
201000 100 14.26 0 10 35791.5 0 9.99325 1 1321 1.0351 0 0 0 
202000 100 11.49 0 10 36096.9 0 9.99328 1 1062.41 0.826688 0 0 0 
203000 100 12.2 0 10 36418.4 0 9.99331 1 953.96 0.728164 0 0 0 
204000 100 12.72 0 10 36685.8 0 9.99335 1 936.32 0.704388 0 0 0 
205000 100 12 0 10 37006.8 0 9.99338 1 871.3 0.64755 0 0 0 
206000 100 13.62 0 10 37318.8 0 9.99341 1 940.68 0.68995 0 0 0 
207000 100 15.84 0 10 37627.6 0 9.99344 1 881.01 0.651577 0 0 0 
208000 100 12.6 0 10 37940.8 0 9.99348 1 1116.23 0.799661 0 0 0 
209000 100 13.15 0 10 38226.9 0 9.99351 1 1008.1 0.718121 0 0 0 
210000 100 12.5 0 10 38548.4 0 9.99354 1 1068.58 0.747378 0 0 0 
211000 100 14.92 0 10 38839.6 0 9.99357 1 894.68 0.630613 0 0 0 
212000 100 12.87 0 10 39125.1 0 9.9936 1 1138.61 0.78718 0 0 0 
213000 100 15.37 0 10 39399.1 0 9.99363 1 1355.73 0.914641 0 0 0 
214000 100 14.78 0 10 39687.4 0 9.99366 1 976.67 0.653715 0 0 0 
215000 100 16.17 0 10 39965.2 0 9.99369 1 1032.87 0.687901 0 0 0 
216000 100 13.81 0 10 40245.3 0 9.99372 1 1163.09 0.776933 0 0 0 
217000 100 14.65 0 10 40539.7 0 9.99375 1 1079.36 0.712436 0 0 0 
218000 100 14.09 0 10 40814.4 0 9.99377 1 1087.14 0.717095 0 0 0 
219000 100 12.97 0 10 41093.7 0 9.9938 1 1720.07 1.12743 0 0 0 
220000 100 16.09 0 10 41401.2 0 9.99383 1 1110.92 0.738409 0 0 0 
221000 100 14.2 0 10 41697.9 0 9.99386 1 1111.76 0.743422 0 0 0 
222000 100 10.36 0 10 41972.4 0 9.99389 1 904.61 0.611773 0 0 0 
223000 100 14.15 0 10 42258.1 0 9.99391 1 1088.16 0.74231 0 0 0 
224000 100 13.78 0 10 42563.3 0 9.99394 1 1137.62 0.780365 0 0 0 
225000 100 16.95 0 10 42875.8 0 9.99397 1 1169.61 0.809031 0 0 0 
226000 100 12.95 0 10 43167.1 0 9.99399 1 1118.28 0.77086 0 0 0 
227000 100 14.38 0 10 43460.9 0 9.99402 1 1043.2 0.717998 0 0 0 
228000 100 13.16 0 10 43776.8 0 9.99405 1 1061.55 0.72239 0 0 0 
229000 100 13.16 0 10 44072.9 0 9.99407 1 1028.41 0.711474 0 0 0 
230000 100 13.01 0 10 44375.7 0 9.9941 1 1255.94 0.885658 0 0 0 
231000 100 14.97 0 10 44625.6 0 9.99412 1 1274.52 0.88943 0 0 0 
232000 100 12.71 0 10 44912.2 0 9.99415 1 1103.51 0.784942 0 0 0 
233000 100 12.24 0 10 45253.6 0 9.99418 1 985.63 0.698187 0 0 0 
234000 100 16.38 0 10 45554.1 0 9.9942 1 1228.34 0.870292 0 0 0 
235000 100 15.73 0 10 45829.7 0 9.99422 1 1150.69 0.825965 0 0 0 
236000 100 13.02 0 10 46125.4 0 9.99425 1 1085.69 0.782131 0 0 0 
237000 100 12.84 0 10 46447.9 0 9.99427 1 945.09 0.689185 0 0 0 
238000 100 11.89 0 10 46755.2 0 9.9943 1 1003.83 0.746306 0 0 0 
239000 100 13.09 0 10 47046.4 0 9.99432 1 1240.76 0.916178 0 0 0 
240000 100 12.41 0 10 47356.4 0 9.99435 1 1041.43 0.775935 0 0 0 
241000 100 15.4 0 10 47683.7 0 9.99437 1 975.76 0.724364 0 0 0 
242000 100 15.35 0 10 47995.5 0 9.99439 1 1040.55 0.77744 0 0 0 
243000 100 13.42 0 10 48304.4 0 9.99441 1 1146.5 0.839152 0 0 0 
244000 100 12.38 0 10 48600.9 0 9.99444 1 1139.65 0.836016 0 0 0 
245000 100 11.31 0 10 48899.8 0 9.99446 1 976.34 0.735201 0 0 0 
246000 100 13.67 0 10 49201.4 0 9.99448 1 924.88 0.676512 0 0 0 
247000 100 16.38 0 10 49491.9 0 9.99451 1 1179.78 0.843008 0 0 0 
248000 100 11.82 0 10 49808.7 0 9.99453 1 939.09 0.672343 0 0 0 
249000 100 14.5 0 10 50107.5 0 9.99455 1 1086.36 0.780206 0 0 0 
250000 100 11.44 0 10 50402.8 0 9.99457 1 1017.49 0.731053 0 0 0 