# Avida Average Deme Data
# Mon Apr  7 20:52:17 2014
#  1: Update
#  2: Count
#  3: Age
#  4: Births
#  5: Organisms
#  6: Generation
#  7: Births (at last replication)
#  8: Organisms (at last replication)
#  9: Merit
# 10: Gestation Time
# 11: Time Used (normalized by org fitness)
# 12: Generations between current and last founders
# 13: Events killed
# 14: Attempts to kill event

0 100 0 0 1 0 0 0 1 0 0 0 0 0 
1000 100 57.44 0 10 9.29 0 8.65405 1 38949.7 33.581 0 0 0 
2000 100 77.75 0 10 20.61 0 9.32669 1 36256.2 31.2843 0 0 0 
3000 100 68.04 0 10 33.08 0 9.55105 1 40414.7 34.89 0 0 0 
4000 100 67.1 0 10 44.14 0 9.66326 1 40613.2 35.1019 0 0 0 
5000 100 80.94 0 10 57.98 0 9.73059 1 39815.5 34.295 0 0 0 
6000 100 64.78 0 10 70.71 0 9.77549 1 38424.7 33.1809 0 0 0 
7000 100 69.77 0 10 78.81 0 9.80756 1 40903.9 35.423 0 0 0 
8000 100 69.41 0 10 91.53 0 9.83161 1 38807.3 33.6333 0 0 0 
9000 100 65.02 0 10 109.87 0 9.85032 1 31940.7 27.8465 0 0 0 
10000 100 68.99 0 10 123.35 0 9.86528 1 35845.9 31.1851 0 0 0 
11000 100 62.61 0 10 142.56 0 9.87753 1 33541 29.1801 0 0 0 
12000 100 65.61 0 10 159.66 0 9.88773 1 30445 26.5455 0 0 0 
13000 100 69.04 0 10 180.55 0 9.89637 1 34302.7 29.8415 0 0 0 
14000 100 66.24 0 10 194.49 0 9.90377 1 32380.6 28.1445 0 0 0 
15000 100 75.77 0 10 215.07 0 9.91019 1 30809.8 26.626 0 0 0 
16000 100 64.37 0 10 230.27 0 9.9158 1 27336.4 23.5826 0 0 0 
17000 100 63.31 0 10 245.21 0 9.92075 1 36062.7 31.1279 0 0 0 
18000 100 77.05 0 10 260.48 0 9.92515 1 37207.9 32.0208 0 0 0 
19000 100 67.1 0 10 283.04 0 9.92909 1 28964.6 24.8238 0 0 0 
20000 100 59.83 0 10 304.95 0 9.93264 1 34712.2 29.6505 0 0 0 
21000 100 56.97 0 10 328.77 0 9.93585 1 27734.9 23.7234 0 0 0 
22000 100 61.96 0 10 349.33 0 9.93876 1 27721.3 23.5942 0 0 0 
23000 100 61.1 0 10 367.82 0 9.94142 1 26174.3 22.2939 0 0 0 
24000 100 68.82 0 10 388.97 0 9.94386 1 27789.2 23.5813 0 0 0 
25000 100 72.34 0 10 409 0 9.94611 1 23820.8 20.0901 0 0 0 
26000 100 60.78 0 10 434.38 0 9.94818 1 27090.7 23.0385 0 0 0 
27000 100 61.02 0 10 460.02 0 9.9501 1 29036.2 24.7909 0 0 0 
28000 100 75.89 0 10 481.66 0 9.95188 1 32652.3 27.8184 0 0 0 
29000 100 72.56 0 10 509.73 0 9.95354 1 26977.3 22.7592 0 0 0 
30000 100 56.85 0 10 534.39 0 9.95509 1 33877 28.5406 0 0 0 
31000 100 52.98 0 10 590.86 0 9.95654 1 17506.8 14.9033 0 0 0 
32000 100 50.54 0 10 703.49 0 9.9579 1 8372.8 7.08657 0 0 0 
33000 100 49.61 0 10 751.26 0 9.95917 1 9126.37 7.68623 0 0 0 
34000 100 54.98 0 10 821.54 0 9.96037 1 13655.3 11.4267 0 0 0 
35000 100 53.58 0 10 923.47 0 9.96151 1 10798.1 9.07325 0 0 0 
36000 100 47.61 0 10 985.91 0 9.96258 1 12102.1 10.1594 0 0 0 
37000 100 47.49 0 10 1064.19 0 9.96359 1 8822.39 7.39806 0 0 0 
38000 100 51.23 0 10 1094.48 0 9.96455 1 17494 14.7191 0 0 0 
39000 100 52.99 0 10 1189.38 0 9.96545 1 11085.5 9.32511 0 0 0 
40000 100 44.21 0 10 1292.09 0 9.96632 1 8224.69 6.89453 0 0 0 
41000 100 58.07 0 10 1378.82 0 9.96714 1 17084.7 14.3516 0 0 0 
42000 100 42.31 0 10 1429.6 0 9.96792 1 19977.4 16.7629 0 0 0 
43000 100 46.42 0 10 1504.65 0 9.96867 1 15526.4 13.0285 0 0 0 
44000 100 60.5 0 10 1624.25 0 9.96938 1 12522.9 10.4247 0 0 0 
45000 100 48.29 0 10 1704.09 0 9.97006 1 8841.87 7.30887 0 0 0 
46000 100 55.66 0 10 1786.28 0 9.97071 1 13170 10.9279 0 0 0 
47000 100 47.91 0 10 1846.43 0 9.97133 1 8499.93 7.01886 0 0 0 
48000 100 64.92 0 10 1914.83 0 9.97193 1 14464 11.9841 0 0 0 
49000 100 58.01 0 10 1989.53 0 9.9725 1 17050.2 14.2418 0 0 0 
50000 100 56.73 0 10 2079.01 0 9.97305 1 15865.2 13.223 0 0 0 
51000 100 47.03 0 10 2177.63 0 9.97358 1 11079.7 9.22939 0 0 0 
52000 100 36.58 0 10 2299.37 0 9.97409 1 9295.55 7.73876 0 0 0 
53000 100 48.78 0 10 2410.3 0 9.97458 1 7116.77 5.88724 0 0 0 
54000 100 59.63 0 10 2541.46 0 9.97505 1 11943.5 9.94754 0 0 0 
55000 100 56.97 0 10 2661.44 0 9.9755 1 10931.1 9.14251 0 0 0 
56000 100 51.81 0 10 2744.74 0 9.97594 1 11880 9.96717 0 0 0 
57000 100 53.18 0 10 2846.76 0 9.97636 1 6359.83 5.30307 0 0 0 
58000 100 54.76 0 10 2951.07 0 9.97677 1 6652.85 5.4835 0 0 0 
59000 100 56.44 0 10 3020.97 0 9.97716 1 15191.8 12.4578 0 0 0 
60000 100 51.01 0 10 3114.31 0 9.97755 1 13895.7 11.4084 0 0 0 
61000 100 55.02 0 10 3200.5 0 9.97791 1 11760.8 9.70587 0 0 0 
62000 100 50.69 0 10 3283.5 0 9.97827 1 12070.7 9.9857 0 0 0 
63000 100 59 0 10 3363.88 0 9.97861 1 9136.72 7.52768 0 0 0 
64000 100 44.65 0 10 3478.22 0 9.97895 1 14999.5 12.3751 0 0 0 
65000 100 56.91 0 10 3536.54 0 9.97927 1 13440.5 11.1177 0 0 0 
66000 100 49.12 0 10 3609.49 0 9.97959 1 8327.26 6.90924 0 0 0 
67000 100 36.98 0 10 3700.29 0 9.97989 1 8751.52 7.26874 0 0 0 
68000 100 42.73 0 10 3810.01 0 9.98019 1 9843.78 8.12581 0 0 0 
69000 100 57.15 0 10 3928.34 0 9.98047 1 11086.7 9.1615 0 0 0 
70000 100 39.29 0 10 4052.1 0 9.98075 1 8219.55 6.81046 0 0 0 
71000 100 52.14 0 10 4142.03 0 9.98102 1 7314.79 6.05681 0 0 0 
72000 100 42.02 0 10 4277.98 0 9.98129 1 7333.44 6.09044 0 0 0 
73000 100 53.52 0 10 4385.35 0 9.98154 1 8552.65 7.07641 0 0 0 
74000 100 43.49 0 10 4473.01 0 9.98179 1 7748.74 6.43434 0 0 0 
75000 100 48.76 0 10 4544.96 0 9.98204 1 13589.2 11.3217 0 0 0 
76000 100 55.09 0 10 4642.29 0 9.98227 1 12017.4 10.0246 0 0 0 
77000 100 58.98 0 10 4698.41 0 9.9825 1 16843 13.9004 0 0 0 
78000 100 50.5 0 10 4750.92 0 9.98273 1 19023.7 15.5406 0 0 0 
79000 100 55.8 0 10 4826.16 0 9.98295 1 16326.4 13.3385 0 0 0 
80000 100 50.79 0 10 4873.89 0 9.98316 1 13642 11.1886 0 0 0 
81000 100 57.89 0 10 4890.63 0 9.98337 1 15877.1 13.2088 0 0 0 
82000 100 54.01 0 10 4935.5 0 9.98357 1 14954.3 12.4675 0 0 0 
83000 100 58.62 0 10 5000.33 0 9.98377 1 24068 20.0482 0 0 0 
84000 100 62.54 0 10 5050.54 0 9.98396 1 21104 17.5339 0 0 0 
85000 100 56.56 0 10 5066.78 0 9.98415 1 21439.2 17.7482 0 0 0 
86000 100 35.94 0 10 5138.48 0 9.98433 1 6030.14 4.99161 0 0 0 
87000 100 42.8 0 10 5202.77 0 9.98451 1 6193.74 5.0868 0 0 0 
88000 100 26.46 0 10 5311.1 0 9.98469 1 4852.28 3.95937 0 0 0 
89000 100 36.59 0 10 5405.58 0 9.98486 1 6070.2 4.95538 0 0 0 
90000 100 39.02 0 10 5494.5 0 9.98503 1 2886.4 2.37736 0 0 0 
91000 100 43.73 0 10 5585.92 0 9.98519 1 4761.35 3.93169 0 0 0 
92000 100 43.32 0 10 5706.54 0 9.98536 1 4722.62 3.8877 0 0 0 
93000 100 37.78 0 10 5808.36 0 9.98551 1 5008.11 4.07328 0 0 0 
94000 100 42.16 0 10 5939.12 0 9.98567 1 7067.34 5.68944 0 0 0 
95000 100 43.7 0 10 6056.83 0 9.98582 1 7189.58 5.70346 0 0 0 
96000 100 40.64 0 10 6173.09 0 9.98597 1 4215.53 3.29579 0 0 0 
97000 100 37.96 0 10 6272.8 0 9.98611 1 4664.29 3.65608 0 0 0 
98000 100 33.92 0 10 6380.73 0 9.98625 1 5095.91 4.01593 0 0 0 
99000 100 36.22 0 10 6455.04 0 9.98639 1 4124.8 3.27047 0 0 0 
100000 100 33.96 0 10 6560.33 0 9.98653 1 4426.83 3.5479 0 0 0 
101000 100 38.7 0 10 6657.88 0 9.98666 1 5599.09 4.43585 0 0 0 
102000 100 30.97 0 10 6743.35 0 9.98679 1 5715.63 4.51166 0 0 0 
103000 100 43.92 0 10 6855.11 0 9.98692 1 2908.67 2.27335 0 0 0 
104000 100 38.55 0 10 6956.77 0 9.98705 1 4404.02 3.47899 0 0 0 
105000 100 32.2 0 10 7070.11 0 9.98717 1 2310.34 1.81728 0 0 0 
106000 100 30.29 0 10 7199.55 0 9.98729 1 2663.19 2.0882 0 0 0 
107000 100 27.54 0 10 7331.43 0 9.98741 1 2271.71 1.79753 0 0 0 
108000 100 30.87 0 10 7474.85 0 9.98753 1 2342.77 1.8483 0 0 0 
109000 100 25.86 0 10 7632.95 0 9.98764 1 3199.39 2.53049 0 0 0 
110000 100 35.19 0 10 7793.55 0 9.98775 1 2144.31 1.70691 0 0 0 
111000 100 33.76 0 10 7944.16 0 9.98786 1 2477.49 1.91248 0 0 0 
112000 100 25.61 0 10 8105.9 0 9.98797 1 2085.01 1.61369 0 0 0 
113000 100 22.69 0 10 8271.59 0 9.98808 1 2452.05 1.87942 0 0 0 
114000 100 27.7 0 10 8440.09 0 9.98818 1 2252.6 1.72566 0 0 0 
115000 100 22.61 0 10 8594.61 0 9.98828 1 2552.52 1.94892 0 0 0 
116000 100 26.17 0 10 8758.43 0 9.98839 1 1824.57 1.36265 0 0 0 
117000 100 27.73 0 10 8915.51 0 9.98848 1 2274.32 1.6839 0 0 0 
118000 100 24.03 0 10 9069.9 0 9.98858 1 1897.04 1.40046 0 0 0 
119000 100 33.57 0 10 9218.38 0 9.98868 1 2208.14 1.6488 0 0 0 
120000 100 23.27 0 10 9321.81 0 9.98877 1 3391.53 2.51248 0 0 0 
121000 100 28.91 0 10 9465.3 0 9.98887 1 2274.37 1.7364 0 0 0 
122000 100 26.28 0 10 9617.05 0 9.98896 1 2212.03 1.68536 0 0 0 
123000 100 30.3 0 10 9744.94 0 9.98905 1 2149.78 1.63305 0 0 0 
124000 100 23.9 0 10 9890.72 0 9.98913 1 2668.44 1.9933 0 0 0 
125000 100 24.92 0 10 10049.7 0 9.98922 1 1997.12 1.48013 0 0 0 
126000 100 27.59 0 10 10205.1 0 9.98931 1 2270.81 1.67628 0 0 0 
127000 100 30.99 0 10 10344.3 0 9.98939 1 2189.05 1.58689 0 0 0 
128000 100 32.87 0 10 10467.3 0 9.98947 1 3349.43 2.42095 0 0 0 
129000 100 30.84 0 10 10610.3 0 9.98956 1 2242.09 1.6072 0 0 0 
130000 100 26.52 0 10 10731.2 0 9.98964 1 4708.02 3.33693 0 0 0 
131000 100 42.28 0 10 10846.6 0 9.98972 1 3901.18 2.69957 0 0 0 
132000 100 31.95 0 10 10955.1 0 9.98979 1 2564.02 1.76739 0 0 0 
133000 100 30.35 0 10 11095.2 0 9.98987 1 3028.04 2.07852 0 0 0 
134000 100 25.85 0 10 11242.2 0 9.98995 1 2299.15 1.5999 0 0 0 
135000 100 31.31 0 10 11372.2 0 9.99002 1 3366.4 2.35222 0 0 0 
136000 100 26.53 0 10 11518.5 0 9.99009 1 2160.57 1.51866 0 0 0 
137000 100 29.92 0 10 11652.9 0 9.99017 1 5059.9 3.55634 0 0 0 
138000 100 34.89 0 10 11790.3 0 9.99024 1 3383.85 2.37 0 0 0 
139000 100 23.8 0 10 11933.9 0 9.99031 1 2705.25 1.89271 0 0 0 
140000 100 30.48 0 10 12079.7 0 9.99038 1 3345.18 2.30616 0 0 0 
141000 100 22.62 0 10 12216.4 0 9.99044 1 2022.6 1.39646 0 0 0 
142000 100 30.21 0 10 12362.7 0 9.99051 1 2867.14 2.00287 0 0 0 
143000 100 24.52 0 10 12491.6 0 9.99058 1 2051.23 1.42349 0 0 0 
144000 100 26.04 0 10 12623.9 0 9.99064 1 2762.4 1.92267 0 0 0 
145000 100 27.87 0 10 12762.6 0 9.99071 1 2998.94 2.07923 0 0 0 
146000 100 32.13 0 10 12910.3 0 9.99077 1 2353.42 1.65481 0 0 0 
147000 100 32.33 0 10 13052.3 0 9.99083 1 2278.12 1.59611 0 0 0 
148000 100 28.58 0 10 13184.5 0 9.9909 1 1917.21 1.33014 0 0 0 
149000 100 24.95 0 10 13349.3 0 9.99096 1 1926 1.37249 0 0 0 
150000 100 21.68 0 10 13516 0 9.99102 1 1572.53 1.12273 0 0 0 
151000 100 24.58 0 10 13686.2 0 9.99108 1 1959.46 1.3862 0 0 0 
152000 100 23.03 0 10 13867 0 9.99114 1 1901.72 1.34998 0 0 0 
153000 100 18.2 0 10 14050.1 0 9.99119 1 1747.78 1.25654 0 0 0 
154000 100 21.77 0 10 14231 0 9.99125 1 1705.62 1.22671 0 0 0 
155000 100 24.84 0 10 14412.2 0 9.99131 1 1846.41 1.33861 0 0 0 
156000 100 19.81 0 10 14612.9 0 9.99136 1 1558.71 1.1422 0 0 0 
157000 100 24.6 0 10 14833.7 0 9.99142 1 1378.8 1.01262 0 0 0 
158000 100 18.56 0 10 15055.2 0 9.99147 1 1406.62 1.01901 0 0 0 
159000 100 18.04 0 10 15303.5 0 9.99153 1 1142.14 0.834735 0 0 0 
160000 100 15.34 0 10 15515.3 0 9.99158 1 1287.11 0.952038 0 0 0 
161000 100 18.99 0 10 15738.1 0 9.99163 1 1468.7 1.07796 0 0 0 
162000 100 18.54 0 10 15963.2 0 9.99168 1 1313.32 0.9642 0 0 0 
163000 100 19.87 0 10 16189.9 0 9.99173 1 1273.91 0.931359 0 0 0 
164000 100 24.21 0 10 16399.7 0 9.99178 1 1573.73 1.12808 0 0 0 
165000 100 18.21 0 10 16603.6 0 9.99183 1 1558.47 1.10152 0 0 0 
166000 100 18.2 0 10 16825.8 0 9.99188 1 1571.68 1.09922 0 0 0 
167000 100 15.72 0 10 17042.1 0 9.99193 1 1308.67 0.924062 0 0 0 
168000 100 22.06 0 10 17252.6 0 9.99198 1 1496.07 1.05298 0 0 0 
169000 100 15.95 0 10 17508.2 0 9.99203 1 1251.33 0.881573 0 0 0 
170000 100 17.35 0 10 17778.9 0 9.99207 1 1242.41 0.880233 0 0 0 
171000 100 15.87 0 10 18047 0 9.99212 1 1149.6 0.80875 0 0 0 
172000 100 12.75 0 10 18294.1 0 9.99217 1 1183.64 0.821576 0 0 0 
173000 100 17.94 0 10 18541.9 0 9.99221 1 1301.03 0.920658 0 0 0 
174000 100 16.35 0 10 18798.9 0 9.99226 1 1209.08 0.852761 0 0 0 
175000 100 14.38 0 10 19056.7 0 9.9923 1 1189.43 0.830811 0 0 0 
176000 100 13.82 0 10 19315 0 9.99234 1 1293.59 0.892275 0 0 0 
177000 100 19.95 0 10 19558.4 0 9.99239 1 1284.22 0.893406 0 0 0 
178000 100 16.23 0 10 19813.5 0 9.99243 1 1343.13 0.944531 0 0 0 
179000 100 18.7 0 10 20076.3 0 9.99247 1 1283.33 0.901438 0 0 0 
180000 100 15.4 0 10 20319.8 0 9.99252 1 1150.12 0.818404 0 0 0 
181000 100 17.8 0 10 20574.2 0 9.99256 1 1257.31 0.898479 0 0 0 
182000 100 17.91 0 10 20827.9 0 9.9926 1 1137.64 0.819972 0 0 0 
183000 100 18.06 0 10 21078.7 0 9.99264 1 1291.75 0.940838 0 0 0 
184000 100 20.66 0 10 21335.2 0 9.99268 1 1188.02 0.874668 0 0 0 
185000 100 15.56 0 10 21599 0 9.99272 1 1172.7 0.856281 0 0 0 
186000 100 18.44 0 10 21852 0 9.99276 1 1276.89 0.939557 0 0 0 
187000 100 19.56 0 10 22109 0 9.9928 1 1151.37 0.839061 0 0 0 
188000 100 17.89 0 10 22369.5 0 9.99283 1 1219.1 0.895435 0 0 0 
189000 100 13.76 0 10 22626.8 0 9.99287 1 1125.47 0.8258 0 0 0 
190000 100 17.34 0 10 22877.8 0 9.99291 1 1149.84 0.858101 0 0 0 
191000 100 15.56 0 10 23140.5 0 9.99295 1 1141.13 0.834333 0 0 0 
192000 100 16.73 0 10 23400.9 0 9.99298 1 1147.65 0.833367 0 0 0 
193000 100 19.04 0 10 23692.6 0 9.99302 1 1256.2 0.907111 0 0 0 
194000 100 18.15 0 10 23936.2 0 9.99306 1 1243.11 0.913933 0 0 0 
195000 100 12.11 0 10 24223 0 9.99309 1 936.69 0.693757 0 0 0 
196000 100 15.34 0 10 24490 0 9.99313 1 1113.15 0.839732 0 0 0 
197000 100 20.45 0 10 24774 0 9.99316 1 1146.96 0.867383 0 0 0 
198000 100 15.16 0 10 25043.2 0 9.9932 1 1107.49 0.836632 0 0 0 
199000 100 14.27 0 10 25299.6 0 9.99323 1 1203.51 0.919352 0 0 0 
200000 100 16.38 0 10 25567.6 0 9.99326 1 1323.73 1.01957 0 0 0 
201000 100 14.79 0 10 25819.9 0 9.9933 1 1154.77 0.898988 0 0 0 
202000 100 17.68 0 10 26063 0 9.99333 1 1260.4 0.98291 0 0 0 
203000 100 16.28 0 10 26320.6 0 9.99336 1 1195.22 0.930423 0 0 0 
204000 100 16.16 0 10 26573 0 9.9934 1 1160.91 0.913085 0 0 0 
205000 100 16.91 0 10 26821.4 0 9.99343 1 1391.76 1.10464 0 0 0 
206000 100 21.53 0 10 27061.2 0 9.99346 1 1326.15 1.05139 0 0 0 
207000 100 15.22 0 10 27291.1 0 9.99349 1 1447.14 1.17309 0 0 0 
208000 100 19.13 0 10 27527.1 0 9.99352 1 1397.99 1.13105 0 0 0 
209000 100 15.69 0 10 27763.8 0 9.99355 1 1256.14 1.02606 0 0 0 
210000 100 15.54 0 10 28012.9 0 9.99358 1 1303.92 1.08072 0 0 0 
211000 100 17.54 0 10 28210.3 0 9.99361 1 1492.3 1.23606 0 0 0 
212000 100 15.3 0 10 28424.1 0 9.99364 1 1318.44 1.08188 0 0 0 
213000 100 18.03 0 10 28655.9 0 9.99367 1 1305.33 1.08634 0 0 0 
214000 100 12.32 0 10 28887 0 9.9937 1 1249.71 1.03751 0 0 0 
215000 100 14.78 0 10 29161.1 0 9.99373 1 1080.77 0.89626 0 0 0 
216000 100 14.38 0 10 29441 0 9.99376 1 1055.63 0.869851 0 0 0 
217000 100 18.01 0 10 29697.3 0 9.99379 1 1078.02 0.906004 0 0 0 
218000 100 15.26 0 10 29957.7 0 9.99382 1 1095.67 0.90219 0 0 0 
219000 100 16.76 0 10 30228.7 0 9.99385 1 1064.65 0.886519 0 0 0 
220000 100 12.34 0 10 30502.9 0 9.99388 1 1011.45 0.846257 0 0 0 
221000 100 11.16 0 10 30801.9 0 9.9939 1 1091.53 0.91972 0 0 0 
222000 100 15.97 0 10 31079.5 0 9.99393 1 1073.77 0.893184 0 0 0 
223000 100 12.77 0 10 31374.4 0 9.99396 1 977.54 0.815365 0 0 0 
224000 100 13.5 0 10 31698 0 9.99399 1 974.59 0.816747 0 0 0 
225000 100 11.06 0 10 32006.9 0 9.99401 1 957.91 0.786761 0 0 0 
226000 100 14.87 0 10 32308.8 0 9.99404 1 1016.81 0.835381 0 0 0 
227000 100 14.09 0 10 32618.1 0 9.99406 1 1033.72 0.870784 0 0 0 
228000 100 15.17 0 10 32923.7 0 9.99409 1 1053.54 0.891376 0 0 0 
229000 100 14.03 0 10 33207.7 0 9.99412 1 1056.66 0.894192 0 0 0 
230000 100 16.71 0 10 33486.8 0 9.99414 1 1101.48 0.904972 0 0 0 
231000 100 13.58 0 10 33737.2 0 9.99417 1 1066.68 0.872807 0 0 0 
232000 100 11.9 0 10 34005.6 0 9.99419 1 1116.68 0.908751 0 0 0 
233000 100 15.48 0 10 34270.9 0 9.99422 1 1507.45 1.28615 0 0 0 
234000 100 17.2 0 10 34520.6 0 9.99424 1 1086.7 0.945392 0 0 0 
235000 100 13.94 0 10 34793.8 0 9.99427 1 1172.96 1.01162 0 0 0 
236000 100 13.69 0 10 35033.9 0 9.99429 1 1166.35 1.02046 0 0 0 
237000 100 15.96 0 10 35275.9 0 9.99432 1 1238.27 1.04775 0 0 0 
238000 100 13.42 0 10 35528.1 0 9.99434 1 1375.18 1.15845 0 0 0 
239000 100 21.85 0 10 35761.5 0 9.99436 1 1394.05 1.19096 0 0 0 
240000 100 13.51 0 10 36009.5 0 9.99439 1 1133.23 0.978312 0 0 0 
241000 100 17.89 0 10 36272.9 0 9.99441 1 1322.87 1.15574 0 0 0 
242000 100 13.57 0 10 36542.5 0 9.99443 1 1282.12 1.09664 0 0 0 
243000 100 13.29 0 10 36810.8 0 9.99446 1 1255.82 1.05964 0 0 0 
244000 100 19.77 0 10 37041.3 0 9.99448 1 1401.2 1.18983 0 0 0 
245000 100 19.45 0 10 37288.7 0 9.9945 1 1324.74 1.12105 0 0 0 
246000 100 15.63 0 10 37517.4 0 9.99452 1 1347.8 1.14338 0 0 0 
247000 100 16.53 0 10 37772.2 0 9.99455 1 1200.6 1.01176 0 0 0 
248000 100 19.16 0 10 38019.3 0 9.99457 1 1200.96 1.00615 0 0 0 
249000 100 15.16 0 10 38255.4 0 9.99459 1 2374.84 1.97035 0 0 0 
250000 100 19.04 0 10 38494 0 9.99461 1 1350.3 1.14406 0 0 0 