# Avida Average Deme Data
# Mon Apr  7 07:19:22 2014
#  1: Update
#  2: Count
#  3: Age
#  4: Births
#  5: Organisms
#  6: Generation
#  7: Births (at last replication)
#  8: Organisms (at last replication)
#  9: Merit
# 10: Gestation Time
# 11: Time Used (normalized by org fitness)
# 12: Generations between current and last founders
# 13: Events killed
# 14: Attempts to kill event

0 100 0 0 1 0 0 0 1 0 0 0 0 0 
1000 100 70.37 0 10 9.18 0 8.58551 1 41502.1 35.7477 0 0 0 
2000 100 61.56 0 10 18.44 0 9.2924 1 42228.9 36.3096 0 0 0 
3000 100 74.8 0 10 27.79 0 9.52819 1 44916.3 38.6792 0 0 0 
4000 100 71.29 0 10 44.02 0 9.64611 1 38181 32.8561 0 0 0 
5000 100 65.83 0 10 66.04 0 9.71688 1 36691.3 31.3165 0 0 0 
6000 100 70.24 0 10 82.43 0 9.76406 1 36879.4 31.3749 0 0 0 
7000 100 79.87 0 10 97.74 0 9.79776 1 37798.5 32.1422 0 0 0 
8000 100 74.32 0 10 106.88 0 9.82303 1 33434.4 28.6616 0 0 0 
9000 100 62.09 0 10 119.63 0 9.8427 1 34918.9 30.1371 0 0 0 
10000 100 59.36 0 10 133.9 0 9.85842 1 35121 30.5411 0 0 0 
11000 100 64.64 0 10 152.62 0 9.87129 1 38130 32.8986 0 0 0 
12000 100 70.39 0 10 167.12 0 9.88202 1 32381.2 28.1128 0 0 0 
13000 100 69.62 0 10 184.78 0 9.89109 1 32185.3 27.9349 0 0 0 
14000 100 52.66 0 10 198.45 0 9.89887 1 35788.5 31.2542 0 0 0 
15000 100 76.3 0 10 212.38 0 9.90561 1 35329.7 31.163 0 0 0 
16000 100 72.41 0 10 223.93 0 9.91151 1 31357.9 27.8149 0 0 0 
17000 100 68.33 0 10 237.9 0 9.91672 1 35996.9 31.906 0 0 0 
18000 100 70.29 0 10 251.85 0 9.92134 1 31980 28.2046 0 0 0 
19000 100 60.75 0 10 263.48 0 9.92548 1 35306.7 31.2369 0 0 0 
20000 100 69.54 0 10 278.11 0 9.92921 1 33068.7 29.1012 0 0 0 
21000 100 67.17 0 10 291.13 0 9.93258 1 36277.3 31.9139 0 0 0 
22000 100 72.12 0 10 301.71 0 9.93564 1 36897.6 32.5595 0 0 0 
23000 100 64.41 0 10 317.04 0 9.93844 1 35256.9 30.9645 0 0 0 
24000 100 63.02 0 10 328.04 0 9.94101 1 36622 32.0102 0 0 0 
25000 100 69.95 0 10 345.8 0 9.94337 1 35838 31.3237 0 0 0 
26000 100 75.44 0 10 357.44 0 9.94554 1 36791.2 32.2598 0 0 0 
27000 100 75.06 0 10 372.94 0 9.94756 1 34632.2 30.2422 0 0 0 
28000 100 75.3 0 10 390.28 0 9.94943 1 34979.3 30.4257 0 0 0 
29000 100 59.44 0 10 401.98 0 9.95118 1 41433.8 36.1391 0 0 0 
30000 100 72.88 0 10 418.91 0 9.9528 1 36310.4 31.6164 0 0 0 
31000 100 66.19 0 10 431.18 0 9.95433 1 36787.5 31.9134 0 0 0 
32000 100 71.31 0 10 449.26 0 9.95575 1 31863.4 27.5313 0 0 0 
33000 100 76.35 0 10 464.46 0 9.9571 1 36546.6 31.4755 0 0 0 
34000 100 75.77 0 10 477.07 0 9.95836 1 32604.5 27.7941 0 0 0 
35000 100 62.5 0 10 490.34 0 9.95955 1 31809.3 27.1069 0 0 0 
36000 100 69.47 0 10 499.22 0 9.96067 1 36772.7 31.3872 0 0 0 
37000 100 69.57 0 10 523.79 0 9.96173 1 32320.2 27.6262 0 0 0 
38000 100 76.98 0 10 540.62 0 9.96274 1 34071.3 29.2632 0 0 0 
39000 100 73.96 0 10 559.37 0 9.9637 1 31767.4 27.2836 0 0 0 
40000 100 67.12 0 10 576.32 0 9.9646 1 36734.8 31.648 0 0 0 
41000 100 69.78 0 10 585.45 0 9.96547 1 33628.1 28.9791 0 0 0 
42000 100 64.17 0 10 597.19 0 9.96629 1 32980.3 28.4634 0 0 0 
43000 100 68.65 0 10 602.7 0 9.96707 1 32056.4 27.6316 0 0 0 
44000 100 70.17 0 10 615.97 0 9.96782 1 31814 27.3426 0 0 0 
45000 100 74.87 0 10 627.35 0 9.96854 1 30787.9 26.5306 0 0 0 
46000 100 54.76 0 10 646.2 0 9.96922 1 31970.8 27.5722 0 0 0 
47000 100 68.77 0 10 667.1 0 9.96988 1 30045.8 25.8385 0 0 0 
48000 100 66.7 0 10 682.26 0 9.9705 1 30675.7 26.368 0 0 0 
49000 100 64.41 0 10 693.15 0 9.9711 1 33590.9 28.9238 0 0 0 
50000 100 71.88 0 10 709.33 0 9.97168 1 32316.7 27.9941 0 0 0 
51000 100 77.6 0 10 724.49 0 9.97224 1 30432.6 26.3558 0 0 0 
52000 100 72.17 0 10 738.96 0 9.97277 1 33552.2 29.1978 0 0 0 
53000 100 66.08 0 10 753.27 0 9.97329 1 30215.2 26.3301 0 0 0 
54000 100 57.5 0 10 768.54 0 9.97378 1 37424.3 32.6838 0 0 0 
55000 100 74.24 0 10 786.74 0 9.97426 1 28582.8 25.0041 0 0 0 
56000 100 71.91 0 10 800.68 0 9.97472 1 33484.2 29.4195 0 0 0 
57000 100 64.39 0 10 814.23 0 9.97516 1 31068.9 27.7058 0 0 0 
58000 100 68.37 0 10 827.74 0 9.97559 1 32996.4 29.2758 0 0 0 
59000 100 62.64 0 10 838.65 0 9.976 1 31536.1 28.0638 0 0 0 
60000 100 70.89 0 10 848.71 0 9.9764 1 28821.8 25.4835 0 0 0 
61000 100 68.13 0 10 857.87 0 9.97679 1 31651.9 27.6112 0 0 0 
62000 100 66.97 0 10 876.78 0 9.97716 1 30936.8 26.9711 0 0 0 
63000 100 63.86 0 10 902.81 0 9.97753 1 28999 25.0613 0 0 0 
64000 100 76.81 0 10 919.73 0 9.97788 1 29132.6 25.1337 0 0 0 
65000 100 60.74 0 10 936.83 0 9.97822 1 32477.2 28.0485 0 0 0 
66000 100 72.99 0 10 961.2 0 9.97855 1 34131.8 29.4705 0 0 0 
67000 100 64.46 0 10 976.3 0 9.97887 1 34107.5 29.3509 0 0 0 
68000 100 72.2 0 10 990.76 0 9.97918 1 31793.5 27.0975 0 0 0 
69000 100 57.94 0 10 1017.59 0 9.97948 1 33213.9 28.4372 0 0 0 
70000 100 54.24 0 10 1033.37 0 9.97977 1 29665.1 25.5415 0 0 0 
71000 100 75.17 0 10 1046.86 0 9.98006 1 30280.8 26.0378 0 0 0 
72000 100 63.09 0 10 1068.15 0 9.98033 1 29833.6 25.7241 0 0 0 
73000 100 64.65 0 10 1086.55 0 9.9806 1 32606.9 28.4128 0 0 0 
74000 100 71.9 0 10 1107.38 0 9.98087 1 29725.2 25.8552 0 0 0 
75000 100 70.83 0 10 1126.9 0 9.98112 1 28443.1 24.7209 0 0 0 
76000 100 68.56 0 10 1145.31 0 9.98137 1 30273.8 26.3421 0 0 0 
77000 100 61.03 0 10 1155.38 0 9.98161 1 27719.4 24.1512 0 0 0 
78000 100 71.01 0 10 1180.2 0 9.98185 1 32974.7 28.6273 0 0 0 
79000 100 60.79 0 10 1193.55 0 9.98208 1 38257 33.1318 0 0 0 
80000 100 67.98 0 10 1214.43 0 9.9823 1 33636.1 29.1872 0 0 0 
81000 100 68.11 0 10 1232.82 0 9.98252 1 31901.4 27.6841 0 0 0 
82000 100 59.55 0 10 1257.31 0 9.98273 1 27899.5 24.2084 0 0 0 
83000 100 53.61 0 10 1288.2 0 9.98294 1 33438.5 28.7997 0 0 0 
84000 100 60.37 0 10 1305.08 0 9.98314 1 32843.4 28.2315 0 0 0 
85000 100 67.6 0 10 1318.78 0 9.98334 1 33372.9 28.7193 0 0 0 
86000 100 63.25 0 10 1343.96 0 9.98354 1 32564.4 27.8439 0 0 0 
87000 100 60.99 0 10 1370.79 0 9.98373 1 33154.6 28.4831 0 0 0 
88000 100 53.08 0 10 1386.62 0 9.98391 1 31497.5 27.1465 0 0 0 
89000 100 61.67 0 10 1404.58 0 9.98409 1 29731.3 25.571 0 0 0 
90000 100 66.28 0 10 1419.82 0 9.98427 1 30146 26.039 0 0 0 
91000 100 65.24 0 10 1443.32 0 9.98444 1 26862.3 23.1105 0 0 0 
92000 100 66.08 0 10 1459.06 0 9.98461 1 29782.4 25.5647 0 0 0 
93000 100 82.68 0 10 1471.1 0 9.98478 1 29693.9 25.7465 0 0 0 
94000 100 63.46 0 10 1488.72 0 9.98494 1 33000.1 28.6501 0 0 0 
95000 100 69.43 0 10 1506.21 0 9.9851 1 28599.9 24.7247 0 0 0 
96000 100 57.36 0 10 1525.79 0 9.98525 1 30282.8 26.1889 0 0 0 
97000 100 59.91 0 10 1539.23 0 9.9854 1 30833.8 26.7619 0 0 0 
98000 100 65.8 0 10 1557.09 0 9.98555 1 30805.5 26.5601 0 0 0 
99000 100 67.89 0 10 1575.61 0 9.9857 1 31219.3 26.6747 0 0 0 
100000 100 67.17 0 10 1594.82 0 9.98584 1 32977.1 28.236 0 0 0 
101000 100 59.9 0 10 1614.83 0 9.98598 1 30352.3 26.0585 0 0 0 
102000 100 60.58 0 10 1635.97 0 9.98612 1 29419.8 25.3862 0 0 0 
103000 100 74.46 0 10 1649.2 0 9.98625 1 34696.4 30.0311 0 0 0 
104000 100 61.99 0 10 1659.93 0 9.98639 1 28892.7 24.9978 0 0 0 
105000 100 69.01 0 10 1668.56 0 9.98652 1 34888.4 30.1648 0 0 0 
106000 100 61.9 0 10 1704.75 0 9.98664 1 30910.5 26.6354 0 0 0 
107000 100 68.22 0 10 1726.43 0 9.98677 1 31461.8 27.2277 0 0 0 
108000 100 65.2 0 10 1735.44 0 9.98689 1 30306.1 26.2441 0 0 0 
109000 100 66.27 0 10 1754.2 0 9.98701 1 29932.2 25.9831 0 0 0 
110000 100 73.03 0 10 1771.39 0 9.98713 1 28753 25.0558 0 0 0 
111000 100 66.88 0 10 1785.53 0 9.98724 1 31142.8 27.4606 0 0 0 
112000 100 70.08 0 10 1808.79 0 9.98736 1 27134 23.7678 0 0 0 
113000 100 60.22 0 10 1826.45 0 9.98747 1 33188.5 29.226 0 0 0 
114000 100 65.02 0 10 1844.19 0 9.98758 1 29906.6 26.3769 0 0 0 
115000 100 42.78 0 10 1913.84 0 9.98769 1 11206.3 9.65475 0 0 0 
116000 100 38.58 0 10 2009.46 0 9.98779 1 3764.67 3.26507 0 0 0 
117000 100 39.73 0 10 2099.14 0 9.9879 1 6261.11 5.44061 0 0 0 
118000 100 37.43 0 10 2218.46 0 9.988 1 2946.28 2.58171 0 0 0 
119000 100 23.35 0 10 2360.29 0 9.9881 1 3056.66 2.77959 0 0 0 
120000 100 31.79 0 10 2500.92 0 9.9882 1 2666.06 2.39788 0 0 0 
121000 100 28.81 0 10 2636.55 0 9.9883 1 5384.21 4.78133 0 0 0 
122000 100 28.95 0 10 2771.01 0 9.98839 1 2633.09 2.33432 0 0 0 
123000 100 40.94 0 10 2904.81 0 9.98849 1 3590.27 3.19161 0 0 0 
124000 100 33.24 0 10 3012.97 0 9.98858 1 3225.48 2.86704 0 0 0 
125000 100 35 0 10 3094.9 0 9.98867 1 2804.86 2.4497 0 0 0 
126000 100 35.51 0 10 3189.41 0 9.98876 1 4471.66 3.95099 0 0 0 
127000 100 40.86 0 10 3299.67 0 9.98885 1 4645.75 4.1177 0 0 0 
128000 100 41.46 0 10 3405.45 0 9.98894 1 5417.74 4.86994 0 0 0 
129000 100 37.04 0 10 3520.74 0 9.98902 1 3869.77 3.55876 0 0 0 
130000 100 42.8 0 10 3614.85 0 9.98911 1 6546.59 6.06661 0 0 0 
131000 100 31.13 0 10 3718.52 0 9.98919 1 5177.42 4.74435 0 0 0 
132000 100 34.47 0 10 3829.57 0 9.98927 1 3825.39 3.51494 0 0 0 
133000 100 33.7 0 10 3952.65 0 9.98935 1 4030.14 3.72492 0 0 0 
134000 100 38.91 0 10 4081.81 0 9.98943 1 3254.85 3.03904 0 0 0 
135000 100 30.9 0 10 4199.64 0 9.98951 1 3527.51 3.3227 0 0 0 
136000 100 25.5 0 10 4324.2 0 9.98959 1 2176.79 2.03561 0 0 0 
137000 100 27.13 0 10 4460.47 0 9.98967 1 2230.41 2.08644 0 0 0 
138000 100 29.44 0 10 4613.57 0 9.98974 1 2127.69 2.05665 0 0 0 
139000 100 23.23 0 10 4775.87 0 9.98981 1 1981.42 1.89808 0 0 0 
140000 100 20.35 0 10 4994.16 0 9.98989 1 1616.43 1.54557 0 0 0 
141000 100 21.57 0 10 5174.27 0 9.98996 1 1604.96 1.52679 0 0 0 
142000 100 21.57 0 10 5360.8 0 9.99003 1 1857.96 1.78997 0 0 0 
143000 100 29.31 0 10 5542.01 0 9.9901 1 1698.03 1.64877 0 0 0 
144000 100 26.38 0 10 5734.57 0 9.99017 1 1597.74 1.53288 0 0 0 
145000 100 23.65 0 10 5919.97 0 9.99024 1 1424.44 1.34581 0 0 0 
146000 100 24.35 0 10 6112.1 0 9.9903 1 1929.16 1.80444 0 0 0 
147000 100 22.58 0 10 6305.77 0 9.99037 1 1763.57 1.6508 0 0 0 
148000 100 26.54 0 10 6510.22 0 9.99043 1 2133.47 1.985 0 0 0 
149000 100 27.49 0 10 6708.6 0 9.9905 1 1912.26 1.73837 0 0 0 
150000 100 23.56 0 10 6895.36 0 9.99056 1 1811.01 1.62374 0 0 0 
151000 100 25.83 0 10 7075.01 0 9.99062 1 2505.43 2.22629 0 0 0 
152000 100 20.82 0 10 7235.85 0 9.99068 1 2303.1 2.04542 0 0 0 
153000 100 20.13 0 10 7423.19 0 9.99075 1 1943.06 1.74204 0 0 0 
154000 100 24.11 0 10 7597.06 0 9.99081 1 1916.03 1.71751 0 0 0 
155000 100 21.3 0 10 7803.69 0 9.99087 1 1565.27 1.37733 0 0 0 
156000 100 22.13 0 10 8007.09 0 9.99092 1 2182.46 1.9503 0 0 0 
157000 100 20.05 0 10 8205.8 0 9.99098 1 1853.41 1.6353 0 0 0 
158000 100 27.8 0 10 8394.83 0 9.99104 1 1926.32 1.68091 0 0 0 
159000 100 21.28 0 10 8594.57 0 9.9911 1 1631.82 1.44174 0 0 0 
160000 100 19.88 0 10 8786.61 0 9.99115 1 1724.03 1.52135 0 0 0 
161000 100 16.57 0 10 8972.29 0 9.99121 1 1582.85 1.3813 0 0 0 
162000 100 16.58 0 10 9135.78 0 9.99126 1 2663.44 2.26958 0 0 0 
163000 100 23.63 0 10 9293.24 0 9.99131 1 2902 2.43928 0 0 0 
164000 100 29.58 0 10 9438.17 0 9.99137 1 2217.21 1.82086 0 0 0 
165000 100 32.27 0 10 9590.15 0 9.99142 1 2199.75 1.77619 0 0 0 
166000 100 30.17 0 10 9739.83 0 9.99147 1 1911.43 1.53414 0 0 0 
167000 100 20.21 0 10 9893.31 0 9.99152 1 2017.9 1.62556 0 0 0 
168000 100 25.54 0 10 10067.1 0 9.99157 1 1760.05 1.39634 0 0 0 
169000 100 27.34 0 10 10228.2 0 9.99162 1 1787.33 1.41183 0 0 0 
170000 100 23.48 0 10 10399.8 0 9.99167 1 1885.13 1.51873 0 0 0 
171000 100 30.47 0 10 10565.7 0 9.99172 1 2292.57 1.83307 0 0 0 
172000 100 20.42 0 10 10718.3 0 9.99177 1 2163.46 1.72244 0 0 0 
173000 100 26.91 0 10 10845.9 0 9.99182 1 2059.29 1.61634 0 0 0 
174000 100 27.81 0 10 11008 0 9.99186 1 1858.1 1.46809 0 0 0 
175000 100 26.92 0 10 11184.5 0 9.99191 1 1694.25 1.34238 0 0 0 
176000 100 20.08 0 10 11341.6 0 9.99196 1 1860.31 1.46169 0 0 0 
177000 100 24.16 0 10 11511.7 0 9.992 1 1561.69 1.22325 0 0 0 
178000 100 24.77 0 10 11693.6 0 9.99205 1 1543.88 1.19113 0 0 0 
179000 100 25.53 0 10 11847.4 0 9.99209 1 2627.02 2.03395 0 0 0 
180000 100 28.41 0 10 11992.2 0 9.99213 1 3177.56 2.47445 0 0 0 
181000 100 26.8 0 10 12165.6 0 9.99218 1 2062.09 1.64699 0 0 0 
182000 100 19.1 0 10 12355.4 0 9.99222 1 1766.55 1.39227 0 0 0 
183000 100 22.08 0 10 12527.7 0 9.99226 1 1978.22 1.56212 0 0 0 
184000 100 26.53 0 10 12702.4 0 9.9923 1 1640.41 1.28973 0 0 0 
185000 100 21.17 0 10 12876.9 0 9.99235 1 1912.43 1.50088 0 0 0 
186000 100 18.82 0 10 13063.1 0 9.99239 1 1702.75 1.3635 0 0 0 
187000 100 19.98 0 10 13243 0 9.99243 1 1683.95 1.33788 0 0 0 
188000 100 18.58 0 10 13414.4 0 9.99247 1 1781.45 1.41077 0 0 0 
189000 100 23.48 0 10 13590.7 0 9.99251 1 1799.13 1.41781 0 0 0 
190000 100 21.83 0 10 13759.6 0 9.99255 1 2354.14 1.85897 0 0 0 
191000 100 21.97 0 10 13920.9 0 9.99259 1 2470.17 1.94213 0 0 0 
192000 100 25.03 0 10 14076.6 0 9.99263 1 1995.54 1.54973 0 0 0 
193000 100 27.79 0 10 14247.8 0 9.99266 1 1877.45 1.47301 0 0 0 
194000 100 25.02 0 10 14431.4 0 9.9927 1 1894.39 1.46599 0 0 0 
195000 100 16.07 0 10 14598 0 9.99274 1 1651.86 1.308 0 0 0 
196000 100 24.9 0 10 14792.7 0 9.99278 1 1528.84 1.20207 0 0 0 
197000 100 19.58 0 10 14981.1 0 9.99281 1 1600.89 1.24561 0 0 0 
198000 100 23.18 0 10 15171.2 0 9.99285 1 1738.96 1.35865 0 0 0 
199000 100 25.25 0 10 15349.6 0 9.99288 1 1699.69 1.31672 0 0 0 
200000 100 21.82 0 10 15535.4 0 9.99292 1 1477.73 1.12826 0 0 0 
201000 100 18.78 0 10 15724.9 0 9.99296 1 1705.28 1.29471 0 0 0 
202000 100 23.26 0 10 15945.4 0 9.99299 1 1579.16 1.19106 0 0 0 
203000 100 17.13 0 10 16130.6 0 9.99303 1 1606.8 1.19934 0 0 0 
204000 100 26.74 0 10 16303.7 0 9.99306 1 1978.48 1.47723 0 0 0 
205000 100 22.58 0 10 16473.2 0 9.99309 1 1527.76 1.1473 0 0 0 
206000 100 16.61 0 10 16648.6 0 9.99313 1 2743.79 2.06735 0 0 0 
207000 100 26.34 0 10 16820.8 0 9.99316 1 2164.87 1.64383 0 0 0 
208000 100 22.53 0 10 16991.7 0 9.99319 1 1854.77 1.42778 0 0 0 
209000 100 18.73 0 10 17169.1 0 9.99323 1 1558.84 1.20872 0 0 0 
210000 100 21.08 0 10 17343.8 0 9.99326 1 1692.44 1.31051 0 0 0 
211000 100 19.92 0 10 17538.4 0 9.99329 1 1514.68 1.17824 0 0 0 
212000 100 21.9 0 10 17706.3 0 9.99332 1 1573.85 1.21443 0 0 0 
213000 100 27.91 0 10 17907.7 0 9.99335 1 2040.25 1.56734 0 0 0 
214000 100 20.33 0 10 18129.9 0 9.99338 1 1547.3 1.19123 0 0 0 
215000 100 22.21 0 10 18363.5 0 9.99341 1 1458.5 1.11957 0 0 0 
216000 100 21.35 0 10 18575.5 0 9.99344 1 1555.01 1.17603 0 0 0 
217000 100 18.69 0 10 18779.6 0 9.99348 1 1427.18 1.07524 0 0 0 
218000 100 27.76 0 10 18942.7 0 9.99351 1 3059.58 2.33858 0 0 0 
219000 100 26.56 0 10 19115.8 0 9.99353 1 2008.91 1.55599 0 0 0 
220000 100 21.09 0 10 19283.3 0 9.99356 1 1884.28 1.49049 0 0 0 
221000 100 21.94 0 10 19457 0 9.99359 1 1521.01 1.2325 0 0 0 
222000 100 25.68 0 10 19647.7 0 9.99362 1 1590.87 1.27153 0 0 0 
223000 100 20.75 0 10 19846.6 0 9.99365 1 1765.8 1.39733 0 0 0 
224000 100 22.73 0 10 20036.3 0 9.99368 1 1764.54 1.40266 0 0 0 
225000 100 26 0 10 20231.1 0 9.99371 1 1625.09 1.29364 0 0 0 
226000 100 25.49 0 10 20413.7 0 9.99373 1 1724.41 1.3579 0 0 0 
227000 100 22.76 0 10 20593.5 0 9.99376 1 1655.3 1.29691 0 0 0 
228000 100 27.32 0 10 20763 0 9.99379 1 1793.69 1.39649 0 0 0 
229000 100 24.67 0 10 20926 0 9.99382 1 1903.93 1.50217 0 0 0 
230000 100 28.85 0 10 21090.2 0 9.99384 1 3042.92 2.40862 0 0 0 
231000 100 19.58 0 10 21273.8 0 9.99387 1 1513 1.18821 0 0 0 
232000 100 25.68 0 10 21485.8 0 9.9939 1 1402.59 1.10592 0 0 0 
233000 100 16.94 0 10 21709.5 0 9.99392 1 1509.84 1.19715 0 0 0 
234000 100 21.28 0 10 21896.8 0 9.99395 1 1640.27 1.28847 0 0 0 
235000 100 17 0 10 22083.2 0 9.99397 1 1468.52 1.19434 0 0 0 
236000 100 22.38 0 10 22320.5 0 9.994 1 1297.27 1.03938 0 0 0 
237000 100 21.99 0 10 22519.6 0 9.99403 1 1554.31 1.23299 0 0 0 
238000 100 12.59 0 10 22746.8 0 9.99405 1 1399.6 1.09018 0 0 0 
239000 100 26.07 0 10 22953.8 0 9.99408 1 1735.34 1.35195 0 0 0 
240000 100 19.7 0 10 23169 0 9.9941 1 1429.17 1.14764 0 0 0 
241000 100 22.79 0 10 23365 0 9.99412 1 1598.58 1.29526 0 0 0 
242000 100 21.1 0 10 23555.5 0 9.99415 1 1495.07 1.20379 0 0 0 
243000 100 21.06 0 10 23795.9 0 9.99417 1 1434.07 1.1366 0 0 0 
244000 100 19.18 0 10 24012 0 9.9942 1 1510.18 1.19591 0 0 0 
245000 100 21.69 0 10 24217.9 0 9.99422 1 1616.72 1.27165 0 0 0 
246000 100 22.49 0 10 24430.3 0 9.99424 1 1513.26 1.19595 0 0 0 
247000 100 17.95 0 10 24659.9 0 9.99427 1 1503.65 1.23284 0 0 0 
248000 100 21.72 0 10 24875.7 0 9.99429 1 1800.18 1.46194 0 0 0 
249000 100 21.73 0 10 25075.2 0 9.99431 1 1762.46 1.41513 0 0 0 
250000 100 17.78 0 10 25303.2 0 9.99434 1 1260.82 1.00227 0 0 0 