0 100 0 0 1 0 0 0 1 0 0 0 0 0 
1000 100 64.68 0 10 10.45 0 8.61469 1 41945.1 36.1481 0 0 0 
2000 100 61.54 0 10 21.97 0 9.307 1 43776 37.752 0 0 0 
3000 100 66.4 0 10 33.82 0 9.53792 1 38553.8 33.2893 0 0 0 
4000 100 75.34 0 10 46.81 0 9.65341 1 43139.9 37.3824 0 0 0 
5000 100 73.52 0 10 57.81 0 9.72272 1 40028.1 34.7936 0 0 0 
6000 100 63.27 0 10 69.83 0 9.76892 1 37396.9 32.4365 0 0 0 
7000 100 74.54 0 10 86.51 0 9.80193 1 27408.9 23.8609 0 0 0 
8000 100 65.86 0 10 124.08 0 9.82668 1 23695 20.6651 0 0 0 
9000 100 72.93 0 10 181.87 0 9.84594 1 29943.3 26.0449 0 0 0 
10000 100 64.99 0 10 213.96 0 9.86134 1 31648.5 27.4578 0 0 0 
11000 100 57.68 0 10 250.59 0 9.87395 1 24632.4 21.3641 0 0 0 
12000 100 49.95 0 10 308.58 0 9.88445 1 18023.5 15.565 0 0 0 
13000 100 59.57 0 10 380.98 0 9.89334 1 15873.6 13.6673 0 0 0 
14000 100 50.39 0 10 408.69 0 9.90096 1 21129.8 18.3184 0 0 0 
15000 100 62.71 0 10 488.73 0 9.90756 1 23261.1 19.8682 0 0 0 
16000 100 57.55 0 10 537.42 0 9.91334 1 15160.8 12.9281 0 0 0 
17000 100 63.04 0 10 565.21 0 9.91843 1 12899.5 11.1099 0 0 0 
18000 100 44.33 0 10 646.61 0 9.92297 1 12729.1 10.9929 0 0 0 
19000 100 40.17 0 10 760.15 0 9.92702 1 4760.73 4.10634 0 0 0 
20000 100 33.28 0 10 859.05 0 9.93067 1 5732.73 4.90102 0 0 0 
21000 100 41.09 0 10 944.47 0 9.93397 1 5124.11 4.3947 0 0 0 
22000 100 43.91 0 10 1026.75 0 9.93697 1 6255.27 5.38369 0 0 0 
23000 100 34.16 0 10 1130.73 0 9.93971 1 5133.7 4.45038 0 0 0 
24000 100 39.02 0 10 1227.47 0 9.94222 1 4030.54 3.4775 0 0 0 
25000 100 36.14 0 10 1332.96 0 9.94453 1 4138.64 3.52346 0 0 0 
26000 100 27.16 0 10 1436.87 0 9.94667 1 4170.12 3.56689 0 0 0 
27000 100 34.14 0 10 1529.41 0 9.94864 1 4457.21 3.78616 0 0 0 
28000 100 32.35 0 10 1645.59 0 9.95048 1 3270.43 2.78877 0 0 0 
29000 100 30.54 0 10 1771.24 0 9.95218 1 3745.34 3.12052 0 0 0 
30000 100 24.82 0 10 1878.54 0 9.95378 1 3628.78 3.00655 0 0 0 
31000 100 38.27 0 10 1983.82 0 9.95527 1 2706.61 2.25005 0 0 0 
32000 100 27.39 0 10 2097.3 0 9.95667 1 2881.49 2.40077 0 0 0 
33000 100 34.3 0 10 2210.54 0 9.95798 1 4295.86 3.60266 0 0 0 
34000 100 36.26 0 10 2323.68 0 9.95922 1 2583.18 2.15577 0 0 0 
35000 100 36.67 0 10 2433.66 0 9.96038 1 3091.28 2.58479 0 0 0 
36000 100 26.28 0 10 2584.87 0 9.96148 1 3662.16 3.0523 0 0 0 
37000 100 34.34 0 10 2699.77 0 9.96252 1 4394.71 3.75087 0 0 0 
38000 100 29.63 0 10 2826.01 0 9.96351 1 5296.04 4.52008 0 0 0 
39000 100 27.57 0 10 2937.77 0 9.96444 1 4790.61 4.05972 0 0 0 
40000 100 30.3 0 10 3079.91 0 9.96533 1 2356.81 1.9957 0 0 0 
41000 100 35.3 0 10 3214.42 0 9.96618 1 3356.05 2.81842 0 0 0 
42000 100 24.96 0 10 3364.79 0 9.96698 1 2925.61 2.46686 0 0 0 
43000 100 30.51 0 10 3515.56 0 9.96775 1 2081.8 1.74764 0 0 0 
44000 100 37.68 0 10 3654.85 0 9.96848 1 3494.75 2.93911 0 0 0 
45000 100 30.24 0 10 3808.93 0 9.96919 1 2339.82 1.94472 0 0 0 
46000 100 30.3 0 10 3943.92 0 9.96986 1 3386.89 2.81405 0 0 0 
47000 100 32.3 0 10 4078.57 0 9.9705 1 2890.59 2.4002 0 0 0 
48000 100 37.78 0 10 4188.24 0 9.97111 1 2472.9 2.06284 0 0 0 
49000 100 34.08 0 10 4312.86 0 9.9717 1 2912.16 2.39841 0 0 0 
50000 100 30.97 0 10 4446.06 0 9.97227 1 3288.41 2.71187 0 0 0 
51000 100 36.18 0 10 4599.05 0 9.97281 1 3056.69 2.54163 0 0 0 
52000 100 25.75 0 10 4741.32 0 9.97333 1 3003.29 2.52366 0 0 0 
53000 100 28.71 0 10 4889.09 0 9.97384 1 2893.73 2.43783 0 0 0 
54000 100 26.68 0 10 5035.77 0 9.97432 1 2174.07 1.79765 0 0 0 
55000 100 27.62 0 10 5172.18 0 9.97479 1 2345.35 1.91692 0 0 0 
56000 100 29.19 0 10 5291.68 0 9.97524 1 2938.65 2.41844 0 0 0 
57000 100 29.34 0 10 5432.49 0 9.97567 1 2311.25 1.9126 0 0 0 
58000 100 29.08 0 10 5584.28 0 9.97609 1 2362.73 1.95984 0 0 0 
59000 100 36.8 0 10 5727.06 0 9.9765 1 2760.95 2.29021 0 0 0 
60000 100 31.83 0 10 5851.15 0 9.97689 1 2453.6 2.045 0 0 0 
61000 100 35.02 0 10 5948.68 0 9.97727 1 5873.65 4.94463 0 0 0 
62000 100 26.17 0 10 6081.61 0 9.97763 1 1823.27 1.51959 0 0 0 
63000 100 36.34 0 10 6208.16 0 9.97799 1 2771.71 2.25991 0 0 0 
64000 100 33.83 0 10 6343.08 0 9.97833 1 2221.71 1.7923 0 0 0 
65000 100 31.98 0 10 6485.78 0 9.97867 1 3874.07 3.07768 0 0 0 
66000 100 37.09 0 10 6611.4 0 9.97899 1 2687.04 2.13938 0 0 0 
67000 100 34.75 0 10 6753.07 0 9.9793 1 2167.65 1.72366 0 0 0 
68000 100 31.35 0 10 6854.37 0 9.97961 1 3302.07 2.61024 0 0 0 
69000 100 33.16 0 10 6983.35 0 9.9799 1 2391.12 1.88269 0 0 0 
70000 100 36.9 0 10 7110.99 0 9.98019 1 2822.18 2.21317 0 0 0 
71000 100 42.73 0 10 7204.88 0 9.98047 1 6645.98 5.18917 0 0 0 
72000 100 36.94 0 10 7296.21 0 9.98074 1 4540.95 3.55075 0 0 0 
73000 100 32.64 0 10 7418.18 0 9.981 1 2796.77 2.19875 0 0 0 
74000 100 28.64 0 10 7507.61 0 9.98126 1 3433.19 2.66451 0 0 0 
75000 100 32.36 0 10 7675.18 0 9.98151 1 3813.47 2.93679 0 0 0 
76000 100 30.62 0 10 7811.5 0 9.98175 1 4596.14 3.52406 0 0 0 
77000 100 30.41 0 10 7950.5 0 9.98199 1 1993.2 1.54356 0 0 0 
78000 100 21.17 0 10 8103.26 0 9.98222 1 1886.21 1.44612 0 0 0 
79000 100 22.8 0 10 8235.63 0 9.98245 1 4011.88 3.1344 0 0 0 
80000 100 33.92 0 10 8374.42 0 9.98267 1 2270.24 1.78425 0 0 0 
81000 100 33.61 0 10 8525.43 0 9.98288 1 1835 1.46741 0 0 0 
82000 100 30.89 0 10 8669.54 0 9.98309 1 2044.5 1.6562 0 0 0 
83000 100 22.46 0 10 8849.97 0 9.98329 1 1728.5 1.39435 0 0 0 
84000 100 23.89 0 10 9014.36 0 9.98349 1 1565.49 1.27529 0 0 0 
85000 100 23.17 0 10 9162.03 0 9.98369 1 3174.81 2.55808 0 0 0 
86000 100 26.13 0 10 9358.43 0 9.98388 1 2781.55 2.28093 0 0 0 
87000 100 31.65 0 10 9512.48 0 9.98406 1 2193.65 1.78345 0 0 0 
88000 100 23.97 0 10 9687.14 0 9.98424 1 1931.68 1.54613 0 0 0 
89000 100 25.69 0 10 9835.68 0 9.98442 1 2131.51 1.69104 0 0 0 
90000 100 29.49 0 10 9984.14 0 9.98459 1 2122.36 1.66088 0 0 0 
91000 100 27.46 0 10 10101.6 0 9.98476 1 2143.53 1.65193 0 0 0 
92000 100 36.44 0 10 10242.7 0 9.98493 1 2201.31 1.6848 0 0 0 
93000 100 28.22 0 10 10401.8 0 9.98509 1 2205.36 1.70561 0 0 0 
94000 100 27.66 0 10 10554 0 9.98525 1 2164.42 1.67989 0 0 0 
95000 100 20.84 0 10 10707.9 0 9.9854 1 2352.64 1.84182 0 0 0 
96000 100 32.34 0 10 10890.9 0 9.98556 1 1807.82 1.41407 0 0 0 
97000 100 31.76 0 10 11087.8 0 9.9857 1 2141.25 1.67471 0 0 0 
98000 100 32.55 0 10 11240.9 0 9.98585 1 2090.18 1.63845 0 0 0 
99000 100 24.03 0 10 11416 0 9.98599 1 2358.9 1.82048 0 0 0 
100000 100 25.65 0 10 11581.4 0 9.98613 1 1754.58 1.35443 0 0 0 
101000 100 27.61 0 10 11760.6 0 9.98627 1 2005.55 1.54777 0 0 0 
102000 100 22.16 0 10 11933.3 0 9.98641 1 2959.49 2.24191 0 0 0 
103000 100 23.06 0 10 12116.5 0 9.98654 1 1891.63 1.43452 0 0 0 
104000 100 21.52 0 10 12286.3 0 9.98667 1 2395.61 1.84069 0 0 0 
105000 100 28.46 0 10 12461.3 0 9.98679 1 2601.65 1.98468 0 0 0 
106000 100 24.86 0 10 12613.3 0 9.98692 1 2275.42 1.75269 0 0 0 
107000 100 34.59 0 10 12769.6 0 9.98704 1 2203.02 1.70894 0 0 0 
108000 100 25.13 0 10 12943.7 0 9.98716 1 2459.44 1.89283 0 0 0 
109000 100 26.93 0 10 13101.6 0 9.98728 1 1638.23 1.27482 0 0 0 
110000 100 28.53 0 10 13246.1 0 9.98739 1 1643.32 1.26726 0 0 0 
111000 100 25.58 0 10 13394.5 0 9.98751 1 2181.31 1.69896 0 0 0 
112000 100 26.74 0 10 13565.9 0 9.98762 1 1646.62 1.26848 0 0 0 
113000 100 25.86 0 10 13705.5 0 9.98773 1 1647.94 1.25474 0 0 0 
114000 100 23.97 0 10 13873.2 0 9.98784 1 2127.15 1.60768 0 0 0 
115000 100 30.36 0 10 14046.5 0 9.98794 1 1690.39 1.30883 0 0 0 
116000 100 31.39 0 10 14219 0 9.98805 1 1756.04 1.34527 0 0 0 
117000 100 23.98 0 10 14407.6 0 9.98815 1 1866.44 1.43988 0 0 0 
118000 100 26.84 0 10 14610.8 0 9.98825 1 1662.63 1.29365 0 0 0 
119000 100 23.97 0 10 14786.6 0 9.98835 1 1693.88 1.29746 0 0 0 
120000 100 26.51 0 10 14980.1 0 9.98844 1 2274.36 1.73483 0 0 0 
121000 100 29.44 0 10 15171.5 0 9.98854 1 2645.06 2.03031 0 0 0 
122000 100 26.11 0 10 15375.1 0 9.98863 1 1545.83 1.17453 0 0 0 
123000 100 23.21 0 10 15571.7 0 9.98873 1 1507.29 1.13755 0 0 0 
124000 100 23.52 0 10 15743.7 0 9.98882 1 1589.93 1.21168 0 0 0 
125000 100 21.35 0 10 15902.5 0 9.98891 1 1762.94 1.3427 0 0 0 
126000 100 25.53 0 10 16139.5 0 9.98899 1 1684.92 1.29026 0 0 0 
127000 100 17.22 0 10 16375.4 0 9.98908 1 1216.18 0.912614 0 0 0 
128000 100 23.1 0 10 16581.2 0 9.98917 1 1595.44 1.18156 0 0 0 
129000 100 21.25 0 10 16796 0 9.98925 1 1345.58 1.01728 0 0 0 
130000 100 21.83 0 10 17014.8 0 9.98933 1 1153.78 0.866648 0 0 0 
131000 100 17.48 0 10 17241.6 0 9.98941 1 1133.73 0.858174 0 0 0 
132000 100 15.84 0 10 17518.2 0 9.98949 1 1266.49 0.952056 0 0 0 
133000 100 20.83 0 10 17788.8 0 9.98957 1 1316.45 1.00456 0 0 0 
134000 100 18.31 0 10 18022.8 0 9.98965 1 1474.89 1.1173 0 0 0 
135000 100 21.42 0 10 18257.4 0 9.98973 1 1469.59 1.12787 0 0 0 
136000 100 22.45 0 10 18491.8 0 9.9898 1 1519.47 1.17467 0 0 0 
137000 100 17.17 0 10 18684.4 0 9.98988 1 1370.74 1.07141 0 0 0 
138000 100 23.25 0 10 18870.3 0 9.98995 1 1742.86 1.34242 0 0 0 
139000 100 19.77 0 10 19058.7 0 9.99002 1 1730.44 1.32463 0 0 0 
140000 100 20.54 0 10 19224.4 0 9.9901 1 1531.42 1.18435 0 0 0 
141000 100 26.02 0 10 19438.3 0 9.99017 1 1554.65 1.20087 0 0 0 
142000 100 22.19 0 10 19630.2 0 9.99023 1 1583.76 1.23916 0 0 0 
143000 100 20.87 0 10 19831.9 0 9.9903 1 1894.57 1.4823 0 0 0 
144000 100 19.51 0 10 20010.4 0 9.99037 1 1726.73 1.34667 0 0 0 
145000 100 23.02 0 10 20184.9 0 9.99044 1 1709.94 1.33792 0 0 0 
146000 100 23 0 10 20395.4 0 9.9905 1 2835 2.23565 0 0 0 
147000 100 20.08 0 10 20611.2 0 9.99057 1 1452.45 1.14937 0 0 0 
148000 100 20 0 10 20794.4 0 9.99063 1 1497.48 1.19393 0 0 0 
149000 100 22.72 0 10 20979.7 0 9.99069 1 1697.98 1.34838 0 0 0 
150000 100 23.55 0 10 21144.5 0 9.99076 1 2387.59 1.88428 0 0 0 
151000 100 23.87 0 10 21343.7 0 9.99082 1 1739.59 1.38707 0 0 0 
152000 100 26.33 0 10 21556.7 0 9.99088 1 1773.33 1.40808 0 0 0 
153000 100 20.9 0 10 21730.3 0 9.99094 1 1985.53 1.56926 0 0 0 
154000 100 19.49 0 10 21907.3 0 9.991 1 1569.55 1.25371 0 0 0 
155000 100 24.29 0 10 22106.2 0 9.99105 1 1536.77 1.23061 0 0 0 
156000 100 27.28 0 10 22271.2 0 9.99111 1 2459.31 1.95618 0 0 0 
157000 100 18.37 0 10 22450.2 0 9.99117 1 1765.55 1.41678 0 0 0 
158000 100 25.02 0 10 22625.6 0 9.99122 1 2502.9 1.99192 0 0 0 
159000 100 29.64 0 10 22774.1 0 9.99128 1 2247 1.75373 0 0 0 
160000 100 31.08 0 10 22892.8 0 9.99133 1 3810.23 2.96868 0 0 0 
161000 100 29.14 0 10 23095.5 0 9.99139 1 2330.98 1.84756 0 0 0 
162000 100 27.78 0 10 23263.4 0 9.99144 1 1842.25 1.45648 0 0 0 
163000 100 24.62 0 10 23441.6 0 9.99149 1 1758.54 1.37247 0 0 0 
164000 100 25.9 0 10 23628.2 0 9.99154 1 1707.28 1.34273 0 0 0 
165000 100 22 0 10 23808.4 0 9.9916 1 2395.13 1.88645 0 0 0 
166000 100 23.88 0 10 23954.7 0 9.99165 1 1971.01 1.55997 0 0 0 
167000 100 30.15 0 10 24134.3 0 9.9917 1 2558.35 2.0167 0 0 0 
168000 100 26.96 0 10 24288.1 0 9.99175 1 3905.11 3.05196 0 0 0 
169000 100 27.44 0 10 24423.6 0 9.99179 1 2940.75 2.28136 0 0 0 
170000 100 28.47 0 10 24577.8 0 9.99184 1 3001.52 2.31443 0 0 0 
171000 100 21.76 0 10 24730.2 0 9.99189 1 1897.04 1.45403 0 0 0 
172000 100 25.97 0 10 24895.1 0 9.99194 1 1856.04 1.41688 0 0 0 
173000 100 28.2 0 10 25058.8 0 9.99198 1 1825.59 1.36099 0 0 0 
174000 100 27.6 0 10 25206.7 0 9.99203 1 2803.24 2.03501 0 0 0 
175000 100 24.48 0 10 25383 0 9.99208 1 2957.96 2.16633 0 0 0 
176000 100 24.06 0 10 25567.7 0 9.99212 1 3177.84 2.34299 0 0 0 
177000 100 31.81 0 10 25733.9 0 9.99217 1 1652.93 1.1832 0 0 0 
178000 100 22.06 0 10 25897.2 0 9.99221 1 1868.75 1.33269 0 0 0 
179000 100 25.34 0 10 26083.2 0 9.99225 1 1778.83 1.25607 0 0 0 
180000 100 27.81 0 10 26267.6 0 9.9923 1 2230.19 1.56885 0 0 0 
181000 100 24.64 0 10 26450.8 0 9.99234 1 1293.98 0.927329 0 0 0 
182000 100 23.41 0 10 26689.5 0 9.99238 1 1672.62 1.1889 0 0 0 
183000 100 23.31 0 10 26904.7 0 9.99242 1 2003.89 1.4374 0 0 0 
184000 100 19.65 0 10 27093.9 0 9.99246 1 1527.97 1.10494 0 0 0 
185000 100 21.98 0 10 27329.3 0 9.9925 1 1344.6 0.970252 0 0 0 
186000 100 24.34 0 10 27547.5 0 9.99254 1 1712.29 1.24831 0 0 0 
187000 100 22.17 0 10 27769.2 0 9.99258 1 1739.16 1.27532 0 0 0 
188000 100 19.36 0 10 27958.8 0 9.99262 1 1560.4 1.14856 0 0 0 
189000 100 18.1 0 10 28187.6 0 9.99266 1 1402.64 1.0094 0 0 0 
190000 100 18.36 0 10 28434.7 0 9.9927 1 1388.26 0.993174 0 0 0 
191000 100 17.72 0 10 28653.7 0 9.99274 1 1170.87 0.830624 0 0 0 
192000 100 20.09 0 10 28888.1 0 9.99278 1 1429.12 1.02119 0 0 0 
193000 100 18.14 0 10 29116.1 0 9.99282 1 1420.64 1.02182 0 0 0 
194000 100 18.65 0 10 29355.1 0 9.99285 1 1173.22 0.838783 0 0 0 
195000 100 19.25 0 10 29590.2 0 9.99289 1 1570.52 1.11512 0 0 0 
196000 100 18.91 0 10 29783.3 0 9.99293 1 1480.72 1.05126 0 0 0 
197000 100 16.71 0 10 30032.5 0 9.99296 1 1606.94 1.15321 0 0 0 
198000 100 16.65 0 10 30267.5 0 9.993 1 1508.79 1.06617 0 0 0 
199000 100 20.4 0 10 30502.7 0 9.99303 1 1262.93 0.880496 0 0 0 
200000 100 18.69 0 10 30736.5 0 9.99307 1 1412.03 0.98571 0 0 0 
201000 100 15.26 0 10 30968.3 0 9.9931 1 1272.98 0.886848 0 0 0 
202000 100 16.94 0 10 31213.5 0 9.99314 1 1243.02 0.857462 0 0 0 
203000 100 19.65 0 10 31421.2 0 9.99317 1 1345.16 0.914076 0 0 0 
204000 100 28.15 0 10 31658.1 0 9.9932 1 1362.1 0.914202 0 0 0 
205000 100 15.3 0 10 31901.7 0 9.99324 1 1471.83 0.982558 0 0 0 
206000 100 24.71 0 10 32098.8 0 9.99327 1 1550.57 1.02645 0 0 0 
207000 100 23.98 0 10 32307.3 0 9.9933 1 1576.88 1.05453 0 0 0 
208000 100 14.21 0 10 32537.6 0 9.99333 1 1538.24 1.03015 0 0 0 
209000 100 20.04 0 10 32746.5 0 9.99337 1 1467.26 0.973795 0 0 0 
210000 100 26.03 0 10 32945.7 0 9.9934 1 1548.03 1.02654 0 0 0 
211000 100 22.74 0 10 33179.2 0 9.99343 1 1475.19 0.959185 0 0 0 
212000 100 17.91 0 10 33381 0 9.99346 1 1512.5 0.978278 0 0 0 
213000 100 20.04 0 10 33583.3 0 9.99349 1 1496.06 0.975646 0 0 0 
214000 100 15.93 0 10 33807.9 0 9.99352 1 1361.67 0.88166 0 0 0 
215000 100 19.87 0 10 34029 0 9.99355 1 1593.96 1.03764 0 0 0 
216000 100 20.81 0 10 34261.7 0 9.99358 1 1429.63 0.932454 0 0 0 
217000 100 17.21 0 10 34469.7 0 9.99361 1 2098.34 1.36895 0 0 0 
218000 100 27.41 0 10 34677.3 0 9.99364 1 1580.11 1.05192 0 0 0 
219000 100 18.86 0 10 34897.7 0 9.99367 1 1573.16 1.05887 0 0 0 
220000 100 19.99 0 10 35107.4 0 9.9937 1 2465.64 1.65971 0 0 0 
221000 100 17.39 0 10 35327.1 0 9.99373 1 1377.6 0.930894 0 0 0 
222000 100 17 0 10 35565.3 0 9.99375 1 1334.09 0.919395 0 0 0 
223000 100 19.5 0 10 35789.1 0 9.99378 1 1259.15 0.866273 0 0 0 
224000 100 22.93 0 10 35998.3 0 9.99381 1 1588.27 1.08332 0 0 0 
225000 100 18.25 0 10 36218.4 0 9.99384 1 1503.85 1.00408 0 0 0 
226000 100 20.9 0 10 36461.3 0 9.99386 1 1289.51 0.850756 0 0 0 
227000 100 20.64 0 10 36708.1 0 9.99389 1 1309.68 0.867989 0 0 0 
228000 100 12.52 0 10 37024.6 0 9.99392 1 994.41 0.665945 0 0 0 
229000 100 13.19 0 10 37348 0 9.99394 1 975.33 0.650085 0 0 0 
230000 100 11.44 0 10 37665.8 0 9.99397 1 937.97 0.631627 0 0 0 
231000 100 11.45 0 10 38012.4 0 9.994 1 810.53 0.555684 0 0 0 
232000 100 13.59 0 10 38355 0 9.99402 1 803.68 0.545847 0 0 0 
233000 100 11.56 0 10 38697.5 0 9.99405 1 1103.27 0.747053 0 0 0 
234000 100 13.93 0 10 39036.8 0 9.99407 1 818.43 0.549756 0 0 0 
235000 100 12.16 0 10 39359.7 0 9.9941 1 908.71 0.60683 0 0 0 
236000 100 14.09 0 10 39691.6 0 9.99412 1 1021.94 0.684054 0 0 0 
237000 100 11.7 0 10 40057.9 0 9.99415 1 880 0.581231 0 0 0 
238000 100 11.96 0 10 40431.7 0 9.99417 1 882.45 0.582833 0 0 0 
239000 100 12.69 0 10 40769.9 0 9.9942 1 911.32 0.597333 0 0 0 
240000 100 12.54 0 10 41107.6 0 9.99422 1 951.72 0.628803 0 0 0 
241000 100 13.94 0 10 41451.3 0 9.99425 1 927.23 0.602046 0 0 0 
242000 100 13.43 0 10 41758.2 0 9.99427 1 1041.29 0.672062 0 0 0 
243000 100 11.52 0 10 42082.1 0 9.99429 1 927.67 0.606584 0 0 0 
244000 100 13.52 0 10 42420.9 0 9.99432 1 1071.56 0.672885 0 0 0 
245000 100 13.18 0 10 42757.8 0 9.99434 1 933.42 0.565539 0 0 0 
246000 100 12.54 0 10 43079.2 0 9.99436 1 931.2 0.570234 0 0 0 
247000 100 12.4 0 10 43412.5 0 9.99439 1 927.99 0.563967 0 0 0 
248000 100 13.94 0 10 43784.4 0 9.99441 1 927.94 0.56272 0 0 0 
249000 100 14.47 0 10 44131.3 0 9.99443 1 1107.42 0.671874 0 0 0 
250000 100 12.23 0 10 44458.3 0 9.99445 1 1010.76 0.615537 0 0 0 