# Avida Average Deme Data
# Mon Apr  7 15:10:40 2014
#  1: Update
#  2: Count
#  3: Age
#  4: Births
#  5: Organisms
#  6: Generation
#  7: Births (at last replication)
#  8: Organisms (at last replication)
#  9: Merit
# 10: Gestation Time
# 11: Time Used (normalized by org fitness)
# 12: Generations between current and last founders
# 13: Events killed
# 14: Attempts to kill event

0 100 0 0 1 0 0 0 1 0 0 0 0 0 
1000 100 57.42 0 10 9.08 0 8.5999 1 41329.2 35.6307 0 0 0 
2000 100 76.61 0 10 18.53 0 9.2996 1 40144.5 34.6357 0 0 0 
3000 100 66.85 0 10 31.94 0 9.53299 1 34779.3 29.9649 0 0 0 
4000 100 63.32 0 10 41.13 0 9.64971 1 44544.2 38.3762 0 0 0 
5000 100 74.3 0 10 47.88 0 9.71976 1 39614.1 34.2053 0 0 0 
6000 100 68.05 0 10 55.83 0 9.76646 1 40487.1 35.1602 0 0 0 
7000 100 66.72 0 10 69.8 0 9.79981 1 47305 40.9553 0 0 0 
8000 100 72.71 0 10 79.95 0 9.82483 1 36496.2 31.6333 0 0 0 
9000 100 63.91 0 10 98.04 0 9.8443 1 38658.5 33.4017 0 0 0 
10000 100 75.29 0 10 115.08 0 9.85986 1 41904.1 36.2063 0 0 0 
11000 100 65.63 0 10 126.98 0 9.8726 1 32262 27.9846 0 0 0 
12000 100 59.9 0 10 150.61 0 9.88322 1 27836.4 24.1715 0 0 0 
13000 100 61.82 0 10 167.6 0 9.8922 1 35863 31.2311 0 0 0 
14000 100 67.49 0 10 182.79 0 9.8999 1 29530 25.7271 0 0 0 
15000 100 60.03 0 10 211.2 0 9.90657 1 26433.5 23.0371 0 0 0 
16000 100 62.14 0 10 227.58 0 9.91241 1 33764.4 29.4024 0 0 0 
17000 100 81.7 0 10 251.85 0 9.91756 1 35546 30.9863 0 0 0 
18000 100 74.81 0 10 293.69 0 9.92214 1 37260.7 32.3789 0 0 0 
19000 100 84.53 0 10 290.91 0 9.92624 1 34779.8 29.9654 0 0 0 
20000 100 73.29 0 10 301.67 0 9.92993 1 37141.4 31.8946 0 0 0 
21000 100 73.7 0 10 315.69 0 9.93327 1 35205.1 30.2815 0 0 0 
22000 100 71.21 0 10 341.18 0 9.9363 1 29389.9 25.3267 0 0 0 
23000 100 67.51 0 10 352.94 0 9.93907 1 33956.2 29.306 0 0 0 
24000 100 66.14 0 10 369.64 0 9.94161 1 34268.1 29.5409 0 0 0 
25000 100 64.29 0 10 389.3 0 9.94394 1 34229 29.5556 0 0 0 
26000 100 61.1 0 10 406.41 0 9.9461 1 32821.6 28.4322 0 0 0 
27000 100 60.66 0 10 423.06 0 9.94809 1 27969.3 24.3028 0 0 0 
28000 100 68.45 0 10 442.64 0 9.94995 1 32400 27.9163 0 0 0 
29000 100 73.76 0 10 460.75 0 9.95167 1 29986.3 25.6965 0 0 0 
30000 100 61.11 0 10 516.56 0 9.95328 1 19621.3 16.6086 0 0 0 
31000 100 49.22 0 10 596.49 0 9.95479 1 14669.2 12.3713 0 0 0 
32000 100 54.5 0 10 635.16 0 9.9562 1 13739.9 11.544 0 0 0 
33000 100 63.21 0 10 714.84 0 9.95753 1 16669.1 14.0689 0 0 0 
34000 100 55.41 0 10 806.68 0 9.95878 1 11048.2 9.318 0 0 0 
35000 100 51.71 0 10 882.6 0 9.95996 1 13114 11.003 0 0 0 
36000 100 42.6 0 10 980.18 0 9.96107 1 8197.69 6.92127 0 0 0 
37000 100 43.86 0 10 1064.74 0 9.96212 1 6889.42 5.74048 0 0 0 
38000 100 48.25 0 10 1135.27 0 9.96312 1 5147.15 4.30255 0 0 0 
39000 100 26.7 0 10 1237.04 0 9.96407 1 1956.27 1.62872 0 0 0 
40000 100 26.12 0 10 1399.65 0 9.96496 1 2478.57 2.06216 0 0 0 
41000 100 28.02 0 10 1573.11 0 9.96582 1 2288.8 1.91936 0 0 0 
42000 100 34.92 0 10 1726.65 0 9.96663 1 2878.56 2.39197 0 0 0 
43000 100 29.93 0 10 1913.47 0 9.96741 1 1987.79 1.60269 0 0 0 
44000 100 35.23 0 10 2078.49 0 9.96815 1 2127.95 1.71609 0 0 0 
45000 100 31.73 0 10 2250.24 0 9.96886 1 4103.58 3.28409 0 0 0 
46000 100 27.33 0 10 2422.07 0 9.96953 1 1668.58 1.33688 0 0 0 
47000 100 29.86 0 10 2606.41 0 9.97018 1 2877.02 2.30077 0 0 0 
48000 100 27.63 0 10 2785.77 0 9.9708 1 3534.71 2.89363 0 0 0 
49000 100 42.33 0 10 2935.78 0 9.9714 1 3167.82 2.58484 0 0 0 
50000 100 35.46 0 10 3069.3 0 9.97197 1 1859.23 1.54049 0 0 0 
51000 100 37.32 0 10 3201.71 0 9.97252 1 3051.59 2.52154 0 0 0 
52000 100 37.11 0 10 3379.08 0 9.97305 1 2749.74 2.26376 0 0 0 
53000 100 29.22 0 10 3545.86 0 9.97356 1 1868.7 1.52069 0 0 0 
54000 100 30.64 0 10 3727.21 0 9.97405 1 4197.75 3.39588 0 0 0 
55000 100 32.47 0 10 3880.49 0 9.97452 1 3254.51 2.66876 0 0 0 
56000 100 33.11 0 10 4034.03 0 9.97497 1 2278.86 1.87432 0 0 0 
57000 100 30.7 0 10 4193.09 0 9.97541 1 2556.85 2.09843 0 0 0 
58000 100 32.07 0 10 4401.14 0 9.97584 1 1781.1 1.42544 0 0 0 
59000 100 30.07 0 10 4589.37 0 9.97625 1 1609.02 1.30912 0 0 0 
60000 100 31.49 0 10 4751.72 0 9.97664 1 3464.94 2.86309 0 0 0 
61000 100 27.86 0 10 4938.21 0 9.97702 1 1620.79 1.34628 0 0 0 
62000 100 23.59 0 10 5125.77 0 9.9774 1 1862.91 1.5217 0 0 0 
63000 100 32.53 0 10 5326.15 0 9.97775 1 2891.51 2.40102 0 0 0 
64000 100 34.68 0 10 5503.96 0 9.9781 1 1574.44 1.30493 0 0 0 
65000 100 31.05 0 10 5686.6 0 9.97844 1 2048.81 1.70432 0 0 0 
66000 100 30.04 0 10 5863.52 0 9.97877 1 1637.3 1.35203 0 0 0 
67000 100 25 0 10 6038.96 0 9.97908 1 1938.03 1.61454 0 0 0 
68000 100 27.16 0 10 6217.78 0 9.97939 1 2107.72 1.73182 0 0 0 
69000 100 28.78 0 10 6356.31 0 9.97969 1 1942.33 1.57985 0 0 0 
70000 100 29.54 0 10 6487.73 0 9.97998 1 2154.05 1.7702 0 0 0 
71000 100 29.44 0 10 6642.54 0 9.98026 1 4244.18 3.53222 0 0 0 
72000 100 30.02 0 10 6822.55 0 9.98053 1 3569.52 2.97889 0 0 0 
73000 100 29.5 0 10 6995.4 0 9.9808 1 2730.35 2.2837 0 0 0 
74000 100 31.95 0 10 7142.29 0 9.98106 1 2751.49 2.29702 0 0 0 
75000 100 28.84 0 10 7327.17 0 9.98131 1 1720.15 1.427 0 0 0 
76000 100 26.68 0 10 7463.56 0 9.98156 1 1595.82 1.30058 0 0 0 
77000 100 38.01 0 10 7594.55 0 9.9818 1 3104.05 2.52552 0 0 0 
78000 100 24.63 0 10 7756.67 0 9.98203 1 2019.53 1.62752 0 0 0 
79000 100 22.97 0 10 7944.95 0 9.98226 1 1736.85 1.41154 0 0 0 
80000 100 31.78 0 10 8095.68 0 9.98248 1 1837.32 1.50477 0 0 0 
81000 100 33.5 0 10 8273.38 0 9.9827 1 2405.22 1.97344 0 0 0 
82000 100 30.03 0 10 8452.74 0 9.98291 1 1590.02 1.31116 0 0 0 
83000 100 31.17 0 10 8636.89 0 9.98311 1 3700.53 3.04925 0 0 0 
84000 100 35.78 0 10 8773.72 0 9.98332 1 3017.5 2.49613 0 0 0 
85000 100 31.13 0 10 8917.2 0 9.98351 1 3138.5 2.58757 0 0 0 
86000 100 30.86 0 10 9069.3 0 9.9837 1 1943.26 1.6051 0 0 0 
87000 100 29.15 0 10 9215.85 0 9.98389 1 2235.15 1.83946 0 0 0 
88000 100 20.15 0 10 9392.48 0 9.98407 1 2771.93 2.2783 0 0 0 
89000 100 22.72 0 10 9555.87 0 9.98425 1 1647.59 1.38664 0 0 0 
90000 100 27.79 0 10 9750.62 0 9.98443 1 1813.04 1.5425 0 0 0 
91000 100 25.81 0 10 9936.01 0 9.9846 1 2558.65 2.19822 0 0 0 
92000 100 32.84 0 10 10106.7 0 9.98477 1 1830.29 1.57771 0 0 0 
93000 100 26.76 0 10 10294.1 0 9.98493 1 1747.55 1.53923 0 0 0 
94000 100 31.56 0 10 10463 0 9.98509 1 2084.9 1.80196 0 0 0 
95000 100 26.57 0 10 10612.5 0 9.98525 1 2335.16 2.02276 0 0 0 
96000 100 31.03 0 10 10758.4 0 9.9854 1 2370.88 2.05073 0 0 0 
97000 100 28.07 0 10 10887.4 0 9.98555 1 1933 1.6815 0 0 0 
98000 100 24.41 0 10 11053.8 0 9.9857 1 2039.75 1.75973 0 0 0 
99000 100 27.04 0 10 11212.3 0 9.98584 1 1380.3 1.19161 0 0 0 
100000 100 20.26 0 10 11394.8 0 9.98599 1 1808.46 1.62258 0 0 0 
101000 100 25.28 0 10 11576.6 0 9.98612 1 4464.02 3.96272 0 0 0 
102000 100 25.96 0 10 11787.7 0 9.98626 1 1311.13 1.18118 0 0 0 
103000 100 28.02 0 10 11977.1 0 9.98639 1 2104.36 1.95119 0 0 0 
104000 100 27.65 0 10 12160.6 0 9.98652 1 1839.75 1.66551 0 0 0 
105000 100 28.6 0 10 12360.3 0 9.98665 1 2073.4 1.86215 0 0 0 
106000 100 26.16 0 10 12551.5 0 9.98678 1 1732.75 1.56144 0 0 0 
107000 100 30.21 0 10 12748.3 0 9.9869 1 1631.65 1.45311 0 0 0 
108000 100 20.39 0 10 12965.4 0 9.98702 1 1488.22 1.33641 0 0 0 
109000 100 19.82 0 10 13126 0 9.98714 1 1423.87 1.29231 0 0 0 
110000 100 26.96 0 10 13349.1 0 9.98726 1 1481.76 1.33274 0 0 0 
111000 100 24.9 0 10 13585.3 0 9.98737 1 1438.61 1.28322 0 0 0 
112000 100 21.42 0 10 13804.3 0 9.98749 1 1655.05 1.49147 0 0 0 
113000 100 28 0 10 13989.7 0 9.9876 1 2935.03 2.6103 0 0 0 
114000 100 23.34 0 10 14220.2 0 9.98771 1 1625.65 1.44974 0 0 0 
115000 100 18.57 0 10 14432.1 0 9.98781 1 1288.83 1.14532 0 0 0 
116000 100 20.29 0 10 14645 0 9.98792 1 1979 1.79077 0 0 0 
117000 100 26.8 0 10 14868.8 0 9.98802 1 1335.85 1.22472 0 0 0 
118000 100 20.63 0 10 15102.8 0 9.98812 1 1269.94 1.17147 0 0 0 
119000 100 23.92 0 10 15342.4 0 9.98822 1 1403.44 1.29736 0 0 0 
120000 100 18.92 0 10 15533.5 0 9.98832 1 1475.36 1.34245 0 0 0 
121000 100 24.13 0 10 15748.3 0 9.98842 1 1739.22 1.58352 0 0 0 
122000 100 24.5 0 10 15902.6 0 9.98851 1 1592.02 1.4397 0 0 0 
123000 100 29.26 0 10 16097.4 0 9.98861 1 2648.42 2.3237 0 0 0 
124000 100 25.97 0 10 16300.4 0 9.9887 1 2081.26 1.83489 0 0 0 
125000 100 26.82 0 10 16499 0 9.98879 1 1916.77 1.6808 0 0 0 
126000 100 20.05 0 10 16664.8 0 9.98888 1 1835.54 1.63014 0 0 0 
127000 100 24.95 0 10 16843.7 0 9.98896 1 1968.84 1.75706 0 0 0 
128000 100 17.55 0 10 17056.9 0 9.98905 1 1483.82 1.32924 0 0 0 
129000 100 19.15 0 10 17267.4 0 9.98914 1 1654.71 1.47875 0 0 0 
130000 100 28.66 0 10 17471.3 0 9.98922 1 1876.26 1.67821 0 0 0 
131000 100 18.68 0 10 17707.6 0 9.9893 1 1491.87 1.35304 0 0 0 
132000 100 27.5 0 10 17944.8 0 9.98938 1 1706.89 1.5584 0 0 0 
133000 100 23.49 0 10 18190.2 0 9.98946 1 1418.26 1.28633 0 0 0 
134000 100 24.84 0 10 18371.6 0 9.98954 1 1822.54 1.67609 0 0 0 
135000 100 26.09 0 10 18578 0 9.98962 1 1465.75 1.3363 0 0 0 
136000 100 22.94 0 10 18747.3 0 9.98969 1 1787.18 1.64032 0 0 0 
137000 100 15.79 0 10 18959.9 0 9.98977 1 1418.67 1.32806 0 0 0 
138000 100 16.9 0 10 19169.5 0 9.98984 1 1535.07 1.42138 0 0 0 
139000 100 24.44 0 10 19378.5 0 9.98992 1 1363.42 1.26952 0 0 0 
140000 100 24.28 0 10 19613 0 9.98999 1 1341.65 1.24315 0 0 0 
141000 100 20 0 10 19839.4 0 9.99006 1 1390.44 1.27136 0 0 0 
142000 100 19.78 0 10 20077.1 0 9.99013 1 1514.61 1.3729 0 0 0 
143000 100 22.27 0 10 20265.6 0 9.9902 1 1791.87 1.62064 0 0 0 
144000 100 25.63 0 10 20451.8 0 9.99027 1 1614.41 1.47828 0 0 0 
145000 100 28.08 0 10 20633 0 9.99033 1 1803.64 1.63683 0 0 0 
146000 100 16.82 0 10 20841.3 0 9.9904 1 1733.98 1.54899 0 0 0 
147000 100 19.37 0 10 21028.5 0 9.99047 1 1683.59 1.48853 0 0 0 
148000 100 21.07 0 10 21215.8 0 9.99053 1 1620.74 1.43227 0 0 0 
149000 100 22.49 0 10 21455.3 0 9.99059 1 1298.02 1.15286 0 0 0 
150000 100 21.38 0 10 21697.9 0 9.99066 1 1351.08 1.19615 0 0 0 
151000 100 19 0 10 21927.7 0 9.99072 1 1254.97 1.11831 0 0 0 
152000 100 18.6 0 10 22151.7 0 9.99078 1 1350.15 1.18401 0 0 0 
153000 100 25.38 0 10 22329.9 0 9.99084 1 1339.48 1.17064 0 0 0 
154000 100 18.73 0 10 22568.7 0 9.9909 1 1475.54 1.26309 0 0 0 
155000 100 20.75 0 10 22771.7 0 9.99096 1 1837.13 1.60614 0 0 0 
156000 100 22.29 0 10 22992 0 9.99102 1 1165.62 1.0218 0 0 0 
157000 100 18.58 0 10 23237.7 0 9.99107 1 1494.15 1.31008 0 0 0 
158000 100 18.95 0 10 23480.3 0 9.99113 1 1527.62 1.33623 0 0 0 
159000 100 18.61 0 10 23708.8 0 9.99119 1 1300.17 1.12713 0 0 0 
160000 100 18.53 0 10 23948.5 0 9.99124 1 1238.37 1.05218 0 0 0 
161000 100 19.64 0 10 24193 0 9.9913 1 1301.61 1.11339 0 0 0 
162000 100 25.19 0 10 24411.4 0 9.99135 1 1283.56 1.0614 0 0 0 
163000 100 17.02 0 10 24651.9 0 9.9914 1 1364.04 1.13681 0 0 0 
164000 100 24.79 0 10 24883.1 0 9.99145 1 1690.65 1.40484 0 0 0 
165000 100 18.58 0 10 25061.5 0 9.99151 1 1473.84 1.21568 0 0 0 
166000 100 23.73 0 10 25255.1 0 9.99156 1 1428.96 1.16621 0 0 0 
167000 100 20.8 0 10 25477.7 0 9.99161 1 1665.83 1.35677 0 0 0 
168000 100 23.43 0 10 25702.1 0 9.99166 1 1353.37 1.08526 0 0 0 
169000 100 20.68 0 10 25932.9 0 9.99171 1 1663.02 1.32441 0 0 0 
170000 100 23.22 0 10 26157.3 0 9.99176 1 2990.93 2.39249 0 0 0 
171000 100 23.3 0 10 26381.6 0 9.9918 1 1611.22 1.27123 0 0 0 
172000 100 20.95 0 10 26627.5 0 9.99185 1 1438.77 1.15841 0 0 0 
173000 100 21.38 0 10 26878.3 0 9.9919 1 1416.42 1.13598 0 0 0 
174000 100 20.53 0 10 27152.1 0 9.99195 1 1458.66 1.16167 0 0 0 
175000 100 19.47 0 10 27412.7 0 9.99199 1 1249.3 0.982811 0 0 0 
176000 100 17.7 0 10 27631.2 0 9.99204 1 1554.74 1.21175 0 0 0 
177000 100 18.94 0 10 27836 0 9.99208 1 1424.77 1.11768 0 0 0 
178000 100 25.02 0 10 28049.2 0 9.99213 1 1257.64 0.967258 0 0 0 
179000 100 18.15 0 10 28258.7 0 9.99217 1 1410.01 1.0824 0 0 0 
180000 100 23.97 0 10 28492.1 0 9.99221 1 1374.2 1.07434 0 0 0 
181000 100 22.72 0 10 28707.7 0 9.99226 1 1631.86 1.2784 0 0 0 
182000 100 29.37 0 10 28907.9 0 9.9923 1 1622.87 1.27748 0 0 0 
183000 100 21.52 0 10 29113 0 9.99234 1 1846.13 1.43944 0 0 0 
184000 100 18.65 0 10 29342 0 9.99238 1 1251.89 0.98374 0 0 0 
185000 100 19.22 0 10 29532.5 0 9.99242 1 1445.18 1.16738 0 0 0 
186000 100 19.94 0 10 29758.4 0 9.99247 1 1525.28 1.23686 0 0 0 
187000 100 22.71 0 10 29993.6 0 9.99251 1 1288.09 1.03412 0 0 0 
188000 100 17.93 0 10 30219.7 0 9.99255 1 1559.05 1.25938 0 0 0 
189000 100 21.3 0 10 30426.6 0 9.99258 1 1602.94 1.29315 0 0 0 
190000 100 27.65 0 10 30650.2 0 9.99262 1 1630.08 1.30323 0 0 0 
191000 100 26.95 0 10 30854.5 0 9.99266 1 1423.72 1.12942 0 0 0 
192000 100 28.13 0 10 31048.6 0 9.9927 1 1817.55 1.44305 0 0 0 
193000 100 22.49 0 10 31241 0 9.99274 1 1788.15 1.42935 0 0 0 
194000 100 25.4 0 10 31432.1 0 9.99278 1 1719.69 1.38737 0 0 0 
195000 100 22.17 0 10 31636.9 0 9.99281 1 1229.96 1.01487 0 0 0 
196000 100 30.26 0 10 31842.5 0 9.99285 1 2874.81 2.38061 0 0 0 
197000 100 21.22 0 10 32045.1 0 9.99289 1 1351.18 1.11797 0 0 0 
198000 100 23.91 0 10 32277 0 9.99292 1 2849.66 2.35067 0 0 0 
199000 100 22.23 0 10 32479.7 0 9.99296 1 1537.79 1.26388 0 0 0 
200000 100 21.32 0 10 32685.6 0 9.99299 1 1825.72 1.55458 0 0 0 
201000 100 17.29 0 10 32884.8 0 9.99303 1 1482.11 1.23608 0 0 0 
202000 100 25.19 0 10 33066.4 0 9.99306 1 1625.74 1.3392 0 0 0 
203000 100 17.72 0 10 33266.7 0 9.9931 1 1467.62 1.20326 0 0 0 
204000 100 22.84 0 10 33475 0 9.99313 1 1605.15 1.31588 0 0 0 
205000 100 21.83 0 10 33679.5 0 9.99316 1 1710.47 1.41868 0 0 0 
206000 100 17.5 0 10 33921.7 0 9.9932 1 1344.69 1.11415 0 0 0 
207000 100 15.57 0 10 34152.2 0 9.99323 1 1346.34 1.10724 0 0 0 
208000 100 24.56 0 10 34437.2 0 9.99326 1 1509.82 1.26236 0 0 0 
209000 100 25.81 0 10 34688.4 0 9.99329 1 1200.11 1.00544 0 0 0 
210000 100 28.43 0 10 34915.3 0 9.99333 1 2242.41 1.88106 0 0 0 
211000 100 18.76 0 10 35119.1 0 9.99336 1 1530.96 1.27164 0 0 0 
212000 100 23.23 0 10 35331.8 0 9.99339 1 1460.17 1.19705 0 0 0 
213000 100 31.28 0 10 35502.5 0 9.99342 1 1496 1.23385 0 0 0 
214000 100 25.64 0 10 35705.9 0 9.99345 1 1417.98 1.16292 0 0 0 
215000 100 18.81 0 10 35918.6 0 9.99348 1 1571.91 1.28734 0 0 0 
216000 100 21.23 0 10 36131.6 0 9.99351 1 1797.01 1.50854 0 0 0 
217000 100 24.1 0 10 36335.1 0 9.99354 1 1476.54 1.25031 0 0 0 
218000 100 18.12 0 10 36551.3 0 9.99357 1 2848.74 2.41702 0 0 0 
219000 100 21.58 0 10 36789.1 0 9.9936 1 1280.1 1.08195 0 0 0 
220000 100 24.08 0 10 37028.6 0 9.99363 1 1826.18 1.53291 0 0 0 
221000 100 19.76 0 10 37271 0 9.99366 1 1537.13 1.2848 0 0 0 
222000 100 22.51 0 10 37486.1 0 9.99369 1 1378.1 1.15841 0 0 0 
223000 100 17.78 0 10 37722.5 0 9.99372 1 1426.79 1.18973 0 0 0 
224000 100 28.61 0 10 37959.6 0 9.99374 1 1807.7 1.50668 0 0 0 
225000 100 18.49 0 10 38246.6 0 9.99377 1 1344.03 1.11839 0 0 0 
226000 100 28.71 0 10 38465.3 0 9.9938 1 1353.42 1.14128 0 0 0 
227000 100 17.3 0 10 38705.7 0 9.99383 1 1422.1 1.19807 0 0 0 
228000 100 19.39 0 10 38930.1 0 9.99385 1 1803.97 1.52796 0 0 0 
229000 100 23.67 0 10 39139.8 0 9.99388 1 1455.87 1.24021 0 0 0 
230000 100 24.28 0 10 39387 0 9.99391 1 1348.42 1.14618 0 0 0 
231000 100 17.6 0 10 39631.7 0 9.99393 1 1627.54 1.35946 0 0 0 
232000 100 18.02 0 10 39888.6 0 9.99396 1 1147.68 0.937508 0 0 0 
233000 100 16.92 0 10 40144.6 0 9.99399 1 1115.94 0.911082 0 0 0 
234000 100 16.34 0 10 40398.3 0 9.99401 1 1503.97 1.23089 0 0 0 
235000 100 20.06 0 10 40651.7 0 9.99404 1 1099.54 0.904861 0 0 0 
236000 100 19.31 0 10 40878.8 0 9.99406 1 1264.09 1.02177 0 0 0 
237000 100 21.32 0 10 41106.8 0 9.99409 1 1153.99 0.939653 0 0 0 
238000 100 21.77 0 10 41366.5 0 9.99411 1 1194.36 0.979628 0 0 0 
239000 100 18.13 0 10 41582.9 0 9.99414 1 1597.09 1.2931 0 0 0 
240000 100 15.63 0 10 41856.2 0 9.99416 1 1143.56 0.931663 0 0 0 
241000 100 16.65 0 10 42136.8 0 9.99418 1 1340.71 1.08991 0 0 0 
242000 100 19.34 0 10 42402.9 0 9.99421 1 1277.57 1.0411 0 0 0 
243000 100 18.65 0 10 42632.2 0 9.99423 1 1318.16 1.08919 0 0 0 
244000 100 17.14 0 10 42887.5 0 9.99426 1 1281.64 1.06666 0 0 0 
245000 100 17.29 0 10 43130.5 0 9.99428 1 1368.4 1.12917 0 0 0 
246000 100 22.89 0 10 43411.6 0 9.9943 1 1311.41 1.09272 0 0 0 
247000 100 21.54 0 10 43660.4 0 9.99433 1 1326.15 1.09373 0 0 0 
248000 100 18.4 0 10 43869.3 0 9.99435 1 2767.62 2.32848 0 0 0 
249000 100 16.33 0 10 44108.8 0 9.99437 1 1342.51 1.1143 0 0 0 
250000 100 23.48 0 10 44305.6 0 9.99439 1 1448.36 1.22602 0 0 0 