# Avida Average Deme Data
# Mon Apr  7 11:08:25 2014
#  1: Update
#  2: Count
#  3: Age
#  4: Births
#  5: Organisms
#  6: Generation
#  7: Births (at last replication)
#  8: Organisms (at last replication)
#  9: Merit
# 10: Gestation Time
# 11: Time Used (normalized by org fitness)
# 12: Generations between current and last founders
# 13: Events killed
# 14: Attempts to kill event

0 100 0 0 1 0 0 0 1 0 0 0 0 0 
1000 100 58.18 0 10 8.8 0 8.64456 1 37036 31.9517 0 0 0 
2000 100 67.19 0 10 21.72 0 9.32194 1 37314.9 32.1607 0 0 0 
3000 100 65.82 0 10 33.61 0 9.54788 1 40933.8 35.2228 0 0 0 
4000 100 72.4 0 10 48.92 0 9.66088 1 34515.9 29.463 0 0 0 
5000 100 72.92 0 10 63.22 0 9.72869 1 36126.2 30.7664 0 0 0 
6000 100 68.11 0 10 76.7 0 9.7739 1 38696.2 32.8598 0 0 0 
7000 100 69.11 0 10 88.5 0 9.8062 1 38182.7 32.2621 0 0 0 
8000 100 74.28 0 10 107.06 0 9.83042 1 36235.2 30.517 0 0 0 
9000 100 68.23 0 10 116.56 0 9.84926 1 35878.4 30.1848 0 0 0 
10000 100 58.56 0 10 131.85 0 9.86433 1 30703.2 25.7581 0 0 0 
11000 100 63.58 0 10 149.5 0 9.87667 1 34473.4 29.1008 0 0 0 
12000 100 71.87 0 10 159.47 0 9.88694 1 32020.6 26.6822 0 0 0 
13000 100 75.68 0 10 177.44 0 9.89564 1 34977.8 29.1847 0 0 0 
14000 100 62.91 0 10 185.23 0 9.90309 1 33688.8 28.053 0 0 0 
15000 100 62.34 0 10 200.21 0 9.90955 1 33068.9 27.4329 0 0 0 
16000 100 72.27 0 10 220.02 0 9.91521 1 33939.6 28.2314 0 0 0 
17000 100 64.2 0 10 240.99 0 9.92019 1 35112.4 29.197 0 0 0 
18000 100 63.57 0 10 261.57 0 9.92463 1 31715.2 26.4271 0 0 0 
19000 100 65.62 0 10 275.33 0 9.92859 1 29714.4 24.7347 0 0 0 
20000 100 63.05 0 10 289.65 0 9.93216 1 34168.1 28.439 0 0 0 
21000 100 73.89 0 10 299.04 0 9.93539 1 33331.1 27.8547 0 0 0 
22000 100 56.27 0 10 311.13 0 9.93833 1 33330.3 27.6155 0 0 0 
23000 100 61.56 0 10 329.87 0 9.94101 1 33989.1 28.1256 0 0 0 
24000 100 52.76 0 10 347.65 0 9.94347 1 32783.1 27.1078 0 0 0 
25000 100 68.84 0 10 366.32 0 9.94573 1 31127.4 25.6416 0 0 0 
26000 100 60.26 0 10 381.6 0 9.94782 1 31864 26.2048 0 0 0 
27000 100 66.99 0 10 395.64 0 9.94975 1 28764.9 23.8201 0 0 0 
28000 100 65.07 0 10 417.04 0 9.95154 1 31064.2 25.4477 0 0 0 
29000 100 65.54 0 10 435.44 0 9.95322 1 31781.4 25.8897 0 0 0 
30000 100 68.07 0 10 453 0 9.95477 1 27947 22.5488 0 0 0 
31000 100 68.24 0 10 465.83 0 9.95623 1 29880.4 24.2039 0 0 0 
32000 100 72.57 0 10 479.98 0 9.9576 1 32981.8 26.4832 0 0 0 
33000 100 58.52 0 10 501.93 0 9.95889 1 33174.4 26.5312 0 0 0 
34000 100 68.43 0 10 522.04 0 9.9601 1 28194.1 22.545 0 0 0 
35000 100 64.02 0 10 541.74 0 9.96124 1 29617.8 23.5764 0 0 0 
36000 100 75.3 0 10 557.78 0 9.96231 1 33514.4 26.6594 0 0 0 
37000 100 62.5 0 10 582.39 0 9.96333 1 27459.6 21.7001 0 0 0 
38000 100 71.36 0 10 605.17 0 9.9643 1 28120.3 22.3386 0 0 0 
39000 100 62.65 0 10 621.63 0 9.96521 1 31094.3 24.888 0 0 0 
40000 100 62.93 0 10 643.25 0 9.96608 1 32322.5 25.9089 0 0 0 
41000 100 75.86 0 10 660.3 0 9.96691 1 26127.2 20.9148 0 0 0 
42000 100 81.29 0 10 688.2 0 9.9677 1 30959.7 24.7974 0 0 0 
43000 100 60.02 0 10 702.98 0 9.96845 1 31910.7 25.5721 0 0 0 
44000 100 62.69 0 10 719.89 0 9.96916 1 30364.7 24.1863 0 0 0 
45000 100 58.6 0 10 742.91 0 9.96985 1 30524.2 24.4453 0 0 0 
46000 100 65.53 0 10 761.92 0 9.9705 1 29478.5 23.5372 0 0 0 
47000 100 65.21 0 10 777.39 0 9.97113 1 34838.6 27.7008 0 0 0 
48000 100 71.8 0 10 800.09 0 9.97173 1 29455.4 23.5195 0 0 0 
49000 100 65.66 0 10 810.09 0 9.97231 1 29975.8 23.7694 0 0 0 
50000 100 51.8 0 10 825.27 0 9.97286 1 31266.2 24.9193 0 0 0 
51000 100 60.97 0 10 845.49 0 9.9734 1 31066.9 24.9105 0 0 0 
52000 100 60.93 0 10 867.35 0 9.97391 1 34521.6 27.6357 0 0 0 
53000 100 61.5 0 10 885.48 0 9.9744 1 33543 26.8811 0 0 0 
54000 100 68.08 0 10 906.65 0 9.97487 1 33190.6 26.5713 0 0 0 
55000 100 63.04 0 10 924.04 0 9.97533 1 32430.9 26.0957 0 0 0 
56000 100 65.32 0 10 933.44 0 9.97577 1 29595.1 23.5734 0 0 0 
57000 100 71.16 0 10 943.57 0 9.9762 1 31616.7 25.083 0 0 0 
58000 100 64.51 0 10 951.37 0 9.97661 1 32664.9 25.5049 0 0 0 
59000 100 63.08 0 10 972.9 0 9.977 1 30534 24.1506 0 0 0 
60000 100 62 0 10 984.76 0 9.97739 1 32630.7 25.3451 0 0 0 
61000 100 58.74 0 10 1004.89 0 9.97776 1 32539.3 25.6498 0 0 0 
62000 100 61.8 0 10 1020.63 0 9.97812 1 35558 27.5746 0 0 0 
63000 100 61.96 0 10 1034.46 0 9.97846 1 36057.6 27.8189 0 0 0 
64000 100 68.95 0 10 1050.11 0 9.9788 1 30355.1 23.5537 0 0 0 
65000 100 72.48 0 10 1075.21 0 9.97913 1 32013.8 24.8674 0 0 0 
66000 100 63.53 0 10 1105.34 0 9.97944 1 25789.9 20.4278 0 0 0 
67000 100 58.58 0 10 1121.75 0 9.97975 1 33506.4 26.6706 0 0 0 
68000 100 64.65 0 10 1138.9 0 9.98005 1 35170.6 27.6902 0 0 0 
69000 100 62.17 0 10 1156.08 0 9.98034 1 31850 25.0097 0 0 0 
70000 100 66.7 0 10 1174.85 0 9.98062 1 31668.1 24.5917 0 0 0 
71000 100 66.53 0 10 1191.1 0 9.98089 1 30151.7 23.4479 0 0 0 
72000 100 62.92 0 10 1213.52 0 9.98116 1 29682.6 23.3745 0 0 0 
73000 100 77.71 0 10 1233.91 0 9.98141 1 31804.1 25.436 0 0 0 
74000 100 64.77 0 10 1236.82 0 9.98167 1 35111.2 27.4238 0 0 0 
75000 100 65.33 0 10 1265.43 0 9.98191 1 35390 28.1279 0 0 0 
76000 100 69.8 0 10 1283.25 0 9.98215 1 33850.1 26.9926 0 0 0 
77000 100 73.99 0 10 1305.2 0 9.98238 1 32465.8 26.2722 0 0 0 
78000 100 68.69 0 10 1329.47 0 9.98261 1 27859.5 22.5671 0 0 0 
79000 100 59.36 0 10 1341.18 0 9.98283 1 29760.8 23.9069 0 0 0 
80000 100 81.54 0 10 1362.53 0 9.98304 1 30487.6 24.9712 0 0 0 
81000 100 62.83 0 10 1376.11 0 9.98325 1 32865.1 27.1829 0 0 0 
82000 100 58.82 0 10 1388.03 0 9.98345 1 28248 23.3915 0 0 0 
83000 100 71.1 0 10 1412.18 0 9.98365 1 30181.2 25.0418 0 0 0 
84000 100 62.91 0 10 1464.91 0 9.98385 1 24174.2 20.3556 0 0 0 
85000 100 61.49 0 10 1492.84 0 9.98404 1 25633.7 21.6059 0 0 0 
86000 100 46.94 0 10 1516.87 0 9.98422 1 23547 19.8794 0 0 0 
87000 100 60.71 0 10 1541.05 0 9.9844 1 19970.2 16.8542 0 0 0 
88000 100 65.23 0 10 1560.07 0 9.98458 1 23570.5 19.8651 0 0 0 
89000 100 56.9 0 10 1582.18 0 9.98476 1 24847.8 20.8379 0 0 0 
90000 100 53.51 0 10 1616.08 0 9.98492 1 25951.3 21.8121 0 0 0 
91000 100 62.08 0 10 1623.02 0 9.98509 1 30350.6 25.5022 0 0 0 
92000 100 64.03 0 10 1638.83 0 9.98525 1 22669.3 19.2504 0 0 0 
93000 100 52.05 0 10 1661.76 0 9.98541 1 23109.7 19.6896 0 0 0 
94000 100 51.15 0 10 1685.3 0 9.98557 1 24808.5 21.2711 0 0 0 
95000 100 59.2 0 10 1713.83 0 9.98572 1 19522 16.7242 0 0 0 
96000 100 60.16 0 10 1737.19 0 9.98587 1 27227.3 23.5234 0 0 0 
97000 100 64.87 0 10 1772.8 0 9.98601 1 18695 16.2566 0 0 0 
98000 100 56.8 0 10 1792.36 0 9.98616 1 23184 20.1445 0 0 0 
99000 100 68.13 0 10 1826.1 0 9.9863 1 22479.5 19.5109 0 0 0 
100000 100 58.26 0 10 1856.62 0 9.98643 1 22401.1 19.4087 0 0 0 
101000 100 60.08 0 10 1873.38 0 9.98657 1 27029.8 23.2927 0 0 0 
102000 100 71.03 0 10 1889.83 0 9.9867 1 22798.4 19.24 0 0 0 
103000 100 53.9 0 10 1922.17 0 9.98683 1 22271.1 18.7296 0 0 0 
104000 100 57.8 0 10 1952.46 0 9.98695 1 20920 17.5392 0 0 0 
105000 100 56.95 0 10 1976.38 0 9.98708 1 25175.9 21.0683 0 0 0 
106000 100 61.7 0 10 2001.47 0 9.9872 1 24919.4 20.9155 0 0 0 
107000 100 66.19 0 10 2011.73 0 9.98732 1 23491.3 19.7825 0 0 0 
108000 100 62.18 0 10 2039.32 0 9.98744 1 25581.7 21.6079 0 0 0 
109000 100 60.64 0 10 2063.17 0 9.98755 1 26928.3 22.8167 0 0 0 
110000 100 55.15 0 10 2093.97 0 9.98767 1 22763 19.2643 0 0 0 
111000 100 61.95 0 10 2109.37 0 9.98778 1 23762.1 20.3 0 0 0 
112000 100 52.92 0 10 2145.85 0 9.98789 1 26253.4 22.2657 0 0 0 
113000 100 67.83 0 10 2153.24 0 9.98799 1 23570.3 20.1677 0 0 0 
114000 100 57.63 0 10 2176.26 0 9.9881 1 24096.5 20.6715 0 0 0 
115000 100 65.67 0 10 2198.46 0 9.9882 1 23104.5 19.9624 0 0 0 
116000 100 56.26 0 10 2217.2 0 9.9883 1 27449 23.6194 0 0 0 
117000 100 67.16 0 10 2237.99 0 9.9884 1 25758.2 22.1755 0 0 0 
118000 100 61.15 0 10 2260.89 0 9.9885 1 22982.8 19.8138 0 0 0 
119000 100 74.24 0 10 2279.9 0 9.9886 1 22309.5 19.1871 0 0 0 
120000 100 67.18 0 10 2314.29 0 9.98869 1 22919.9 19.5981 0 0 0 
121000 100 72.91 0 10 2347.01 0 9.98879 1 26853.8 22.8402 0 0 0 
122000 100 66.41 0 10 2373.87 0 9.98888 1 22850.1 19.3033 0 0 0 
123000 100 66.9 0 10 2400.63 0 9.98897 1 26204.2 21.8895 0 0 0 
124000 100 50.55 0 10 2436.08 0 9.98906 1 30491.2 25.368 0 0 0 
125000 100 58.17 0 10 2463.25 0 9.98915 1 21639.1 17.959 0 0 0 
126000 100 56.45 0 10 2490.53 0 9.98923 1 20240.2 16.7313 0 0 0 
127000 100 69.22 0 10 2514.8 0 9.98932 1 20853 17.1681 0 0 0 
128000 100 63.55 0 10 2539.26 0 9.9894 1 23326 19.1808 0 0 0 
129000 100 59.23 0 10 2555.4 0 9.98948 1 21042.6 17.2065 0 0 0 
130000 100 63.21 0 10 2569.92 0 9.98956 1 23867.6 19.5714 0 0 0 
131000 100 59.16 0 10 2593.84 0 9.98964 1 24231.6 19.8435 0 0 0 
132000 100 68.46 0 10 2613.21 0 9.98972 1 23184 19.0163 0 0 0 
133000 100 60.4 0 10 2634.08 0 9.9898 1 25215.5 20.5843 0 0 0 
134000 100 65.08 0 10 2653.87 0 9.98987 1 29614.8 24.3503 0 0 0 
135000 100 58.36 0 10 2673.13 0 9.98995 1 21246.6 17.526 0 0 0 
136000 100 54.29 0 10 2692.3 0 9.99002 1 21673.8 17.8662 0 0 0 
137000 100 56.97 0 10 2722.34 0 9.9901 1 19918.1 16.3965 0 0 0 
138000 100 63.74 0 10 2733.23 0 9.99017 1 24122.3 19.9704 0 0 0 
139000 100 66.22 0 10 2766.21 0 9.99024 1 21687.9 17.888 0 0 0 
140000 100 61.01 0 10 2793.17 0 9.99031 1 21702.4 17.8466 0 0 0 
141000 100 55.67 0 10 2817.1 0 9.99038 1 24730.6 20.3101 0 0 0 
142000 100 61.72 0 10 2842.69 0 9.99045 1 20350.5 16.8576 0 0 0 
143000 100 63.37 0 10 2876.38 0 9.99051 1 26761 22.2391 0 0 0 
144000 100 65.15 0 10 2901.88 0 9.99058 1 25560.8 21.2341 0 0 0 
145000 100 60.27 0 10 2932.12 0 9.99064 1 26034.8 21.5831 0 0 0 
146000 100 60.8 0 10 2963.17 0 9.99071 1 24015.1 19.9555 0 0 0 
147000 100 58.2 0 10 2987.6 0 9.99077 1 25332 21.034 0 0 0 
148000 100 63.03 0 10 3013.79 0 9.99083 1 24025 20.0177 0 0 0 
149000 100 55.77 0 10 3048.85 0 9.99089 1 27218.9 22.4906 0 0 0 
150000 100 52.34 0 10 3076.5 0 9.99095 1 21406.9 17.7876 0 0 0 
151000 100 60.12 0 10 3105.03 0 9.99101 1 20981.3 17.4162 0 0 0 
152000 100 59.63 0 10 3127.85 0 9.99107 1 23646.8 19.5073 0 0 0 
153000 100 57.76 0 10 3155.25 0 9.99113 1 22562.9 18.4297 0 0 0 
154000 100 63.59 0 10 3181.21 0 9.99119 1 26660.3 22.0719 0 0 0 
155000 100 58.17 0 10 3210.99 0 9.99125 1 21654.4 18.0081 0 0 0 
156000 100 61.82 0 10 3245.59 0 9.9913 1 21535.9 17.841 0 0 0 
157000 100 65.23 0 10 3262.2 0 9.99136 1 24823 20.2959 0 0 0 
158000 100 55.53 0 10 3299.8 0 9.99141 1 20548.7 16.8849 0 0 0 
159000 100 51.18 0 10 3321.13 0 9.99147 1 23317.4 19.2215 0 0 0 
160000 100 55.5 0 10 3344.26 0 9.99152 1 24884 20.5486 0 0 0 
161000 100 50.22 0 10 3371.57 0 9.99157 1 26045.7 21.4624 0 0 0 
162000 100 59.39 0 10 3399.57 0 9.99162 1 20936.2 17.393 0 0 0 
163000 100 69.16 0 10 3423.9 0 9.99168 1 21567.2 18.0151 0 0 0 
164000 100 66.77 0 10 3438.09 0 9.99173 1 26022.5 21.5492 0 0 0 
165000 100 60.7 0 10 3462.82 0 9.99178 1 27756.3 22.9996 0 0 0 
166000 100 54.5 0 10 3489.4 0 9.99183 1 22540.9 18.7566 0 0 0 
167000 100 60.7 0 10 3515.33 0 9.99188 1 20928.1 17.4632 0 0 0 
168000 100 59.73 0 10 3538.02 0 9.99192 1 21814.2 18.1845 0 0 0 
169000 100 61.11 0 10 3570.55 0 9.99197 1 22619.4 18.7799 0 0 0 
170000 100 64.2 0 10 3597.68 0 9.99202 1 20376.8 16.9882 0 0 0 
171000 100 54.32 0 10 3624.06 0 9.99207 1 25384.5 21.2103 0 0 0 
172000 100 59.83 0 10 3637.07 0 9.99211 1 27947.5 23.3245 0 0 0 
173000 100 64.65 0 10 3661.96 0 9.99216 1 24301.5 20.2522 0 0 0 
174000 100 61.19 0 10 3690.22 0 9.9922 1 24255.3 20.2373 0 0 0 
175000 100 59.71 0 10 3721.48 0 9.99225 1 23092.3 19.3301 0 0 0 
176000 100 61.74 0 10 3737.6 0 9.99229 1 22423 18.8207 0 0 0 
177000 100 72.47 0 10 3733.22 0 9.99233 1 23480.6 19.7247 0 0 0 
178000 100 66.81 0 10 3752.37 0 9.99238 1 24770.5 20.6737 0 0 0 
179000 100 54.81 0 10 3773.02 0 9.99242 1 23184.5 19.3391 0 0 0 
180000 100 62.25 0 10 3799.02 0 9.99246 1 22335.5 18.6074 0 0 0 
181000 100 64.31 0 10 3826.24 0 9.9925 1 22390.5 18.7259 0 0 0 
182000 100 59.32 0 10 3857.29 0 9.99255 1 20278.6 16.9237 0 0 0 
183000 100 59.71 0 10 3873.9 0 9.99259 1 22913.7 18.8798 0 0 0 
184000 100 54.1 0 10 3894.86 0 9.99263 1 24070.8 19.8437 0 0 0 
185000 100 56.6 0 10 3919.26 0 9.99267 1 24609.5 20.537 0 0 0 
186000 100 55.28 0 10 3940.41 0 9.99271 1 22666.3 18.7614 0 0 0 
187000 100 52.85 0 10 3963.77 0 9.99274 1 25582.2 21.0347 0 0 0 
188000 100 57.9 0 10 3990.9 0 9.99278 1 20911.6 17.2646 0 0 0 
189000 100 54.28 0 10 4016.41 0 9.99282 1 26680.7 22.0368 0 0 0 
190000 100 53.78 0 10 4042.03 0 9.99286 1 20005 16.6155 0 0 0 
191000 100 71.65 0 10 4077.32 0 9.9929 1 19864.5 16.5504 0 0 0 
192000 100 72.85 0 10 4096.64 0 9.99293 1 25528.7 21.2349 0 0 0 
193000 100 53.76 0 10 4123.79 0 9.99297 1 21438.3 17.7658 0 0 0 
194000 100 58.87 0 10 4151.21 0 9.99301 1 26688.5 22.0995 0 0 0 
195000 100 62.5 0 10 4181.69 0 9.99304 1 25535.4 21.1156 0 0 0 
196000 100 55.85 0 10 4207.36 0 9.99308 1 20842.6 17.2148 0 0 0 
197000 100 63.15 0 10 4232.51 0 9.99311 1 25325.7 20.7952 0 0 0 
198000 100 59.4 0 10 4256.36 0 9.99315 1 24612.4 20.2367 0 0 0 
199000 100 57.98 0 10 4280.11 0 9.99318 1 28449.6 23.1913 0 0 0 
200000 100 56.63 0 10 4314.6 0 9.99322 1 22116.1 18.0556 0 0 0 
201000 100 76.09 0 10 4331.31 0 9.99325 1 32222.2 26.2874 0 0 0 
202000 100 60.06 0 10 4336.59 0 9.99328 1 27577.9 22.6933 0 0 0 
203000 100 55.67 0 10 4370.12 0 9.99332 1 21915.8 17.8503 0 0 0 
204000 100 70.35 0 10 4397.11 0 9.99335 1 21744.1 17.5294 0 0 0 
205000 100 57.99 0 10 4419.12 0 9.99338 1 25095.4 20.1593 0 0 0 
206000 100 63.23 0 10 4431.94 0 9.99341 1 25348.2 20.6873 0 0 0 
207000 100 74.18 0 10 4452.32 0 9.99345 1 23001.5 19.1213 0 0 0 
208000 100 66.29 0 10 4470.49 0 9.99348 1 22571 18.7289 0 0 0 
209000 100 57.76 0 10 4494.23 0 9.99351 1 24806.7 20.5157 0 0 0 
210000 100 51.81 0 10 4519.45 0 9.99354 1 22635.9 18.7543 0 0 0 
211000 100 61.43 0 10 4535.62 0 9.99357 1 22413.1 18.5888 0 0 0 
212000 100 64.8 0 10 4560.39 0 9.9936 1 24724.7 20.358 0 0 0 
213000 100 68.71 0 10 4588.93 0 9.99363 1 25715 21.1058 0 0 0 
214000 100 63.33 0 10 4616.51 0 9.99366 1 25091.8 20.5825 0 0 0 
215000 100 58.92 0 10 4639.91 0 9.99369 1 27997.5 22.95 0 0 0 
216000 100 67.33 0 10 4674.98 0 9.99372 1 25131.4 20.6341 0 0 0 
217000 100 68.7 0 10 4707.91 0 9.99375 1 25699.4 21.1839 0 0 0 
218000 100 69.29 0 10 4736.08 0 9.99378 1 26892.8 22.1085 0 0 0 
219000 100 67.06 0 10 4759.18 0 9.9938 1 20562.7 16.9215 0 0 0 
220000 100 63.68 0 10 4788.46 0 9.99383 1 29462.3 24.3035 0 0 0 
221000 100 73.4 0 10 4822.8 0 9.99386 1 18424.3 15.2484 0 0 0 
222000 100 61.54 0 10 4845.04 0 9.99389 1 23261.9 19.152 0 0 0 
223000 100 56.93 0 10 4875.51 0 9.99392 1 24322 19.944 0 0 0 
224000 100 58.2 0 10 4903.21 0 9.99394 1 23390.9 18.9179 0 0 0 
225000 100 51.49 0 10 4929.44 0 9.99397 1 27059.5 21.7784 0 0 0 
226000 100 57.49 0 10 4955.97 0 9.994 1 25569.4 20.5959 0 0 0 
227000 100 61.8 0 10 4976.41 0 9.99402 1 24291.3 19.5645 0 0 0 
228000 100 58.43 0 10 4997.11 0 9.99405 1 27626.5 22.2986 0 0 0 
229000 100 60.85 0 10 5024.51 0 9.99408 1 23147.5 18.6028 0 0 0 
230000 100 55.91 0 10 5047.91 0 9.9941 1 26507.2 21.2691 0 0 0 
231000 100 59.66 0 10 5073.4 0 9.99413 1 24492.5 19.6474 0 0 0 
232000 100 59.12 0 10 5098.96 0 9.99415 1 26850.4 21.4968 0 0 0 
233000 100 67.65 0 10 5128.15 0 9.99418 1 24111.7 19.2215 0 0 0 
234000 100 62.18 0 10 5156.11 0 9.9942 1 27510.7 22.0124 0 0 0 
235000 100 58.47 0 10 5185.12 0 9.99423 1 23557.4 18.8761 0 0 0 
236000 100 63.21 0 10 5207.25 0 9.99425 1 20069.3 16.0472 0 0 0 
237000 100 68.63 0 10 5221.22 0 9.99428 1 22879.3 18.3444 0 0 0 
238000 100 63.88 0 10 5255.97 0 9.9943 1 27567 22.0876 0 0 0 
239000 100 61.6 0 10 5270.02 0 9.99432 1 33861.8 27.0655 0 0 0 
240000 100 64.15 0 10 5282.57 0 9.99435 1 27419.3 21.9518 0 0 0 
241000 100 67.69 0 10 5312.93 0 9.99437 1 25796.6 20.6917 0 0 0 
242000 100 61.03 0 10 5331.24 0 9.99439 1 25849.5 20.627 0 0 0 
243000 100 73.19 0 10 5355.13 0 9.99442 1 26415.3 20.9103 0 0 0 
244000 100 56.32 0 10 5375.71 0 9.99444 1 27631.2 21.8459 0 0 0 
245000 100 54.57 0 10 5412.81 0 9.99446 1 26642.1 21.0451 0 0 0 
246000 100 56.57 0 10 5435.87 0 9.99448 1 27689.1 21.8177 0 0 0 
247000 100 53.98 0 10 5459.76 0 9.99451 1 27466.5 21.6036 0 0 0 
248000 100 62.86 0 10 5483.76 0 9.99453 1 26180.9 20.7497 0 0 0 
249000 100 56.55 0 10 5509.89 0 9.99455 1 23224.4 18.3894 0 0 0 
250000 100 64 0 10 5539.88 0 9.99457 1 26110.8 20.5713 0 0 0 