# Avida Average Deme Data
# Sun Apr  6 19:11:38 2014
#  1: Update
#  2: Count
#  3: Age
#  4: Births
#  5: Organisms
#  6: Generation
#  7: Births (at last replication)
#  8: Organisms (at last replication)
#  9: Merit
# 10: Gestation Time
# 11: Time Used (normalized by org fitness)
# 12: Generations between current and last founders
# 13: Events killed
# 14: Attempts to kill event

0 100 0 0 1 0 0 0 1 0 0 0 0 0 
1000 100 61.59 0 10 10.1 0 8.65884 1 42568.1 36.7577 0 0 0 
2000 100 75.11 0 10 22.62 0 9.32909 1 39356.2 33.9461 0 0 0 
3000 100 64.75 0 10 34.38 0 9.55265 1 42169.4 36.3377 0 0 0 
4000 100 72.28 0 10 44.43 0 9.66446 1 43082.4 37.1214 0 0 0 
5000 100 67.67 0 10 57.45 0 9.73155 1 38507.2 32.9782 0 0 0 
6000 100 79.43 0 10 68.83 0 9.77629 1 39261.7 33.5549 0 0 0 
7000 100 81.51 0 10 75.95 0 9.80824 1 41506.2 35.6419 0 0 0 
8000 100 87.78 0 10 87.51 0 9.83221 1 37557 32.231 0 0 0 
9000 100 77.24 0 10 101.14 0 9.85085 1 40517.6 34.6594 0 0 0 
10000 100 68.17 0 10 112.09 0 9.86576 1 39630.6 33.8093 0 0 0 
11000 100 77.16 0 10 120.53 0 9.87797 1 40971.3 34.8738 0 0 0 
12000 100 75.01 0 10 128.89 0 9.88813 1 42392.2 35.9709 0 0 0 
13000 100 68.29 0 10 141.61 0 9.89674 1 34673.9 29.5256 0 0 0 
14000 100 75.39 0 10 148.34 0 9.90411 1 41328.8 35.5747 0 0 0 
15000 100 68.5 0 10 158.34 0 9.91051 1 39736.2 34.3195 0 0 0 
16000 100 68.88 0 10 168.88 0 9.9161 1 39120.4 33.7561 0 0 0 
17000 100 84.14 0 10 180.78 0 9.92103 1 38453.1 33.323 0 0 0 
18000 100 68.36 0 10 192.31 0 9.92542 1 39991.8 34.6535 0 0 0 
19000 100 72.66 0 10 202.71 0 9.92935 1 43379.9 37.7491 0 0 0 
20000 100 87.32 0 10 210.58 0 9.93288 1 41847.8 36.5321 0 0 0 
21000 100 66.78 0 10 224.91 0 9.93607 1 40284 35.2565 0 0 0 
22000 100 55.98 0 10 243.35 0 9.93898 1 39097.3 34.3965 0 0 0 
23000 100 75.03 0 10 259.37 0 9.94163 1 36719.4 32.5845 0 0 0 
24000 100 78.4 0 10 272.63 0 9.94406 1 37607.7 33.341 0 0 0 
25000 100 71.06 0 10 291.58 0 9.9463 1 38380.1 33.9518 0 0 0 
26000 100 69.93 0 10 306.95 0 9.94837 1 31068.1 27.472 0 0 0 
27000 100 56.45 0 10 321.54 0 9.95028 1 37248.7 32.8797 0 0 0 
28000 100 73.58 0 10 343.92 0 9.95206 1 37108.6 32.7779 0 0 0 
29000 100 65.17 0 10 358.22 0 9.95371 1 34249.1 30.1629 0 0 0 
30000 100 64.15 0 10 373.11 0 9.95525 1 36501.3 32.0468 0 0 0 
31000 100 61.35 0 10 384.81 0 9.95669 1 32712 28.7348 0 0 0 
32000 100 72.71 0 10 398.42 0 9.95805 1 38566.4 33.9693 0 0 0 
33000 100 70.04 0 10 409.84 0 9.95932 1 37965.3 33.4519 0 0 0 
34000 100 69.25 0 10 428.08 0 9.96052 1 33213.9 29.1839 0 0 0 
35000 100 63.92 0 10 445.07 0 9.96164 1 35168.3 30.966 0 0 0 
36000 100 63.51 0 10 465.17 0 9.96271 1 35131.4 30.8779 0 0 0 
37000 100 66.71 0 10 486.01 0 9.96372 1 34554.3 30.2411 0 0 0 
38000 100 67.93 0 10 494.89 0 9.96467 1 39804.5 34.9025 0 0 0 
39000 100 53.3 0 10 507.93 0 9.96558 1 37809.7 33.116 0 0 0 
40000 100 74.11 0 10 521.54 0 9.96644 1 29627.4 25.9841 0 0 0 
41000 100 73.43 0 10 536.34 0 9.96726 1 30746.8 26.9347 0 0 0 
42000 100 55.87 0 10 569.19 0 9.96804 1 25656.4 22.2976 0 0 0 
43000 100 60.9 0 10 604.07 0 9.96878 1 21838.7 18.9706 0 0 0 
44000 100 65.98 0 10 630.63 0 9.96949 1 17642.7 15.2897 0 0 0 
45000 100 65.67 0 10 659.09 0 9.97017 1 23529.6 20.6653 0 0 0 
46000 100 61.49 0 10 693.17 0 9.97082 1 22239 19.4956 0 0 0 
47000 100 61.28 0 10 723.7 0 9.97144 1 19536.5 17.2675 0 0 0 
48000 100 59.81 0 10 758.71 0 9.97203 1 18564.3 16.4795 0 0 0 
49000 100 57.35 0 10 765.13 0 9.9726 1 20034 17.8748 0 0 0 
50000 100 48.48 0 10 792.42 0 9.97315 1 19818.6 17.7207 0 0 0 
51000 100 61.45 0 10 806 0 9.97368 1 15157.5 13.5917 0 0 0 
52000 100 63.8 0 10 829.15 0 9.97418 1 22180 19.9769 0 0 0 
53000 100 58.28 0 10 858.51 0 9.97467 1 21172.5 19.0633 0 0 0 
54000 100 58.62 0 10 899.96 0 9.97514 1 19385 17.2382 0 0 0 
55000 100 54.56 0 10 930.42 0 9.97559 1 19555.1 17.4158 0 0 0 
56000 100 60.3 0 10 953.98 0 9.97603 1 18486.4 16.518 0 0 0 
57000 100 61.76 0 10 990.69 0 9.97645 1 16750.9 14.9331 0 0 0 
58000 100 68.11 0 10 1021.46 0 9.97685 1 20075.7 17.8031 0 0 0 
59000 100 62.36 0 10 1046.28 0 9.97725 1 22582.9 20.1787 0 0 0 
60000 100 64.01 0 10 1082.43 0 9.97763 1 14406.1 13.1728 0 0 0 
61000 100 59.54 0 10 1104.03 0 9.97799 1 22169.5 20.2494 0 0 0 
62000 100 59.94 0 10 1135.86 0 9.97835 1 15196.7 13.9929 0 0 0 
63000 100 52.3 0 10 1169.75 0 9.97869 1 21937.6 20.2188 0 0 0 
64000 100 62.32 0 10 1191.8 0 9.97902 1 20430.5 19.0091 0 0 0 
65000 100 59.39 0 10 1223.96 0 9.97935 1 19683.8 18.1277 0 0 0 
66000 100 43.61 0 10 1251 0 9.97966 1 20171 18.6298 0 0 0 
67000 100 56.06 0 10 1284.94 0 9.97996 1 15262.7 14.0768 0 0 0 
68000 100 55.48 0 10 1313.12 0 9.98026 1 19525.1 17.9231 0 0 0 
69000 100 62.32 0 10 1343.49 0 9.98054 1 20409.7 18.8059 0 0 0 
70000 100 53.32 0 10 1380.33 0 9.98082 1 20381.7 18.8868 0 0 0 
71000 100 57.38 0 10 1401.74 0 9.98109 1 19690.6 18.3173 0 0 0 
72000 100 57.1 0 10 1436.96 0 9.98135 1 21764.7 20.3436 0 0 0 
73000 100 54.9 0 10 1464.96 0 9.98161 1 19315.4 18.0423 0 0 0 
74000 100 60.17 0 10 1499.84 0 9.98186 1 21363 20.0423 0 0 0 
75000 100 64.62 0 10 1524.94 0 9.9821 1 15786.5 14.674 0 0 0 
76000 100 52.29 0 10 1564.31 0 9.98234 1 20655.6 19.3855 0 0 0 
77000 100 65.16 0 10 1598.49 0 9.98257 1 19529.7 18.462 0 0 0 
78000 100 54.6 0 10 1625.78 0 9.98279 1 16128.1 15.3266 0 0 0 
79000 100 55.62 0 10 1660.38 0 9.98301 1 25871.5 24.3679 0 0 0 
80000 100 59.12 0 10 1696.25 0 9.98322 1 18119.6 16.9472 0 0 0 
81000 100 61.71 0 10 1723.7 0 9.98343 1 14105.6 13.2194 0 0 0 
82000 100 55.09 0 10 1758.72 0 9.98363 1 21944.3 20.55 0 0 0 
83000 100 53.75 0 10 1785.75 0 9.98383 1 19923.9 18.5977 0 0 0 
84000 100 55.73 0 10 1816.9 0 9.98402 1 17843.6 16.6408 0 0 0 
85000 100 63.41 0 10 1865.18 0 9.98421 1 14964.9 13.9078 0 0 0 
86000 100 67.67 0 10 1889.68 0 9.98439 1 20221.5 18.7128 0 0 0 
87000 100 57.55 0 10 1924.47 0 9.98457 1 20351.1 18.9397 0 0 0 
88000 100 58.34 0 10 1964.97 0 9.98474 1 20822.6 19.2662 0 0 0 
89000 100 54.18 0 10 2004.68 0 9.98492 1 17136.4 15.945 0 0 0 
90000 100 59.36 0 10 2039.28 0 9.98508 1 22468.4 20.9175 0 0 0 
91000 100 56.21 0 10 2072.8 0 9.98525 1 21152.9 19.8711 0 0 0 
92000 100 62.87 0 10 2115.44 0 9.98541 1 19415.8 18.1738 0 0 0 
93000 100 60.13 0 10 2123.59 0 9.98556 1 17459.4 16.4171 0 0 0 
94000 100 64.08 0 10 2152.54 0 9.98572 1 19630.4 18.5384 0 0 0 
95000 100 55.65 0 10 2187.89 0 9.98587 1 20066.1 18.8819 0 0 0 
96000 100 55.2 0 10 2233 0 9.98602 1 16689 15.5931 0 0 0 
97000 100 51.95 0 10 2279.92 0 9.98616 1 19159.6 17.8212 0 0 0 
98000 100 49.01 0 10 2316.86 0 9.9863 1 23130.5 21.4043 0 0 0 
99000 100 59.49 0 10 2352.34 0 9.98644 1 18078 16.6958 0 0 0 
100000 100 55.72 0 10 2385.02 0 9.98658 1 22051 20.3105 0 0 0 
101000 100 63.41 0 10 2405.96 0 9.98671 1 26286.2 24.198 0 0 0 
102000 100 50.12 0 10 2428.28 0 9.98684 1 20655.6 18.975 0 0 0 
103000 100 64.29 0 10 2454.53 0 9.98697 1 19139 17.5942 0 0 0 
104000 100 57.64 0 10 2483.1 0 9.98709 1 27824.1 25.5297 0 0 0 
105000 100 56.13 0 10 2512.57 0 9.98721 1 23243.6 21.5173 0 0 0 
106000 100 59.9 0 10 2536.4 0 9.98734 1 22733.6 21.0262 0 0 0 
107000 100 59.16 0 10 2569.52 0 9.98745 1 25725.6 23.8134 0 0 0 
108000 100 62.94 0 10 2590.93 0 9.98757 1 20732.3 19.272 0 0 0 
109000 100 58.51 0 10 2632.8 0 9.98768 1 19265.2 18.014 0 0 0 
110000 100 59.63 0 10 2661.09 0 9.9878 1 20943.5 19.6484 0 0 0 
111000 100 58.91 0 10 2692.84 0 9.98791 1 20633.8 19.2922 0 0 0 
112000 100 59.9 0 10 2718.6 0 9.98801 1 19993.3 18.8308 0 0 0 
113000 100 64.36 0 10 2751.12 0 9.98812 1 17073.4 16.103 0 0 0 
114000 100 55.43 0 10 2781.08 0 9.98822 1 19960.2 19.0212 0 0 0 
115000 100 58.81 0 10 2806.34 0 9.98833 1 21809.1 20.8552 0 0 0 
116000 100 60.77 0 10 2841.19 0 9.98843 1 20774.1 19.8278 0 0 0 
117000 100 66.49 0 10 2859.9 0 9.98853 1 22061.4 21.0863 0 0 0 
118000 100 51.63 0 10 2899.49 0 9.98862 1 16995.4 16.2021 0 0 0 
119000 100 60.5 0 10 2930.33 0 9.98872 1 16976.2 16.2755 0 0 0 
120000 100 55.64 0 10 2987.37 0 9.98881 1 17384.4 16.6521 0 0 0 
121000 100 62.96 0 10 3019.55 0 9.98891 1 13430.1 12.7932 0 0 0 
122000 100 57.9 0 10 3054.06 0 9.989 1 15768.8 14.9455 0 0 0 
123000 100 49.32 0 10 3091.26 0 9.98909 1 17700.3 16.83 0 0 0 
124000 100 59.89 0 10 3132.11 0 9.98917 1 16419.3 15.5576 0 0 0 
125000 100 46.38 0 10 3157.72 0 9.98926 1 16442.6 15.6095 0 0 0 
126000 100 55.27 0 10 3198.74 0 9.98935 1 18308 17.2271 0 0 0 
127000 100 52.68 0 10 3238.87 0 9.98943 1 18748.1 17.6713 0 0 0 
128000 100 55.23 0 10 3287.59 0 9.98951 1 17465.9 16.28 0 0 0 
129000 100 51.83 0 10 3325.59 0 9.98959 1 12486.4 11.6819 0 0 0 
130000 100 61.06 0 10 3351.31 0 9.98967 1 15840.2 14.7014 0 0 0 
131000 100 52.89 0 10 3390.32 0 9.98975 1 15349.7 14.1155 0 0 0 
132000 100 48.36 0 10 3430.44 0 9.98983 1 14557.2 13.5089 0 0 0 
133000 100 55.16 0 10 3475.2 0 9.98991 1 18178 16.9111 0 0 0 
134000 100 56.12 0 10 3497.94 0 9.98998 1 11435.9 10.5096 0 0 0 
135000 100 59.73 0 10 3538.15 0 9.99006 1 14848.7 13.5171 0 0 0 
136000 100 59.53 0 10 3579.87 0 9.99013 1 14116.9 12.6532 0 0 0 
137000 100 53.78 0 10 3620.19 0 9.9902 1 14785.6 13.3591 0 0 0 
138000 100 53.24 0 10 3665.88 0 9.99027 1 13765.8 12.5395 0 0 0 
139000 100 58.38 0 10 3712.7 0 9.99034 1 13852.9 12.6994 0 0 0 
140000 100 53.24 0 10 3748.74 0 9.99041 1 17651.2 16.282 0 0 0 
141000 100 57.02 0 10 3791.52 0 9.99048 1 15702.2 14.3856 0 0 0 
142000 100 61.38 0 10 3830.99 0 9.99055 1 18104.7 16.7008 0 0 0 
143000 100 56.38 0 10 3872.22 0 9.99061 1 20054.9 18.5699 0 0 0 
144000 100 55.7 0 10 3919.34 0 9.99068 1 17563.2 16.2084 0 0 0 
145000 100 50.44 0 10 3956.28 0 9.99074 1 14771.9 13.6026 0 0 0 
146000 100 51.23 0 10 3994.03 0 9.9908 1 19093.5 17.4595 0 0 0 
147000 100 50.85 0 10 4026.54 0 9.99087 1 18023.2 16.3967 0 0 0 
148000 100 58.69 0 10 4051.07 0 9.99093 1 16084.4 14.6614 0 0 0 
149000 100 50.89 0 10 4097.95 0 9.99099 1 13761.9 12.5724 0 0 0 
150000 100 54.11 0 10 4128.84 0 9.99105 1 13172.3 12.0432 0 0 0 
151000 100 54.58 0 10 4163.08 0 9.99111 1 20183.9 18.0818 0 0 0 
152000 100 54.15 0 10 4207.61 0 9.99117 1 17281.7 15.6587 0 0 0 
153000 100 46.93 0 10 4240.01 0 9.99123 1 15911 14.3444 0 0 0 
154000 100 48.12 0 10 4285.3 0 9.99128 1 17719.4 15.7186 0 0 0 
155000 100 50.6 0 10 4305.02 0 9.99134 1 20464.2 18.2183 0 0 0 
156000 100 56.25 0 10 4339.9 0 9.99139 1 15063.8 13.4509 0 0 0 
157000 100 50.2 0 10 4371.74 0 9.99145 1 17433.4 15.6169 0 0 0 
158000 100 54.52 0 10 4408.5 0 9.9915 1 12183.6 11.0113 0 0 0 
159000 100 56.64 0 10 4442.48 0 9.99156 1 14721.8 13.1926 0 0 0 
160000 100 50.87 0 10 4469.97 0 9.99161 1 14133.9 12.7107 0 0 0 
161000 100 55.98 0 10 4509.83 0 9.99166 1 19804.5 17.6129 0 0 0 
162000 100 52.26 0 10 4538.39 0 9.99171 1 13711.7 12.5928 0 0 0 
163000 100 48.94 0 10 4583.77 0 9.99176 1 12572.5 11.5389 0 0 0 
164000 100 55.86 0 10 4625.89 0 9.99181 1 16980.8 15.5367 0 0 0 
165000 100 61.75 0 10 4664.51 0 9.99186 1 15571.9 14.2419 0 0 0 
166000 100 51.22 0 10 4707.3 0 9.99191 1 18231.3 16.4982 0 0 0 
167000 100 54.93 0 10 4749.37 0 9.99196 1 15707.9 14.1997 0 0 0 
168000 100 52.3 0 10 4770.5 0 9.99201 1 18750.5 17.0541 0 0 0 
169000 100 48.74 0 10 4811.89 0 9.99206 1 16368.9 15.0942 0 0 0 
170000 100 63.29 0 10 4837.92 0 9.9921 1 18773.1 17.4162 0 0 0 
171000 100 53.78 0 10 4873.44 0 9.99215 1 18977 17.3004 0 0 0 
172000 100 61.58 0 10 4907.65 0 9.99219 1 20682.6 18.7519 0 0 0 
173000 100 55.67 0 10 4941.45 0 9.99224 1 19660.1 17.862 0 0 0 
174000 100 59.46 0 10 4980.27 0 9.99228 1 13491.2 12.3293 0 0 0 
175000 100 59.58 0 10 5021.95 0 9.99233 1 16757.4 15.2284 0 0 0 
176000 100 53.06 0 10 5064.69 0 9.99237 1 18084.9 16.4262 0 0 0 
177000 100 53.36 0 10 5107.8 0 9.99242 1 17250.9 15.7162 0 0 0 
178000 100 59.86 0 10 5142.15 0 9.99246 1 16509.2 15.0016 0 0 0 
179000 100 52.73 0 10 5152.08 0 9.9925 1 13967.1 12.2355 0 0 0 
180000 100 50.09 0 10 5185.24 0 9.99254 1 15613.3 13.4864 0 0 0 
181000 100 51.81 0 10 5225.17 0 9.99258 1 16636.3 14.3493 0 0 0 
182000 100 51.4 0 10 5268.52 0 9.99262 1 14304.4 12.3359 0 0 0 
183000 100 55.45 0 10 5307.06 0 9.99266 1 22890 19.7708 0 0 0 
184000 100 54.81 0 10 5336.08 0 9.9927 1 18281.6 15.7693 0 0 0 
185000 100 48.54 0 10 5377.57 0 9.99274 1 18425.1 15.8862 0 0 0 
186000 100 55.37 0 10 5414.44 0 9.99278 1 17408 14.9853 0 0 0 
187000 100 54.18 0 10 5447.84 0 9.99282 1 17175.6 14.7985 0 0 0 
188000 100 63.45 0 10 5490.01 0 9.99286 1 18002.3 15.4523 0 0 0 
189000 100 57.14 0 10 5518.11 0 9.9929 1 19543.7 16.8196 0 0 0 
190000 100 50.85 0 10 5556.49 0 9.99293 1 14087.6 12.1984 0 0 0 
191000 100 58.58 0 10 5590.33 0 9.99297 1 17118.4 14.8983 0 0 0 
192000 100 51.71 0 10 5637.54 0 9.99301 1 18042.6 15.6917 0 0 0 
193000 100 63.93 0 10 5654.1 0 9.99304 1 15972 13.8825 0 0 0 
194000 100 58.53 0 10 5670.22 0 9.99308 1 23836.6 20.7988 0 0 0 
195000 100 61.92 0 10 5725.13 0 9.99312 1 16745.3 14.5904 0 0 0 
196000 100 57.98 0 10 5738.47 0 9.99315 1 20750.2 17.9583 0 0 0 
197000 100 65.42 0 10 5753.21 0 9.99319 1 18128.2 15.6026 0 0 0 
198000 100 54.29 0 10 5799.67 0 9.99322 1 22336 19.4391 0 0 0 
199000 100 60.01 0 10 5858.24 0 9.99325 1 19345.8 16.7701 0 0 0 
200000 100 59.56 0 10 5891.17 0 9.99329 1 24783.2 21.7595 0 0 0 
201000 100 53.51 0 10 5917.31 0 9.99332 1 22773.5 20.155 0 0 0 
202000 100 54.53 0 10 5956.71 0 9.99335 1 18957 16.8135 0 0 0 
203000 100 52.33 0 10 6000.22 0 9.99339 1 13206.1 11.7028 0 0 0 
204000 100 62.91 0 10 6029.44 0 9.99342 1 22626 19.9895 0 0 0 
205000 100 61.28 0 10 6050.13 0 9.99345 1 17079.2 15.1783 0 0 0 
206000 100 62.97 0 10 6084.61 0 9.99348 1 18429.3 16.5064 0 0 0 
207000 100 52.13 0 10 6120.31 0 9.99351 1 17116.3 15.3477 0 0 0 
208000 100 52.59 0 10 6156.26 0 9.99355 1 18933 16.8424 0 0 0 
209000 100 53.5 0 10 6192.48 0 9.99358 1 16996.3 15.0753 0 0 0 
210000 100 54.59 0 10 6219.31 0 9.99361 1 17426.2 15.3872 0 0 0 
211000 100 55.46 0 10 6246.67 0 9.99364 1 17042.8 15.1194 0 0 0 
212000 100 57.32 0 10 6289.43 0 9.99367 1 15748.8 14.0654 0 0 0 
213000 100 54.93 0 10 6304.28 0 9.9937 1 17189.7 15.2104 0 0 0 
214000 100 51.65 0 10 6335.56 0 9.99373 1 17160.6 15.0794 0 0 0 
215000 100 58.15 0 10 6381.11 0 9.99376 1 19938.8 17.5064 0 0 0 
216000 100 55.54 0 10 6404.87 0 9.99378 1 18521.7 16.2383 0 0 0 
217000 100 61.84 0 10 6452.45 0 9.99381 1 21549.2 19.0431 0 0 0 
218000 100 57.13 0 10 6493.21 0 9.99384 1 16691.9 14.757 0 0 0 
219000 100 43.66 0 10 6551.92 0 9.99387 1 18512.1 16.3465 0 0 0 
220000 100 48.19 0 10 6592.24 0 9.9939 1 18352.8 16.1478 0 0 0 
221000 100 46.24 0 10 6624.93 0 9.99393 1 19209 16.8021 0 0 0 
222000 100 56.13 0 10 6658.34 0 9.99395 1 18312.6 16.0168 0 0 0 
223000 100 55.59 0 10 6686.17 0 9.99398 1 21322.5 18.6145 0 0 0 
224000 100 60.82 0 10 6724.21 0 9.99401 1 14426.6 12.6399 0 0 0 
225000 100 46.73 0 10 6763.43 0 9.99403 1 17976.6 15.8216 0 0 0 
226000 100 60.58 0 10 6806.97 0 9.99406 1 17917.7 15.83 0 0 0 
227000 100 51.32 0 10 6824.33 0 9.99409 1 18041.9 15.923 0 0 0 
228000 100 62.43 0 10 6878.66 0 9.99411 1 13825 12.2239 0 0 0 
229000 100 57.55 0 10 6911.8 0 9.99414 1 19949.5 17.6652 0 0 0 
230000 100 52.33 0 10 6949.84 0 9.99416 1 15239.7 13.5275 0 0 0 
231000 100 50.03 0 10 6974.15 0 9.99419 1 17673.3 15.6686 0 0 0 
232000 100 55.62 0 10 7019.23 0 9.99421 1 13952.3 12.465 0 0 0 
233000 100 60.66 0 10 7049.74 0 9.99424 1 18386.7 16.3801 0 0 0 
234000 100 50.71 0 10 7081.78 0 9.99426 1 17881.7 15.8996 0 0 0 
235000 100 56.29 0 10 7111.68 0 9.99429 1 18811.2 16.6496 0 0 0 
236000 100 47.28 0 10 7143.93 0 9.99431 1 22225.9 19.6791 0 0 0 
237000 100 56.12 0 10 7174.37 0 9.99434 1 20550.9 18.3386 0 0 0 
238000 100 50.43 0 10 7207.58 0 9.99436 1 19776.9 17.647 0 0 0 
239000 100 52.96 0 10 7213.43 0 9.99438 1 19915.8 17.3752 0 0 0 
240000 100 64.69 0 10 7239.49 0 9.99441 1 16473.3 14.3702 0 0 0 
241000 100 53.64 0 10 7271.81 0 9.99443 1 17597.1 15.2851 0 0 0 
242000 100 51.26 0 10 7299.43 0 9.99445 1 25447.8 22.0738 0 0 0 
243000 100 53.5 0 10 7333.97 0 9.99448 1 17083.8 14.8341 0 0 0 
244000 100 49.65 0 10 7356.76 0 9.9945 1 18147.5 15.8078 0 0 0 
245000 100 59.37 0 10 7381.41 0 9.99452 1 20199.3 17.6738 0 0 0 
246000 100 47.99 0 10 7407.52 0 9.99454 1 19363 17.1109 0 0 0 
247000 100 62.48 0 10 7433.43 0 9.99456 1 19175.8 17.0795 0 0 0 
248000 100 52.14 0 10 7458.89 0 9.99459 1 15817 14.0935 0 0 0 
249000 100 52.03 0 10 7496.37 0 9.99461 1 16460.5 14.5079 0 0 0 
250000 100 56.88 0 10 7541.22 0 9.99463 1 21472.3 18.6384 0 0 0 