# Avida Average Deme Data
# Mon Apr  7 15:00:43 2014
#  1: Update
#  2: Count
#  3: Age
#  4: Births
#  5: Organisms
#  6: Generation
#  7: Births (at last replication)
#  8: Organisms (at last replication)
#  9: Merit
# 10: Gestation Time
# 11: Time Used (normalized by org fitness)
# 12: Generations between current and last founders
# 13: Events killed
# 14: Attempts to kill event

0 100 0 0 1 0 0 0 1 0 0 0 0 0 
1000 100 63.34 0 10 9.98 0 8.64885 1 42774 36.9289 0 0 0 
2000 100 75.35 0 10 21.44 0 9.32409 1 37404.5 32.3187 0 0 0 
3000 100 76.36 0 10 32.52 0 9.54932 1 40918.5 35.3292 0 0 0 
4000 100 77.87 0 10 41.12 0 9.66196 1 40131.2 34.5594 0 0 0 
5000 100 76.15 0 10 50.75 0 9.72955 1 38521.6 33.2704 0 0 0 
6000 100 92.92 0 10 61.91 0 9.77462 1 46983.9 40.6194 0 0 0 
7000 100 66.51 0 10 78.58 0 9.80681 1 42679.5 36.7975 0 0 0 
8000 100 64.92 0 10 88.81 0 9.83096 1 40792.5 35.2829 0 0 0 
9000 100 77.83 0 10 99.85 0 9.84974 1 41020.6 35.4802 0 0 0 
10000 100 69.17 0 10 111.18 0 9.86476 1 38572.4 33.3786 0 0 0 
11000 100 60.22 0 10 126.78 0 9.87706 1 42141.5 36.3004 0 0 0 
12000 100 67.5 0 10 127.55 0 9.8873 1 40855.9 35.4543 0 0 0 
13000 100 69.15 0 10 145.78 0 9.89597 1 36321.8 31.5574 0 0 0 
14000 100 74.7 0 10 157.12 0 9.9034 1 37361.1 32.5049 0 0 0 
15000 100 74.64 0 10 178.32 0 9.90984 1 34838.2 30.0934 0 0 0 
16000 100 71.07 0 10 190.91 0 9.91547 1 31579.5 27.2204 0 0 0 
17000 100 70.82 0 10 215.32 0 9.92045 1 33765 29.0811 0 0 0 
18000 100 62.97 0 10 234.6 0 9.92487 1 31545.2 27.168 0 0 0 
19000 100 67.01 0 10 250.42 0 9.92882 1 30830.4 26.5278 0 0 0 
20000 100 61.88 0 10 275.5 0 9.93238 1 31509.9 27.2858 0 0 0 
21000 100 60.34 0 10 292.83 0 9.9356 1 28063.8 24.1337 0 0 0 
22000 100 77.73 0 10 312.9 0 9.93853 1 29509.1 25.3671 0 0 0 
23000 100 66.57 0 10 327.01 0 9.9412 1 32576.7 27.9433 0 0 0 
24000 100 72.97 0 10 340.32 0 9.94365 1 34963.1 29.9943 0 0 0 
25000 100 79.91 0 10 357.22 0 9.9459 1 31175.2 26.8046 0 0 0 
26000 100 73.67 0 10 374.78 0 9.94798 1 33603.1 28.8965 0 0 0 
27000 100 72.55 0 10 390.01 0 9.94991 1 30850.3 26.3512 0 0 0 
28000 100 74.64 0 10 403.65 0 9.9517 1 32573.2 27.6551 0 0 0 
29000 100 67.6 0 10 420.46 0 9.95336 1 35114.8 29.7479 0 0 0 
30000 100 72.91 0 10 440.49 0 9.95492 1 34656.7 29.3338 0 0 0 
31000 100 65.05 0 10 454.49 0 9.95637 1 35109 29.531 0 0 0 
32000 100 63.99 0 10 469.63 0 9.95774 1 30327.3 25.6193 0 0 0 
33000 100 71.02 0 10 485.07 0 9.95902 1 33281.9 27.9234 0 0 0 
34000 100 70.34 0 10 501.88 0 9.96022 1 29890.2 25.0659 0 0 0 
35000 100 56.78 0 10 519.02 0 9.96136 1 34932.1 29.3109 0 0 0 
36000 100 69.97 0 10 537.85 0 9.96243 1 28787.6 23.9388 0 0 0 
37000 100 68.07 0 10 560.52 0 9.96345 1 28305.5 23.5508 0 0 0 
38000 100 63.07 0 10 583.22 0 9.96441 1 28183.3 23.4587 0 0 0 
39000 100 58.98 0 10 597.45 0 9.96532 1 33295.6 27.6725 0 0 0 
40000 100 61.86 0 10 606.54 0 9.96619 1 39485.8 32.5061 0 0 0 
41000 100 70.08 0 10 620.87 0 9.96701 1 38418 31.5354 0 0 0 
42000 100 53.87 0 10 635.23 0 9.9678 1 30968.8 25.2775 0 0 0 
43000 100 63.47 0 10 659.77 0 9.96855 1 37981.8 30.8792 0 0 0 
44000 100 66.13 0 10 677.5 0 9.96926 1 35433.8 28.9821 0 0 0 
45000 100 63.3 0 10 698.42 0 9.96995 1 36072.5 29.5739 0 0 0 
46000 100 75.63 0 10 711.44 0 9.9706 1 28137.9 23.1562 0 0 0 
47000 100 66.66 0 10 731.06 0 9.97122 1 23143.1 19.1931 0 0 0 
48000 100 66.9 0 10 746.53 0 9.97182 1 33764.3 27.6186 0 0 0 
49000 100 68.75 0 10 760.66 0 9.9724 1 30601.8 24.3241 0 0 0 
50000 100 67.3 0 10 775.2 0 9.97295 1 35314.6 28.0723 0 0 0 
51000 100 71.9 0 10 797.97 0 9.97348 1 31087.3 25.2068 0 0 0 
52000 100 61.61 0 10 808.18 0 9.97399 1 33453.1 26.9529 0 0 0 
53000 100 65.96 0 10 820.17 0 9.97448 1 29829.3 23.8228 0 0 0 
54000 100 71.62 0 10 835.2 0 9.97495 1 35149.6 27.7984 0 0 0 
55000 100 54.85 0 10 846.92 0 9.97541 1 31508.9 24.8883 0 0 0 
56000 100 57.05 0 10 864.8 0 9.97585 1 31665.9 24.8722 0 0 0 
57000 100 69.65 0 10 890.03 0 9.97627 1 32099.2 24.977 0 0 0 
58000 100 70.16 0 10 906.77 0 9.97668 1 33382.7 25.8 0 0 0 
59000 100 64.14 0 10 929.5 0 9.97708 1 30297.5 23.6032 0 0 0 
60000 100 66.88 0 10 958.18 0 9.97746 1 29844 23.3065 0 0 0 
61000 100 62.71 0 10 987.39 0 9.97783 1 26547.5 20.839 0 0 0 
62000 100 65.42 0 10 1009.47 0 9.97819 1 24942.2 19.5637 0 0 0 
63000 100 74.99 0 10 1034.01 0 9.97853 1 25345.1 20.0285 0 0 0 
64000 100 57.74 0 10 1060.6 0 9.97887 1 27356.1 21.6931 0 0 0 
65000 100 66.45 0 10 1086.21 0 9.97919 1 29338.3 23.3452 0 0 0 
66000 100 58.42 0 10 1107.46 0 9.97951 1 28199 22.3878 0 0 0 
67000 100 63.65 0 10 1136.54 0 9.97981 1 24780.3 19.6105 0 0 0 
68000 100 54.18 0 10 1155.36 0 9.98011 1 28160.9 22.3068 0 0 0 
69000 100 66.91 0 10 1178.55 0 9.9804 1 25257.1 19.9811 0 0 0 
70000 100 62.04 0 10 1204.18 0 9.98068 1 24128 19.0017 0 0 0 
71000 100 65.64 0 10 1222.08 0 9.98095 1 22491.8 17.7152 0 0 0 
72000 100 80.87 0 10 1253.66 0 9.98122 1 22317.5 17.6461 0 0 0 
73000 100 61.03 0 10 1267.21 0 9.98147 1 24237.1 19.2407 0 0 0 
74000 100 60.8 0 10 1287.16 0 9.98172 1 22832.8 18.2875 0 0 0 
75000 100 54.59 0 10 1298.09 0 9.98197 1 26798.4 21.4131 0 0 0 
76000 100 55.92 0 10 1309.97 0 9.9822 1 25179.2 20.1534 0 0 0 
77000 100 68.06 0 10 1321.86 0 9.98244 1 28762.9 23.0273 0 0 0 
78000 100 64.64 0 10 1344.91 0 9.98266 1 24196.9 19.374 0 0 0 
79000 100 62.35 0 10 1367.22 0 9.98288 1 27385.3 21.9864 0 0 0 
80000 100 57.89 0 10 1390.26 0 9.98309 1 27281 21.9242 0 0 0 
81000 100 66.6 0 10 1412.82 0 9.9833 1 26576.4 21.3583 0 0 0 
82000 100 60.86 0 10 1432.13 0 9.98351 1 23255.6 18.6744 0 0 0 
83000 100 58.59 0 10 1456.89 0 9.98371 1 22368.6 18.1127 0 0 0 
84000 100 61.67 0 10 1483.42 0 9.9839 1 25507.9 20.4437 0 0 0 
85000 100 63.71 0 10 1506.52 0 9.98409 1 26859.9 21.4442 0 0 0 
86000 100 69.28 0 10 1529.93 0 9.98427 1 29222.5 23.3225 0 0 0 
87000 100 63.9 0 10 1561.17 0 9.98445 1 23709.5 18.873 0 0 0 
88000 100 79.11 0 10 1583.23 0 9.98463 1 24380.1 19.3389 0 0 0 
89000 100 62.67 0 10 1601.5 0 9.9848 1 24345.4 19.2702 0 0 0 
90000 100 59.06 0 10 1626.22 0 9.98497 1 29805.8 23.5215 0 0 0 
91000 100 66.52 0 10 1651.66 0 9.98514 1 27871.7 21.9437 0 0 0 
92000 100 65.68 0 10 1675.19 0 9.9853 1 24530 19.2858 0 0 0 
93000 100 62.16 0 10 1698.38 0 9.98546 1 24474.1 19.3255 0 0 0 
94000 100 61.96 0 10 1718.49 0 9.98561 1 26832.8 21.1692 0 0 0 
95000 100 58.95 0 10 1742.32 0 9.98576 1 23875.3 18.8869 0 0 0 
96000 100 58.6 0 10 1767.16 0 9.98591 1 22998.3 18.1473 0 0 0 
97000 100 63.68 0 10 1790.05 0 9.98606 1 27143 21.3165 0 0 0 
98000 100 60.07 0 10 1810.31 0 9.9862 1 23514.7 18.4805 0 0 0 
99000 100 54.81 0 10 1834.19 0 9.98634 1 28717.1 22.6573 0 0 0 
100000 100 70.37 0 10 1858.06 0 9.98648 1 22891.3 18.1565 0 0 0 
101000 100 51.64 0 10 1870.6 0 9.98661 1 23873.9 18.9562 0 0 0 
102000 100 64.1 0 10 1899.32 0 9.98674 1 28179.1 22.2199 0 0 0 
103000 100 57.31 0 10 1922.36 0 9.98687 1 27087.6 21.3628 0 0 0 
104000 100 57.99 0 10 1949.5 0 9.987 1 25732.3 20.1781 0 0 0 
105000 100 63.35 0 10 1976.36 0 9.98712 1 27722.4 21.5841 0 0 0 
106000 100 57.46 0 10 1995.56 0 9.98724 1 26965.6 21.1759 0 0 0 
107000 100 66.97 0 10 2023.63 0 9.98736 1 26824.5 21.0668 0 0 0 
108000 100 64.98 0 10 2044.55 0 9.98748 1 26974 21.07 0 0 0 
109000 100 54.61 0 10 2067.03 0 9.98759 1 25137.2 19.5918 0 0 0 
110000 100 65.9 0 10 2085.25 0 9.9877 1 24973.5 19.2489 0 0 0 
111000 100 61.6 0 10 2109.84 0 9.98782 1 22397 17.0476 0 0 0 
112000 100 51.16 0 10 2131.72 0 9.98792 1 28905.8 21.871 0 0 0 
113000 100 60.96 0 10 2155.91 0 9.98803 1 25042.8 18.9604 0 0 0 
114000 100 59.16 0 10 2184.52 0 9.98814 1 23248.1 17.5788 0 0 0 
115000 100 54.28 0 10 2205.57 0 9.98824 1 30410.7 23.1762 0 0 0 
116000 100 56.99 0 10 2219.22 0 9.98834 1 27510 20.8923 0 0 0 
117000 100 64.12 0 10 2250.04 0 9.98844 1 28438.6 21.4732 0 0 0 
118000 100 59.34 0 10 2273.64 0 9.98854 1 21432.4 16.1134 0 0 0 
119000 100 58.8 0 10 2293.77 0 9.98863 1 22870 17.166 0 0 0 
120000 100 59.44 0 10 2323.66 0 9.98873 1 28966.6 21.7067 0 0 0 
121000 100 62.12 0 10 2341.62 0 9.98882 1 27211.8 20.53 0 0 0 
122000 100 62.37 0 10 2367.64 0 9.98891 1 25537.3 19.3465 0 0 0 
123000 100 60.62 0 10 2389.27 0 9.989 1 23037.8 17.4211 0 0 0 
124000 100 57.47 0 10 2409.07 0 9.98909 1 22603.6 17.2014 0 0 0 
125000 100 60.85 0 10 2429.72 0 9.98918 1 31408.2 23.9175 0 0 0 
126000 100 69.42 0 10 2454.72 0 9.98927 1 32776.3 25.111 0 0 0 
127000 100 63.49 0 10 2475.04 0 9.98935 1 25979.8 19.772 0 0 0 
128000 100 59.26 0 10 2497.81 0 9.98943 1 26689.8 20.3087 0 0 0 
129000 100 59.9 0 10 2521 0 9.98952 1 25562.8 19.6123 0 0 0 
130000 100 57.88 0 10 2547.15 0 9.9896 1 24096.6 18.4615 0 0 0 
131000 100 67.61 0 10 2569.33 0 9.98968 1 26864.4 20.5846 0 0 0 
132000 100 63.6 0 10 2590.55 0 9.98975 1 22111.7 16.935 0 0 0 
133000 100 69.54 0 10 2615.99 0 9.98983 1 22453.4 17.1457 0 0 0 
134000 100 64.01 0 10 2637.53 0 9.98991 1 23680.8 18.0653 0 0 0 
135000 100 62.03 0 10 2664.79 0 9.98998 1 25277.1 19.2065 0 0 0 
136000 100 56.07 0 10 2688.2 0 9.99006 1 23913.3 18.2147 0 0 0 
137000 100 65.65 0 10 2710.39 0 9.99013 1 27145.7 20.6208 0 0 0 
138000 100 65.94 0 10 2738.92 0 9.9902 1 26641 20.3252 0 0 0 
139000 100 63.98 0 10 2768.73 0 9.99027 1 24839.2 18.8637 0 0 0 
140000 100 60.41 0 10 2793.14 0 9.99034 1 30644.9 23.3691 0 0 0 
141000 100 65.66 0 10 2820.26 0 9.99041 1 24772 18.8957 0 0 0 
142000 100 60.75 0 10 2843.69 0 9.99048 1 26563.9 20.2892 0 0 0 
143000 100 57.48 0 10 2865.7 0 9.99054 1 25430.3 19.5293 0 0 0 
144000 100 59.17 0 10 2889.55 0 9.99061 1 27465.1 21.0572 0 0 0 
145000 100 59.11 0 10 2914.46 0 9.99067 1 22858.3 17.5053 0 0 0 
146000 100 62.6 0 10 2934.68 0 9.99074 1 24481.4 18.706 0 0 0 
147000 100 71.45 0 10 2966.32 0 9.9908 1 26403.7 20.0264 0 0 0 
148000 100 64.27 0 10 2986.35 0 9.99086 1 27080.5 20.4992 0 0 0 
149000 100 56.98 0 10 3004.74 0 9.99092 1 28775.7 21.7118 0 0 0 
150000 100 62.29 0 10 3038.51 0 9.99098 1 27530.5 20.8217 0 0 0 
151000 100 67.26 0 10 3061.92 0 9.99104 1 24476.2 18.4339 0 0 0 
152000 100 67.29 0 10 3083.16 0 9.9911 1 29010.8 21.9717 0 0 0 
153000 100 68.44 0 10 3099.69 0 9.99116 1 24935.5 18.8734 0 0 0 
154000 100 54.45 0 10 3116.52 0 9.99122 1 21695.2 16.3619 0 0 0 
155000 100 66.03 0 10 3145.08 0 9.99127 1 25338.2 19.0752 0 0 0 
156000 100 53.3 0 10 3168.19 0 9.99133 1 24345.7 18.2848 0 0 0 
157000 100 57.54 0 10 3193.16 0 9.99139 1 25736.2 19.3538 0 0 0 
158000 100 74.87 0 10 3216.6 0 9.99144 1 23507.7 17.7961 0 0 0 
159000 100 56.04 0 10 3233.73 0 9.99149 1 26927.3 20.1751 0 0 0 
160000 100 59.95 0 10 3257.11 0 9.99155 1 25789.2 19.3191 0 0 0 
161000 100 60.94 0 10 3286.2 0 9.9916 1 27732.3 20.6577 0 0 0 
162000 100 64.27 0 10 3314.74 0 9.99165 1 22840.1 16.945 0 0 0 
163000 100 63.97 0 10 3330.42 0 9.9917 1 30142.9 22.4791 0 0 0 
164000 100 63.16 0 10 3354.16 0 9.99175 1 24543.1 18.3699 0 0 0 
165000 100 56.43 0 10 3380.46 0 9.9918 1 22962.7 17.199 0 0 0 
166000 100 67.18 0 10 3404.76 0 9.99185 1 23361.1 17.4312 0 0 0 
167000 100 59.25 0 10 3426.11 0 9.9919 1 28342 21.1704 0 0 0 
168000 100 58.97 0 10 3448.44 0 9.99195 1 21423.8 16.0945 0 0 0 
169000 100 71.2 0 10 3465.83 0 9.992 1 28471.6 21.3031 0 0 0 
170000 100 63.26 0 10 3490.01 0 9.99204 1 24971 18.7272 0 0 0 
171000 100 62.49 0 10 3517.87 0 9.99209 1 27588.6 20.8272 0 0 0 
172000 100 68.6 0 10 3542.16 0 9.99214 1 25779.4 19.4649 0 0 0 
173000 100 60.92 0 10 3568.15 0 9.99218 1 25182 19.0661 0 0 0 
174000 100 58.14 0 10 3588.85 0 9.99223 1 22829.8 17.3203 0 0 0 
175000 100 59.18 0 10 3611.34 0 9.99227 1 27890 21.2418 0 0 0 
176000 100 62.01 0 10 3625.78 0 9.99232 1 27219.2 21.0041 0 0 0 
177000 100 66.87 0 10 3646.88 0 9.99236 1 22113.2 17.0932 0 0 0 
178000 100 79.08 0 10 3665.46 0 9.9924 1 30925.7 23.884 0 0 0 
179000 100 66.94 0 10 3689.46 0 9.99244 1 28859.1 22.1624 0 0 0 
180000 100 51.12 0 10 3721.95 0 9.99249 1 27115.8 20.7427 0 0 0 
181000 100 59.8 0 10 3748.23 0 9.99253 1 26233.5 20.024 0 0 0 
182000 100 60.15 0 10 3771.5 0 9.99257 1 27866 21.2275 0 0 0 
183000 100 69.6 0 10 3795.31 0 9.99261 1 22304.5 17.0847 0 0 0 
184000 100 53.16 0 10 3819.95 0 9.99265 1 23613.8 18.0292 0 0 0 
185000 100 65.35 0 10 3842.61 0 9.99269 1 24370.5 18.5713 0 0 0 
186000 100 62.99 0 10 3867.79 0 9.99273 1 26219.3 19.9443 0 0 0 
187000 100 68.67 0 10 3885.49 0 9.99277 1 24110.3 18.2991 0 0 0 
188000 100 52.99 0 10 3910.81 0 9.99281 1 24620.4 18.6602 0 0 0 
189000 100 64.48 0 10 3926.39 0 9.99284 1 24462.2 18.5582 0 0 0 
190000 100 66.73 0 10 3940.18 0 9.99288 1 22921.8 17.4456 0 0 0 
191000 100 65.31 0 10 3961.05 0 9.99292 1 23907.4 18.1678 0 0 0 
192000 100 66.06 0 10 3976.22 0 9.99296 1 22123.3 16.8033 0 0 0 
193000 100 58.87 0 10 3998.04 0 9.99299 1 27317.9 20.8098 0 0 0 
194000 100 57.24 0 10 4017.09 0 9.99303 1 27162 20.6075 0 0 0 
195000 100 63.87 0 10 4043.66 0 9.99306 1 27970.2 21.2353 0 0 0 
196000 100 56.04 0 10 4069.74 0 9.9931 1 22929.5 17.4753 0 0 0 
197000 100 64.93 0 10 4092.11 0 9.99313 1 25076 19.0806 0 0 0 
198000 100 56.28 0 10 4111.3 0 9.99317 1 23744.5 18.1346 0 0 0 
199000 100 50.33 0 10 4128.81 0 9.9932 1 30618.7 23.2946 0 0 0 
200000 100 56.17 0 10 4152.2 0 9.99324 1 22494.7 17.1225 0 0 0 
201000 100 46.08 0 10 4185.41 0 9.99327 1 25063.9 19.0947 0 0 0 
202000 100 62.6 0 10 4216.49 0 9.9933 1 21577.6 16.4409 0 0 0 
203000 100 52.67 0 10 4237.34 0 9.99334 1 29293.5 22.359 0 0 0 
204000 100 66.3 0 10 4254 0 9.99337 1 27166 20.5494 0 0 0 
205000 100 55.22 0 10 4277.64 0 9.9934 1 22850.5 17.2959 0 0 0 
206000 100 60.62 0 10 4300.06 0 9.99343 1 24316.9 18.4427 0 0 0 
207000 100 67.21 0 10 4325.97 0 9.99347 1 24364.7 18.4766 0 0 0 
208000 100 58.88 0 10 4344.54 0 9.9935 1 28555 21.4939 0 0 0 
209000 100 61.31 0 10 4363.99 0 9.99353 1 24508.4 18.3872 0 0 0 
210000 100 63.96 0 10 4386.16 0 9.99356 1 27109.6 20.3903 0 0 0 
211000 100 60.24 0 10 4408.84 0 9.99359 1 23944.5 18.0532 0 0 0 
212000 100 62.09 0 10 4433.18 0 9.99362 1 21228.8 16.0701 0 0 0 
213000 100 64.55 0 10 4448.77 0 9.99365 1 23504.7 17.8688 0 0 0 
214000 100 66.6 0 10 4477.42 0 9.99368 1 25986.6 19.8034 0 0 0 
215000 100 54.35 0 10 4505.78 0 9.99371 1 28918.1 21.9447 0 0 0 
216000 100 61.99 0 10 4524.63 0 9.99374 1 25190.4 19.1325 0 0 0 
217000 100 66.59 0 10 4541.23 0 9.99377 1 29993.1 22.759 0 0 0 
218000 100 58.55 0 10 4563.81 0 9.9938 1 29664.5 22.5404 0 0 0 
219000 100 70.03 0 10 4587.9 0 9.99382 1 27545.9 20.9265 0 0 0 
220000 100 70.21 0 10 4610.62 0 9.99385 1 26975.8 20.6872 0 0 0 
221000 100 61.84 0 10 4626.37 0 9.99388 1 21739.5 16.8001 0 0 0 
222000 100 61.25 0 10 4647.36 0 9.99391 1 26734.7 20.7097 0 0 0 
223000 100 66.71 0 10 4672.77 0 9.99394 1 24141 18.7463 0 0 0 
224000 100 56.57 0 10 4703.26 0 9.99396 1 18012.8 14.0377 0 0 0 
225000 100 60.89 0 10 4771.8 0 9.99399 1 10966.3 8.53854 0 0 0 
226000 100 45.9 0 10 4817.36 0 9.99402 1 11455.3 8.91439 0 0 0 
227000 100 43.99 0 10 4901.12 0 9.99404 1 8057.59 6.36404 0 0 0 
228000 100 48.45 0 10 4965.74 0 9.99407 1 8244.02 6.52227 0 0 0 
229000 100 35.91 0 10 5046.05 0 9.99409 1 6633.21 5.21268 0 0 0 
230000 100 37.73 0 10 5145.57 0 9.99412 1 5678.29 4.51175 0 0 0 
231000 100 40.07 0 10 5234.29 0 9.99415 1 8014.35 6.39761 0 0 0 
232000 100 43.52 0 10 5303.49 0 9.99417 1 5148.77 4.12954 0 0 0 
233000 100 37.34 0 10 5382.12 0 9.9942 1 5909.26 4.72699 0 0 0 
234000 100 31.47 0 10 5496.94 0 9.99422 1 4212.9 3.37771 0 0 0 
235000 100 33.5 0 10 5626.16 0 9.99424 1 3673.91 2.97087 0 0 0 
236000 100 44.45 0 10 5707.34 0 9.99427 1 6336.32 5.09747 0 0 0 
237000 100 41.41 0 10 5797.11 0 9.99429 1 9438.04 7.53463 0 0 0 
238000 100 38.75 0 10 5923.7 0 9.99432 1 5335.68 4.31526 0 0 0 
239000 100 36.24 0 10 6060.2 0 9.99434 1 5571.17 4.53177 0 0 0 
240000 100 41.8 0 10 6153.45 0 9.99436 1 7267.18 5.92031 0 0 0 
241000 100 40.04 0 10 6234.57 0 9.99439 1 9229.86 7.49624 0 0 0 
242000 100 40.37 0 10 6311.73 0 9.99441 1 6258.73 5.14737 0 0 0 
243000 100 39.8 0 10 6406.41 0 9.99443 1 7272.72 5.99705 0 0 0 
244000 100 44.95 0 10 6494.17 0 9.99446 1 8394.62 6.90053 0 0 0 
245000 100 47.45 0 10 6583.83 0 9.99448 1 3680.18 3.01578 0 0 0 
246000 100 44.04 0 10 6657.72 0 9.9945 1 5205.19 4.26215 0 0 0 
247000 100 38.21 0 10 6773.52 0 9.99452 1 6176.41 5.05336 0 0 0 
248000 100 39.02 0 10 6874.01 0 9.99455 1 3038.24 2.48888 0 0 0 
249000 100 35.5 0 10 6988.32 0 9.99457 1 3583.29 2.94013 0 0 0 
250000 100 35.95 0 10 7102.72 0 9.99459 1 2941.29 2.37049 0 0 0 