# Avida Average Deme Data
# Mon Apr  7 02:35:16 2014
#  1: Update
#  2: Count
#  3: Age
#  4: Births
#  5: Organisms
#  6: Generation
#  7: Births (at last replication)
#  8: Organisms (at last replication)
#  9: Merit
# 10: Gestation Time
# 11: Time Used (normalized by org fitness)
# 12: Generations between current and last founders
# 13: Events killed
# 14: Attempts to kill event

0 100 0 0 1 0 0 0 1 0 0 0 0 0 
1000 100 57.11 0 10 8.9 0 8.7028 1 43330.3 37.3595 0 0 0 
2000 100 65.87 0 10 19.05 0 9.35107 1 40187 34.5797 0 0 0 
3000 100 80.81 0 10 29.65 0 9.56731 1 43053.1 37.048 0 0 0 
4000 100 60.01 0 10 40.25 0 9.67546 1 42898.2 37.1215 0 0 0 
5000 100 78.45 0 10 52.54 0 9.74035 1 41594.9 36.0363 0 0 0 
6000 100 85.83 0 10 68.04 0 9.78362 1 37674.4 32.5086 0 0 0 
7000 100 73.45 0 10 79.65 0 9.81453 1 38755.8 33.3799 0 0 0 
8000 100 82.25 0 10 93.75 0 9.83771 1 37644.2 32.5462 0 0 0 
9000 100 90.72 0 10 106.04 0 9.85574 1 38915.3 33.5848 0 0 0 
10000 100 83.47 0 10 117.32 0 9.87016 1 33008.4 28.3774 0 0 0 
11000 100 72.28 0 10 128.41 0 9.88197 1 39728.2 34.0973 0 0 0 
12000 100 71.14 0 10 139.91 0 9.8918 1 40663.2 35.0674 0 0 0 
13000 100 77.34 0 10 149.04 0 9.90012 1 35110.3 30.4524 0 0 0 
14000 100 68.56 0 10 158.7 0 9.90726 1 38725.9 33.654 0 0 0 
15000 100 67.96 0 10 168.73 0 9.91344 1 35980.1 31.3721 0 0 0 
16000 100 71.55 0 10 179.48 0 9.91885 1 33516.2 29.2035 0 0 0 
17000 100 72.57 0 10 188.77 0 9.92362 1 41045.4 35.8177 0 0 0 
18000 100 57.27 0 10 203.83 0 9.92787 1 38420.5 33.5075 0 0 0 
19000 100 74.96 0 10 217.46 0 9.93166 1 35544.4 31.0237 0 0 0 
20000 100 71.55 0 10 230.92 0 9.93508 1 34176.8 29.7835 0 0 0 
21000 100 60.55 0 10 244.57 0 9.93817 1 30683.2 27.0158 0 0 0 
22000 100 61.84 0 10 258.49 0 9.94098 1 34001.5 29.9512 0 0 0 
23000 100 59.99 0 10 272.1 0 9.94355 1 33680.8 29.512 0 0 0 
24000 100 67.77 0 10 286.41 0 9.9459 1 36765 32.1675 0 0 0 
25000 100 65.4 0 10 299.57 0 9.94806 1 37183.5 32.6143 0 0 0 
26000 100 60.98 0 10 308.96 0 9.95006 1 37799.9 33.0605 0 0 0 
27000 100 72.05 0 10 321.49 0 9.95191 1 36716.7 31.9833 0 0 0 
28000 100 65.98 0 10 341.05 0 9.95363 1 39082 34.3089 0 0 0 
29000 100 58.28 0 10 352.15 0 9.95523 1 36963 32.4311 0 0 0 
30000 100 65.66 0 10 363.91 0 9.95672 1 40230.7 35.3284 0 0 0 
31000 100 76.32 0 10 378.13 0 9.95811 1 39849.6 34.796 0 0 0 
32000 100 77.12 0 10 388.74 0 9.95942 1 37719.7 33.0113 0 0 0 
33000 100 73.55 0 10 401.13 0 9.96065 1 37245.8 32.5406 0 0 0 
34000 100 67.58 0 10 409.71 0 9.96181 1 36015.1 31.5434 0 0 0 
35000 100 87.16 0 10 417.53 0 9.9629 1 38062 33.1922 0 0 0 
36000 100 78.95 0 10 429.63 0 9.96393 1 37425.5 32.6873 0 0 0 
37000 100 65.93 0 10 439.18 0 9.96491 1 37074.3 32.0582 0 0 0 
38000 100 76.35 0 10 456.53 0 9.96583 1 43174.9 37.4023 0 0 0 
39000 100 69.41 0 10 475.34 0 9.96671 1 37453.2 32.3918 0 0 0 
40000 100 57.4 0 10 492.32 0 9.96754 1 39191.3 33.5444 0 0 0 
41000 100 79.09 0 10 501.15 0 9.96833 1 35784.7 30.6146 0 0 0 
42000 100 77.75 0 10 511.99 0 9.96908 1 34930.3 29.863 0 0 0 
43000 100 74.95 0 10 522.86 0 9.9698 1 36990.7 31.5906 0 0 0 
44000 100 68.82 0 10 537.96 0 9.97049 1 38858 33.0463 0 0 0 
45000 100 71.64 0 10 549.26 0 9.97115 1 37942 32.2308 0 0 0 
46000 100 66.63 0 10 562.23 0 9.97177 1 35624.7 30.2956 0 0 0 
47000 100 67.51 0 10 573.91 0 9.97237 1 34748.8 29.6035 0 0 0 
48000 100 73.41 0 10 585.61 0 9.97295 1 36197.4 30.8688 0 0 0 
49000 100 73.28 0 10 605.69 0 9.9735 1 32756.7 27.8141 0 0 0 
50000 100 59.09 0 10 619.46 0 9.97403 1 35642.4 30.5364 0 0 0 
51000 100 64.31 0 10 632.59 0 9.97454 1 40940.7 35.1084 0 0 0 
52000 100 75.75 0 10 645.09 0 9.97503 1 38409.5 32.9155 0 0 0 
53000 100 72.54 0 10 656.46 0 9.9755 1 39043 33.4155 0 0 0 
54000 100 78.36 0 10 669.5 0 9.97595 1 39772.3 33.9544 0 0 0 
55000 100 75.12 0 10 679.91 0 9.97639 1 34459.2 29.5229 0 0 0 
56000 100 78.23 0 10 689.98 0 9.97681 1 39253.6 33.625 0 0 0 
57000 100 78.97 0 10 703.95 0 9.97722 1 38687.7 33.1062 0 0 0 
58000 100 66.04 0 10 719.07 0 9.97761 1 47066.4 40.192 0 0 0 
59000 100 57.2 0 10 741.51 0 9.97799 1 40580.1 34.5815 0 0 0 
60000 100 62.22 0 10 754.02 0 9.97836 1 37678.7 32.1417 0 0 0 
61000 100 68.95 0 10 763.75 0 9.97871 1 44563 37.8286 0 0 0 
62000 100 78.49 0 10 781.3 0 9.97906 1 35395 29.9839 0 0 0 
63000 100 70.78 0 10 795.38 0 9.97939 1 35289.8 29.8592 0 0 0 
64000 100 66.99 0 10 808.8 0 9.97971 1 40694.2 34.6326 0 0 0 
65000 100 62.3 0 10 819.5 0 9.98002 1 44030.7 37.6317 0 0 0 
66000 100 62.34 0 10 834.33 0 9.98033 1 36269.9 31.0358 0 0 0 
67000 100 75.04 0 10 856.33 0 9.98062 1 33716.8 28.568 0 0 0 
68000 100 69.29 0 10 885.41 0 9.9809 1 36151 30.6064 0 0 0 
69000 100 57.36 0 10 907.42 0 9.98118 1 29065 24.7635 0 0 0 
70000 100 67.71 0 10 926.04 0 9.98145 1 38158.4 32.5785 0 0 0 
71000 100 73.45 0 10 953.4 0 9.98171 1 30392 25.9944 0 0 0 
72000 100 72.4 0 10 972.14 0 9.98197 1 30357.3 25.7833 0 0 0 
73000 100 67.2 0 10 992.03 0 9.98221 1 33728.7 28.521 0 0 0 
74000 100 60.77 0 10 1012.57 0 9.98245 1 28675.5 24.5704 0 0 0 
75000 100 79.17 0 10 1033.22 0 9.98269 1 36004.1 30.8721 0 0 0 
76000 100 65.45 0 10 1056.23 0 9.98291 1 27432.5 23.5767 0 0 0 
77000 100 61.65 0 10 1082.47 0 9.98314 1 28313.5 24.3894 0 0 0 
78000 100 62.8 0 10 1101.56 0 9.98335 1 31186.6 26.8144 0 0 0 
79000 100 71.98 0 10 1122.62 0 9.98356 1 26118.8 22.5178 0 0 0 
80000 100 63.53 0 10 1148.04 0 9.98377 1 28479.2 24.6012 0 0 0 
81000 100 70.22 0 10 1165.52 0 9.98397 1 32784 28.3794 0 0 0 
82000 100 62.3 0 10 1189.4 0 9.98416 1 33868.1 29.4935 0 0 0 
83000 100 63.36 0 10 1209.71 0 9.98436 1 34123.6 30.0547 0 0 0 
84000 100 69.96 0 10 1216.61 0 9.98454 1 31791.2 27.8734 0 0 0 
85000 100 60.13 0 10 1234.13 0 9.98472 1 28445.6 24.8864 0 0 0 
86000 100 74.28 0 10 1267.08 0 9.9849 1 33752.8 29.6941 0 0 0 
87000 100 68.25 0 10 1291.43 0 9.98507 1 40147.2 35.2782 0 0 0 
88000 100 71.96 0 10 1307.2 0 9.98524 1 30997.9 27.2151 0 0 0 
89000 100 73.25 0 10 1322.94 0 9.98541 1 36581.7 31.7983 0 0 0 
90000 100 74.21 0 10 1339.94 0 9.98557 1 33211.2 28.5259 0 0 0 
91000 100 63.28 0 10 1358.29 0 9.98573 1 37510.9 32.0595 0 0 0 
92000 100 53.85 0 10 1377.62 0 9.98589 1 33385.6 27.9505 0 0 0 
93000 100 67.89 0 10 1397.83 0 9.98604 1 35001.2 29.0531 0 0 0 
94000 100 69.21 0 10 1412.68 0 9.98619 1 31699.1 26.4068 0 0 0 
95000 100 56.12 0 10 1435.08 0 9.98633 1 25802 21.4296 0 0 0 
96000 100 62.41 0 10 1464.13 0 9.98647 1 29243.7 24.4206 0 0 0 
97000 100 59.63 0 10 1484.89 0 9.98661 1 25480.8 21.2899 0 0 0 
98000 100 68.67 0 10 1514.38 0 9.98675 1 22373.4 18.742 0 0 0 
99000 100 74.1 0 10 1532.19 0 9.98688 1 33543.7 28.1072 0 0 0 
100000 100 66.33 0 10 1556.59 0 9.98702 1 29350.5 24.7103 0 0 0 
101000 100 67.17 0 10 1573.23 0 9.98714 1 27349.5 23.025 0 0 0 
102000 100 62.74 0 10 1587.22 0 9.98727 1 31058.1 25.9799 0 0 0 
103000 100 61.96 0 10 1603.98 0 9.98739 1 26436.1 21.9719 0 0 0 
104000 100 65.19 0 10 1623.57 0 9.98751 1 25069.3 20.815 0 0 0 
105000 100 61.15 0 10 1645.36 0 9.98763 1 21133.7 17.5008 0 0 0 
106000 100 55.49 0 10 1667.52 0 9.98775 1 26347.5 21.7238 0 0 0 
107000 100 64.61 0 10 1693.02 0 9.98786 1 28009.1 23.0281 0 0 0 
108000 100 65.84 0 10 1719.69 0 9.98798 1 30118.3 24.7217 0 0 0 
109000 100 55.86 0 10 1740.87 0 9.98809 1 26595.4 21.8429 0 0 0 
110000 100 58.75 0 10 1754.56 0 9.9882 1 26281.7 21.5954 0 0 0 
111000 100 58.44 0 10 1775.15 0 9.9883 1 27477.7 22.6686 0 0 0 
112000 100 74.34 0 10 1794.78 0 9.98841 1 24342.8 19.9205 0 0 0 
113000 100 56.32 0 10 1809.54 0 9.98851 1 28841 23.6134 0 0 0 
114000 100 59.15 0 10 1832.74 0 9.98861 1 29637.5 24.5657 0 0 0 
115000 100 69.86 0 10 1872.59 0 9.98871 1 18817.7 15.5348 0 0 0 
116000 100 62.94 0 10 1909.96 0 9.98881 1 20017.5 16.5677 0 0 0 
117000 100 66.32 0 10 1932.25 0 9.9889 1 25791.9 21.3182 0 0 0 
118000 100 63.59 0 10 1957.73 0 9.989 1 21313.2 17.3958 0 0 0 
119000 100 62.62 0 10 1990.71 0 9.98909 1 23080.1 18.8016 0 0 0 
120000 100 70.63 0 10 2009.66 0 9.98918 1 24034.3 19.4771 0 0 0 
121000 100 61.2 0 10 2047.61 0 9.98927 1 22782.3 18.1926 0 0 0 
122000 100 55.26 0 10 2075.99 0 9.98936 1 28211.8 22.4724 0 0 0 
123000 100 73.96 0 10 2111.73 0 9.98944 1 19283.1 15.2978 0 0 0 
124000 100 56.92 0 10 2139.9 0 9.98953 1 24316 19.3221 0 0 0 
125000 100 52.5 0 10 2166.38 0 9.98961 1 22347.4 17.6087 0 0 0 
126000 100 61.12 0 10 2196.22 0 9.98969 1 25153.9 19.8695 0 0 0 
127000 100 56.78 0 10 2225.83 0 9.98978 1 26570.3 21.0363 0 0 0 
128000 100 51.23 0 10 2257.5 0 9.98986 1 21990.2 17.3652 0 0 0 
129000 100 56.52 0 10 2283.95 0 9.98993 1 25966.6 20.5105 0 0 0 
130000 100 54.31 0 10 2318.3 0 9.99001 1 19811.2 15.6377 0 0 0 
131000 100 60.47 0 10 2348.31 0 9.99009 1 21078.3 16.55 0 0 0 
132000 100 57.09 0 10 2375.33 0 9.99016 1 23254 18.0701 0 0 0 
133000 100 62.48 0 10 2402.79 0 9.99024 1 19179.3 14.9023 0 0 0 
134000 100 55.24 0 10 2430.62 0 9.99031 1 23483.9 18.243 0 0 0 
135000 100 65.18 0 10 2454.12 0 9.99038 1 31043.2 24.1359 0 0 0 
136000 100 52.24 0 10 2486.2 0 9.99045 1 23065.2 17.9408 0 0 0 
137000 100 58.46 0 10 2504.01 0 9.99052 1 24155.5 18.8394 0 0 0 
138000 100 57.24 0 10 2535.78 0 9.99059 1 21993.5 17.0108 0 0 0 
139000 100 58.1 0 10 2566.67 0 9.99066 1 19897.7 15.3398 0 0 0 
140000 100 62.81 0 10 2593.53 0 9.99073 1 20516.2 15.7307 0 0 0 
141000 100 71.41 0 10 2613.53 0 9.99079 1 22867 17.5706 0 0 0 
142000 100 56.29 0 10 2645.57 0 9.99086 1 27427.5 21.0714 0 0 0 
143000 100 53.37 0 10 2676.99 0 9.99092 1 21092.4 16.2298 0 0 0 
144000 100 65.52 0 10 2710.61 0 9.99098 1 27538 21.1595 0 0 0 
145000 100 62.82 0 10 2746.35 0 9.99104 1 18931.3 14.4099 0 0 0 
146000 100 73.19 0 10 2775.56 0 9.99111 1 21563.5 16.3422 0 0 0 
147000 100 57.91 0 10 2805.52 0 9.99117 1 24720.2 18.743 0 0 0 
148000 100 62.57 0 10 2844.2 0 9.99123 1 19152.9 14.6682 0 0 0 
149000 100 55.3 0 10 2875.13 0 9.99129 1 18771.4 14.3133 0 0 0 
150000 100 50.49 0 10 2906.62 0 9.99134 1 23661.8 18.1508 0 0 0 
151000 100 63.42 0 10 2938.82 0 9.9914 1 21401.7 16.305 0 0 0 
152000 100 64.79 0 10 2965.07 0 9.99146 1 22393.5 17.1031 0 0 0 
153000 100 55.17 0 10 2989.57 0 9.99151 1 22595.5 17.2224 0 0 0 
154000 100 58.75 0 10 3015.32 0 9.99157 1 28872.1 21.823 0 0 0 
155000 100 55.72 0 10 3051.06 0 9.99162 1 28754 21.7165 0 0 0 
156000 100 62.57 0 10 3091.23 0 9.99168 1 20632.3 15.6034 0 0 0 
157000 100 58.12 0 10 3116.61 0 9.99173 1 22942.3 17.4069 0 0 0 
158000 100 65.9 0 10 3144.31 0 9.99178 1 19329.2 14.6609 0 0 0 
159000 100 60.47 0 10 3162.93 0 9.99183 1 23291.2 17.6405 0 0 0 
160000 100 57.97 0 10 3193.86 0 9.99188 1 20166.4 15.2466 0 0 0 
161000 100 60 0 10 3212.84 0 9.99193 1 16894.5 12.8076 0 0 0 
162000 100 69.83 0 10 3237.24 0 9.99198 1 24973.5 18.9116 0 0 0 
163000 100 63.38 0 10 3271.05 0 9.99203 1 24864.7 18.9633 0 0 0 
164000 100 57.98 0 10 3299.79 0 9.99208 1 27548.6 21.0137 0 0 0 
165000 100 57.13 0 10 3338.43 0 9.99213 1 23104.8 17.6963 0 0 0 
166000 100 64.01 0 10 3364.75 0 9.99218 1 24454.5 18.751 0 0 0 
167000 100 56.67 0 10 3388.74 0 9.99222 1 30959.3 23.8373 0 0 0 
168000 100 53.66 0 10 3400.43 0 9.99227 1 21795.3 16.6155 0 0 0 
169000 100 58.89 0 10 3428.2 0 9.99232 1 24594.7 18.6782 0 0 0 
170000 100 57.47 0 10 3457.29 0 9.99236 1 23786.5 18.2485 0 0 0 
171000 100 55.36 0 10 3502.15 0 9.99241 1 24241.9 18.6377 0 0 0 
172000 100 61.01 0 10 3529.9 0 9.99245 1 27698.6 21.2273 0 0 0 
173000 100 55.02 0 10 3555.65 0 9.99249 1 23602.6 18.024 0 0 0 
174000 100 53.15 0 10 3582.44 0 9.99254 1 25398.2 19.3709 0 0 0 
175000 100 57 0 10 3603.49 0 9.99258 1 22099.3 16.8199 0 0 0 
176000 100 60.3 0 10 3633.54 0 9.99262 1 25375.6 19.3134 0 0 0 
177000 100 63.59 0 10 3659.57 0 9.99266 1 22318 16.9407 0 0 0 
178000 100 63.89 0 10 3692.75 0 9.99271 1 24597.4 18.7089 0 0 0 
179000 100 59.79 0 10 3722.53 0 9.99275 1 26974.4 20.5576 0 0 0 
180000 100 57.75 0 10 3763.58 0 9.99279 1 21771.5 16.4352 0 0 0 
181000 100 61.3 0 10 3793.13 0 9.99283 1 21923.4 16.4588 0 0 0 
182000 100 54.01 0 10 3823.29 0 9.99287 1 23421.7 17.5349 0 0 0 
183000 100 56.92 0 10 3849.32 0 9.9929 1 27728.6 20.7555 0 0 0 
184000 100 59.31 0 10 3877.74 0 9.99294 1 26650 19.9517 0 0 0 
185000 100 59.7 0 10 3913.4 0 9.99298 1 19960.3 15.0056 0 0 0 
186000 100 61.51 0 10 3939.44 0 9.99302 1 22836.3 17.221 0 0 0 
187000 100 60.21 0 10 3962.79 0 9.99306 1 19820.2 14.9924 0 0 0 
188000 100 64.51 0 10 3984.05 0 9.99309 1 25664.1 19.4241 0 0 0 
189000 100 50.01 0 10 4005.3 0 9.99313 1 23883 18.1079 0 0 0 
190000 100 66.06 0 10 4027.56 0 9.99317 1 21545.1 16.4444 0 0 0 
191000 100 60.32 0 10 4050.63 0 9.9932 1 23041.6 17.5814 0 0 0 
192000 100 66.93 0 10 4075.08 0 9.99324 1 22948.1 17.5994 0 0 0 
193000 100 56.12 0 10 4109.98 0 9.99327 1 18868.5 14.3843 0 0 0 
194000 100 55.71 0 10 4139.61 0 9.99331 1 22234.3 17.1504 0 0 0 
195000 100 64.13 0 10 4179.33 0 9.99334 1 21326.6 16.5501 0 0 0 
196000 100 64.37 0 10 4209.13 0 9.99338 1 22530.7 17.5635 0 0 0 
197000 100 60.68 0 10 4241.18 0 9.99341 1 19217.6 14.9849 0 0 0 
198000 100 51.47 0 10 4260.37 0 9.99344 1 23629.5 18.4921 0 0 0 
199000 100 54.86 0 10 4283.31 0 9.99347 1 23178.6 18.1433 0 0 0 
200000 100 56.95 0 10 4316.32 0 9.99351 1 21705.4 16.9117 0 0 0 
201000 100 62.63 0 10 4346.51 0 9.99354 1 26075.8 20.1034 0 0 0 
202000 100 63.04 0 10 4365.98 0 9.99357 1 24586 19.0362 0 0 0 
203000 100 57.96 0 10 4385.12 0 9.9936 1 24332.9 18.9419 0 0 0 
204000 100 61.26 0 10 4402.24 0 9.99363 1 19717.1 15.3969 0 0 0 
205000 100 56.09 0 10 4433.51 0 9.99367 1 20813.7 16.0948 0 0 0 
206000 100 54.65 0 10 4463.89 0 9.9937 1 21459.7 16.5362 0 0 0 
207000 100 63.22 0 10 4501.38 0 9.99373 1 18976.8 14.6092 0 0 0 
208000 100 57.04 0 10 4537.24 0 9.99376 1 24849 19.365 0 0 0 
209000 100 62.22 0 10 4561.28 0 9.99379 1 23412.1 18.3339 0 0 0 
210000 100 53.53 0 10 4593.38 0 9.99382 1 21128.8 16.5076 0 0 0 
211000 100 63.01 0 10 4634.55 0 9.99385 1 26010.7 20.4291 0 0 0 
212000 100 60.06 0 10 4667.35 0 9.99388 1 20062.3 15.7773 0 0 0 
213000 100 61.44 0 10 4698.98 0 9.9939 1 19918.6 15.6037 0 0 0 
214000 100 59.72 0 10 4725.49 0 9.99393 1 22914.9 17.9748 0 0 0 
215000 100 70.92 0 10 4756.66 0 9.99396 1 19124 15.1588 0 0 0 
216000 100 60.3 0 10 4788.99 0 9.99399 1 18889 15.159 0 0 0 
217000 100 63.69 0 10 4820.47 0 9.99402 1 19795.8 15.9087 0 0 0 
218000 100 57.3 0 10 4859.63 0 9.99404 1 21154.3 17.0074 0 0 0 
219000 100 54.64 0 10 4896.75 0 9.99407 1 23078.4 18.6337 0 0 0 
220000 100 54.15 0 10 4937.45 0 9.9941 1 18584.9 14.9498 0 0 0 
221000 100 72.04 0 10 4971 0 9.99412 1 21180.6 16.7996 0 0 0 
222000 100 56.53 0 10 5004.3 0 9.99415 1 18620.6 14.7756 0 0 0 
223000 100 54.62 0 10 5032.13 0 9.99418 1 18148.9 14.4098 0 0 0 
224000 100 48.4 0 10 5064.21 0 9.9942 1 18622.7 14.6711 0 0 0 
225000 100 62.05 0 10 5103.64 0 9.99423 1 18732.9 14.7354 0 0 0 
226000 100 62.39 0 10 5133.69 0 9.99425 1 18351.8 14.4794 0 0 0 
227000 100 57.86 0 10 5164.5 0 9.99428 1 21725.1 16.9882 0 0 0 
228000 100 61.31 0 10 5178.77 0 9.9943 1 19715.2 15.3477 0 0 0 
229000 100 56.64 0 10 5209.56 0 9.99433 1 18615.3 14.5209 0 0 0 
230000 100 56.24 0 10 5235.38 0 9.99435 1 23236 18.3013 0 0 0 
231000 100 65.68 0 10 5265.53 0 9.99438 1 22570.8 17.8003 0 0 0 
232000 100 66.84 0 10 5288.84 0 9.9944 1 23107.4 18.0572 0 0 0 
233000 100 45.89 0 10 5315.4 0 9.99443 1 21883.3 17.0147 0 0 0 
234000 100 56.29 0 10 5338 0 9.99445 1 21084.7 16.3871 0 0 0 
235000 100 55.66 0 10 5369.01 0 9.99447 1 19321.5 15.0349 0 0 0 
236000 100 56.74 0 10 5411.17 0 9.9945 1 23042.7 17.6415 0 0 0 
237000 100 62.69 0 10 5435.53 0 9.99452 1 20546.4 15.6911 0 0 0 
238000 100 62.14 0 10 5471.9 0 9.99454 1 22582.2 17.177 0 0 0 
239000 100 59.23 0 10 5502.78 0 9.99457 1 22496.4 16.9803 0 0 0 
240000 100 68.51 0 10 5522.2 0 9.99459 1 26891.4 20.6679 0 0 0 
241000 100 61.42 0 10 5556.99 0 9.99461 1 22121.4 16.9322 0 0 0 
242000 100 65.09 0 10 5600.38 0 9.99463 1 20680.7 15.7088 0 0 0 
243000 100 56.29 0 10 5637.23 0 9.99466 1 23501.5 17.7702 0 0 0 
244000 100 55 0 10 5672.77 0 9.99468 1 25693 19.4244 0 0 0 
245000 100 60.28 0 10 5703.24 0 9.9947 1 23441.3 17.6741 0 0 0 
246000 100 60.02 0 10 5719.88 0 9.99472 1 18877.9 14.2931 0 0 0 
247000 100 60.65 0 10 5750.84 0 9.99474 1 14843.7 11.2469 0 0 0 
248000 100 52.21 0 10 5783.41 0 9.99476 1 15822 11.9835 0 0 0 
249000 100 66.17 0 10 5815.79 0 9.99479 1 23133.4 17.4684 0 0 0 
250000 100 53.35 0 10 5853.56 0 9.99481 1 21492.3 16.1512 0 0 0 