# Avida Average Deme Data
# Mon Apr  7 19:03:19 2014
#  1: Update
#  2: Count
#  3: Age
#  4: Births
#  5: Organisms
#  6: Generation
#  7: Births (at last replication)
#  8: Organisms (at last replication)
#  9: Merit
# 10: Gestation Time
# 11: Time Used (normalized by org fitness)
# 12: Generations between current and last founders
# 13: Events killed
# 14: Attempts to kill event

0 100 0 0 1 0 0 0 1 0 0 0 0 0 
1000 100 73.25 0 10 9.58 0 8.65594 1 38932.7 33.5998 0 0 0 
2000 100 78.51 0 10 20.45 0 9.32764 1 42619.7 36.6986 0 0 0 
3000 100 62.64 0 10 34.11 0 9.55168 1 38598.3 33.1045 0 0 0 
4000 100 73.84 0 10 44.04 0 9.66373 1 42071.1 36.0182 0 0 0 
5000 100 66.47 0 10 51.9 0 9.73097 1 36890.7 31.607 0 0 0 
6000 100 79.94 0 10 61.88 0 9.7758 1 42881.1 36.7438 0 0 0 
7000 100 77.97 0 10 69.32 0 9.80783 1 41395 35.5243 0 0 0 
8000 100 78.22 0 10 78.02 0 9.83185 1 40921.7 35.1199 0 0 0 
9000 100 68.41 0 10 85.7 0 9.85053 1 43349.4 37.2719 0 0 0 
10000 100 62.2 0 10 98.31 0 9.86547 1 40853.7 35.1234 0 0 0 
11000 100 63.3 0 10 108.76 0 9.8777 1 35001.5 30.256 0 0 0 
12000 100 62.91 0 10 119.59 0 9.88789 1 36792.5 31.8032 0 0 0 
13000 100 72.29 0 10 131.83 0 9.89652 1 38384.4 32.9464 0 0 0 
14000 100 69.68 0 10 146.47 0 9.90391 1 34323.6 29.4966 0 0 0 
15000 100 71.99 0 10 157.09 0 9.91031 1 40252.2 34.6809 0 0 0 
16000 100 65.93 0 10 166.45 0 9.91592 1 42053.5 36.3962 0 0 0 
17000 100 56.57 0 10 178.41 0 9.92086 1 38713.5 33.7131 0 0 0 
18000 100 64.05 0 10 188.47 0 9.92526 1 40602.2 35.4458 0 0 0 
19000 100 74.57 0 10 197.66 0 9.92919 1 40869.6 35.7909 0 0 0 
20000 100 69.86 0 10 212.17 0 9.93273 1 41240.8 36.1914 0 0 0 
21000 100 77.41 0 10 221.93 0 9.93594 1 36117.7 31.6523 0 0 0 
22000 100 78.02 0 10 237.03 0 9.93885 1 40116.8 35.0941 0 0 0 
23000 100 80.76 0 10 251.6 0 9.94151 1 31655.9 27.7775 0 0 0 
24000 100 63.18 0 10 274.63 0 9.94394 1 35066.3 30.7642 0 0 0 
25000 100 66.59 0 10 296.46 0 9.94619 1 33898.3 29.8623 0 0 0 
26000 100 63.62 0 10 309.91 0 9.94826 1 35361.5 31.1504 0 0 0 
27000 100 58.78 0 10 320.48 0 9.95017 1 35043.6 30.8995 0 0 0 
28000 100 56.07 0 10 337.65 0 9.95195 1 34396.8 30.3342 0 0 0 
29000 100 64.03 0 10 348.45 0 9.95361 1 38074 33.4529 0 0 0 
30000 100 71.1 0 10 361.85 0 9.95515 1 35084.4 30.5876 0 0 0 
31000 100 72.39 0 10 373.66 0 9.9566 1 33867.1 29.4171 0 0 0 
32000 100 73.81 0 10 386.19 0 9.95796 1 33443.6 29.048 0 0 0 
33000 100 61.18 0 10 396.18 0 9.95923 1 35967.4 31.1045 0 0 0 
34000 100 75.2 0 10 411.5 0 9.96043 1 32743.2 28.3086 0 0 0 
35000 100 59.92 0 10 429.3 0 9.96156 1 31166.3 26.964 0 0 0 
36000 100 70.69 0 10 443.92 0 9.96263 1 30954.9 27.114 0 0 0 
37000 100 65.18 0 10 457.56 0 9.96364 1 31723.4 27.7052 0 0 0 
38000 100 59.65 0 10 470.27 0 9.9646 1 34411.6 29.9806 0 0 0 
39000 100 75.37 0 10 487.58 0 9.9655 1 30797.5 26.8217 0 0 0 
40000 100 70.94 0 10 515.72 0 9.96637 1 30982.6 27.0899 0 0 0 
41000 100 58.9 0 10 546.45 0 9.96719 1 31129.5 27.529 0 0 0 
42000 100 67.44 0 10 568.03 0 9.96797 1 26422.9 23.5678 0 0 0 
43000 100 71.81 0 10 585.6 0 9.96871 1 34832.3 31.034 0 0 0 
44000 100 66.73 0 10 609.66 0 9.96942 1 31889.7 28.369 0 0 0 
45000 100 62.71 0 10 627.01 0 9.9701 1 32079.2 28.5404 0 0 0 
46000 100 79.11 0 10 643.9 0 9.97075 1 33908.2 30.1431 0 0 0 
47000 100 65.02 0 10 656.01 0 9.97138 1 32699.7 29.1288 0 0 0 
48000 100 71.42 0 10 666.93 0 9.97197 1 32934.5 29.2372 0 0 0 
49000 100 62.72 0 10 684.79 0 9.97254 1 34081 30.5149 0 0 0 
50000 100 70.24 0 10 705.19 0 9.97309 1 28232 25.4568 0 0 0 
51000 100 82.75 0 10 724.99 0 9.97362 1 32770.8 29.4454 0 0 0 
52000 100 64.82 0 10 738.18 0 9.97413 1 36230.3 32.357 0 0 0 
53000 100 65.63 0 10 753.42 0 9.97462 1 37794.2 33.8399 0 0 0 
54000 100 62.35 0 10 773.03 0 9.97509 1 29588.5 26.556 0 0 0 
55000 100 65.59 0 10 789.87 0 9.97554 1 31776.5 28.3599 0 0 0 
56000 100 67.58 0 10 803.89 0 9.97598 1 33736.2 29.8947 0 0 0 
57000 100 66.96 0 10 817.52 0 9.9764 1 30194.7 27.0887 0 0 0 
58000 100 55.07 0 10 836.01 0 9.9768 1 32904.2 29.4304 0 0 0 
59000 100 67.56 0 10 846.97 0 9.9772 1 35378.3 32.1631 0 0 0 
60000 100 65.86 0 10 862.7 0 9.97758 1 37637.6 33.8875 0 0 0 
61000 100 75.4 0 10 865.78 0 9.97794 1 35315.6 32.1632 0 0 0 
62000 100 69.87 0 10 879.79 0 9.9783 1 35378.5 32.4376 0 0 0 
63000 100 59.14 0 10 901.55 0 9.97864 1 34820.2 32.4787 0 0 0 
64000 100 73.28 0 10 922.53 0 9.97898 1 37075.5 34.9103 0 0 0 
65000 100 71.13 0 10 934.72 0 9.9793 1 37774.8 35.5741 0 0 0 
66000 100 65.38 0 10 956.58 0 9.97962 1 35417.6 33.337 0 0 0 
67000 100 72.11 0 10 971.9 0 9.97992 1 38085.8 35.745 0 0 0 
68000 100 60.75 0 10 994.52 0 9.98021 1 33698.2 31.6322 0 0 0 
69000 100 66.65 0 10 1015.89 0 9.9805 1 27383.5 25.4977 0 0 0 
70000 100 71.7 0 10 1043.1 0 9.98078 1 36505.7 33.5959 0 0 0 
71000 100 66.87 0 10 1064.45 0 9.98105 1 33112.1 30.3755 0 0 0 
72000 100 64.37 0 10 1084.27 0 9.98131 1 32654.7 29.8398 0 0 0 
73000 100 76.8 0 10 1096.53 0 9.98157 1 30058.2 27.5668 0 0 0 
74000 100 73.27 0 10 1110.49 0 9.98182 1 30643.8 27.9926 0 0 0 
75000 100 67.02 0 10 1128.58 0 9.98206 1 34849.8 31.8046 0 0 0 
76000 100 73.7 0 10 1141.08 0 9.9823 1 30496.3 27.7405 0 0 0 
77000 100 76.25 0 10 1149.46 0 9.98253 1 37872.4 34.6638 0 0 0 
78000 100 66.76 0 10 1161.19 0 9.98275 1 36745 33.6729 0 0 0 
79000 100 65.87 0 10 1176.12 0 9.98297 1 36263.5 33.3063 0 0 0 
80000 100 66.74 0 10 1191.51 0 9.98318 1 33717.5 31.033 0 0 0 
81000 100 61.18 0 10 1204.86 0 9.98339 1 39775.9 36.441 0 0 0 
82000 100 67.16 0 10 1219.18 0 9.98359 1 31863.2 29.2303 0 0 0 
83000 100 68.54 0 10 1228.35 0 9.98379 1 35564.6 32.7633 0 0 0 
84000 100 60.91 0 10 1241.5 0 9.98398 1 31116.6 28.6239 0 0 0 
85000 100 63.69 0 10 1258.96 0 9.98417 1 31460 28.766 0 0 0 
86000 100 76.16 0 10 1278.7 0 9.98436 1 33627.5 30.6364 0 0 0 
87000 100 76.75 0 10 1288.31 0 9.98454 1 37227.2 33.9359 0 0 0 
88000 100 56.74 0 10 1303.45 0 9.98471 1 34137.3 31.052 0 0 0 
89000 100 66.86 0 10 1331.99 0 9.98488 1 29092.8 26.4794 0 0 0 
90000 100 68.16 0 10 1347.93 0 9.98505 1 33536.7 30.5762 0 0 0 
91000 100 60.59 0 10 1367.87 0 9.98522 1 35541.8 32.3407 0 0 0 
92000 100 71.52 0 10 1376.33 0 9.98538 1 33265.8 30.2564 0 0 0 
93000 100 60.94 0 10 1392.71 0 9.98553 1 34292.6 31.3664 0 0 0 
94000 100 65.39 0 10 1401.49 0 9.98569 1 32697.9 29.674 0 0 0 
95000 100 71.98 0 10 1412.48 0 9.98584 1 30594.1 27.7762 0 0 0 
96000 100 63.43 0 10 1427.43 0 9.98599 1 34405.4 31.1938 0 0 0 
97000 100 68.23 0 10 1439.47 0 9.98613 1 34249.9 31.0718 0 0 0 
98000 100 64.09 0 10 1451.31 0 9.98627 1 37961.3 34.4674 0 0 0 
99000 100 63.85 0 10 1471.85 0 9.98641 1 38186.4 34.5784 0 0 0 
100000 100 60.56 0 10 1489.75 0 9.98655 1 37007.7 33.3192 0 0 0 
101000 100 63.6 0 10 1501.53 0 9.98668 1 38936.9 35.1931 0 0 0 
102000 100 63.81 0 10 1516.86 0 9.98681 1 40305.8 36.4458 0 0 0 
103000 100 74.58 0 10 1531.86 0 9.98694 1 33110.8 29.8874 0 0 0 
104000 100 72.85 0 10 1550.16 0 9.98706 1 38017.7 34.3436 0 0 0 
105000 100 64.27 0 10 1562.92 0 9.98719 1 35267.4 31.808 0 0 0 
106000 100 77.23 0 10 1584.69 0 9.98731 1 32654.7 29.329 0 0 0 
107000 100 70.08 0 10 1604.93 0 9.98743 1 28370.3 25.4283 0 0 0 
108000 100 61.07 0 10 1621.04 0 9.98754 1 31972.2 28.9379 0 0 0 
109000 100 69.47 0 10 1630.72 0 9.98766 1 41268.4 37.3127 0 0 0 
110000 100 66.99 0 10 1648.88 0 9.98777 1 35724.4 32.4616 0 0 0 
111000 100 67.26 0 10 1666.32 0 9.98788 1 31921.6 29.1841 0 0 0 
112000 100 65.98 0 10 1685.16 0 9.98799 1 35973.5 33.0544 0 0 0 
113000 100 65.97 0 10 1700.98 0 9.98809 1 36101.6 33.008 0 0 0 
114000 100 67.42 0 10 1719.32 0 9.9882 1 35238.8 32.1734 0 0 0 
115000 100 68.83 0 10 1735.65 0 9.9883 1 33034.3 30.1319 0 0 0 
116000 100 59.88 0 10 1746.45 0 9.9884 1 32907.7 30.1248 0 0 0 
117000 100 65.29 0 10 1761.79 0 9.9885 1 31138.8 28.4931 0 0 0 
118000 100 67.42 0 10 1764.42 0 9.9886 1 27496.2 25.4783 0 0 0 
119000 100 60.49 0 10 1787.62 0 9.98869 1 21301.6 19.7605 0 0 0 
120000 100 58.03 0 10 1818.49 0 9.98879 1 27216.8 25.228 0 0 0 
121000 100 63.3 0 10 1868.66 0 9.98888 1 15657.1 14.4782 0 0 0 
122000 100 62.21 0 10 1903.27 0 9.98897 1 13725.3 12.6979 0 0 0 
123000 100 55.26 0 10 1937.76 0 9.98906 1 21335.8 19.8778 0 0 0 
124000 100 66.76 0 10 1976.58 0 9.98915 1 20235.5 18.8529 0 0 0 
125000 100 53.15 0 10 2011.09 0 9.98924 1 18982.7 17.669 0 0 0 
126000 100 56.77 0 10 2069.23 0 9.98932 1 17990.1 16.6977 0 0 0 
127000 100 56.1 0 10 2125.96 0 9.98941 1 18331 17.3841 0 0 0 
128000 100 62.19 0 10 2170.53 0 9.98949 1 16501.5 15.7145 0 0 0 
129000 100 53.42 0 10 2206.14 0 9.98957 1 15959.5 15.2699 0 0 0 
130000 100 52.5 0 10 2243.33 0 9.98965 1 14895.1 14.3769 0 0 0 
131000 100 51.68 0 10 2275.43 0 9.98973 1 17641.8 17.0099 0 0 0 
132000 100 56.89 0 10 2308.48 0 9.98981 1 16355.1 15.7812 0 0 0 
133000 100 51.99 0 10 2336.98 0 9.98988 1 15927.8 15.3139 0 0 0 
134000 100 55.85 0 10 2382.28 0 9.98996 1 15459.1 14.8781 0 0 0 
135000 100 55.19 0 10 2412.89 0 9.99003 1 18408.6 17.7695 0 0 0 
136000 100 63.88 0 10 2450.09 0 9.99011 1 18303.6 17.6161 0 0 0 
137000 100 61.99 0 10 2480.78 0 9.99018 1 22787.2 21.9629 0 0 0 
138000 100 53.4 0 10 2523.23 0 9.99025 1 17530.4 16.7898 0 0 0 
139000 100 56.44 0 10 2563.9 0 9.99032 1 18624.1 17.6399 0 0 0 
140000 100 57.86 0 10 2598.96 0 9.99039 1 20661.5 19.4654 0 0 0 
141000 100 59.59 0 10 2634.47 0 9.99046 1 19659.3 18.5214 0 0 0 
142000 100 59.4 0 10 2677.17 0 9.99053 1 12425.7 11.6236 0 0 0 
143000 100 56.21 0 10 2710.78 0 9.99059 1 21077.2 19.6763 0 0 0 
144000 100 48.99 0 10 2747.21 0 9.99066 1 18898.5 17.6924 0 0 0 
145000 100 50.21 0 10 2795.71 0 9.99072 1 22721.5 21.2433 0 0 0 
146000 100 61.86 0 10 2826.98 0 9.99078 1 16360.8 15.2716 0 0 0 
147000 100 66.13 0 10 2865.15 0 9.99085 1 14995.3 14.0008 0 0 0 
148000 100 55.38 0 10 2901.58 0 9.99091 1 10117.2 9.34864 0 0 0 
149000 100 56.27 0 10 2947.8 0 9.99097 1 14604.6 13.6208 0 0 0 
150000 100 51.64 0 10 2991.48 0 9.99103 1 15733.1 14.4941 0 0 0 
151000 100 53.02 0 10 3028.4 0 9.99109 1 17922.7 16.5314 0 0 0 
152000 100 56.02 0 10 3065.62 0 9.99115 1 16334.8 15.0922 0 0 0 
153000 100 57.42 0 10 3100.03 0 9.99121 1 22352.9 20.5694 0 0 0 
154000 100 55.47 0 10 3134.27 0 9.99126 1 19002 17.4357 0 0 0 
155000 100 50.28 0 10 3173.18 0 9.99132 1 15560.8 14.1496 0 0 0 
156000 100 71.84 0 10 3205.41 0 9.99138 1 14153.2 12.8492 0 0 0 
157000 100 59.96 0 10 3248.86 0 9.99143 1 17947.4 16.2211 0 0 0 
158000 100 57.65 0 10 3285.45 0 9.99148 1 16286.6 14.7776 0 0 0 
159000 100 60.08 0 10 3331.47 0 9.99154 1 16356 14.8493 0 0 0 
160000 100 53.55 0 10 3354.08 0 9.99159 1 13504.8 12.2644 0 0 0 
161000 100 47.11 0 10 3392.08 0 9.99164 1 21813.1 20.0036 0 0 0 
162000 100 51.32 0 10 3437.21 0 9.9917 1 18653.8 16.8348 0 0 0 
163000 100 61.19 0 10 3473.39 0 9.99175 1 30006.2 26.6437 0 0 0 
164000 100 59.06 0 10 3514.69 0 9.9918 1 19099.9 16.8266 0 0 0 
165000 100 66.05 0 10 3569.92 0 9.99185 1 15686.4 13.7902 0 0 0 
166000 100 57.26 0 10 3608.32 0 9.9919 1 21363.9 18.9147 0 0 0 
167000 100 61.53 0 10 3643.88 0 9.99194 1 18757.5 16.5584 0 0 0 
168000 100 62.76 0 10 3676.53 0 9.99199 1 16855.7 14.8474 0 0 0 
169000 100 65.85 0 10 3719.69 0 9.99204 1 19301.9 17.0003 0 0 0 
170000 100 50.61 0 10 3753.37 0 9.99209 1 18245.8 16.0828 0 0 0 
171000 100 52.26 0 10 3778.3 0 9.99213 1 18626.8 16.3671 0 0 0 
172000 100 49.93 0 10 3809.94 0 9.99218 1 20115.6 17.7 0 0 0 
173000 100 57.96 0 10 3857.47 0 9.99222 1 20396.2 17.7023 0 0 0 
174000 100 52.42 0 10 3892.71 0 9.99227 1 14176.3 12.1958 0 0 0 
175000 100 55.5 0 10 3921.74 0 9.99231 1 18909.4 16.2059 0 0 0 
176000 100 60.39 0 10 3957.84 0 9.99236 1 19887.1 16.9881 0 0 0 
177000 100 56.07 0 10 3997.66 0 9.9924 1 22548.6 19.1197 0 0 0 
178000 100 49.35 0 10 4035.87 0 9.99244 1 17729.8 15.2996 0 0 0 
179000 100 59.18 0 10 4073.75 0 9.99248 1 17269.5 14.9671 0 0 0 
180000 100 61.46 0 10 4108.38 0 9.99253 1 16182.6 13.9444 0 0 0 
181000 100 55.97 0 10 4150.4 0 9.99257 1 18994.6 16.3769 0 0 0 
182000 100 65.37 0 10 4189.01 0 9.99261 1 15846.2 13.6314 0 0 0 
183000 100 69.51 0 10 4237.62 0 9.99265 1 18082.5 15.7897 0 0 0 
184000 100 55.73 0 10 4272.11 0 9.99269 1 17638.6 15.3322 0 0 0 
185000 100 46.99 0 10 4313.15 0 9.99273 1 15477.9 13.7354 0 0 0 
186000 100 62.5 0 10 4356.35 0 9.99277 1 18207.4 16.2429 0 0 0 
187000 100 66.64 0 10 4406.14 0 9.99281 1 15838 13.7378 0 0 0 
188000 100 61.65 0 10 4449.33 0 9.99284 1 17596.1 15.201 0 0 0 
189000 100 59.88 0 10 4489.68 0 9.99288 1 14432.8 12.453 0 0 0 
190000 100 61.36 0 10 4519.35 0 9.99292 1 21677.2 18.7335 0 0 0 
191000 100 49.09 0 10 4574.86 0 9.99296 1 16289.8 14.0443 0 0 0 
192000 100 59.22 0 10 4624.14 0 9.99299 1 12588.3 10.8691 0 0 0 
193000 100 52.01 0 10 4661.93 0 9.99303 1 16539.7 14.2402 0 0 0 
194000 100 57.77 0 10 4700.87 0 9.99306 1 16762.5 14.483 0 0 0 
195000 100 63.12 0 10 4742.76 0 9.9931 1 15305.3 13.1059 0 0 0 
196000 100 57.63 0 10 4771.32 0 9.99314 1 19206.6 16.4338 0 0 0 
197000 100 51.75 0 10 4817.87 0 9.99317 1 18407.4 15.8004 0 0 0 
198000 100 49.04 0 10 4841.07 0 9.99321 1 15853.2 13.6371 0 0 0 
199000 100 55.14 0 10 4859.93 0 9.99324 1 15186.7 13.1098 0 0 0 
200000 100 57.45 0 10 4899.34 0 9.99327 1 16553.1 14.2895 0 0 0 
201000 100 55.29 0 10 4932.49 0 9.99331 1 20327.9 17.5082 0 0 0 
202000 100 63.07 0 10 4975.57 0 9.99334 1 16213.3 13.9614 0 0 0 
203000 100 54.2 0 10 5017.54 0 9.99337 1 14982.7 12.8483 0 0 0 
204000 100 57.91 0 10 5056.47 0 9.9934 1 17797 15.3281 0 0 0 
205000 100 52.96 0 10 5104.57 0 9.99344 1 19631.2 16.736 0 0 0 
206000 100 60.09 0 10 5151.62 0 9.99347 1 17158.8 14.5449 0 0 0 
207000 100 55.42 0 10 5193.56 0 9.9935 1 18062.7 15.3098 0 0 0 
208000 100 59.4 0 10 5221.76 0 9.99353 1 19997.8 17.0542 0 0 0 
209000 100 58.2 0 10 5226.65 0 9.99356 1 19735.4 17.1432 0 0 0 
210000 100 37.91 0 10 5291.68 0 9.99359 1 6299.03 5.51081 0 0 0 
211000 100 49.61 0 10 5380.34 0 9.99362 1 7980.78 6.98441 0 0 0 
212000 100 48.61 0 10 5527.29 0 9.99365 1 4865.51 4.27819 0 0 0 
213000 100 36.13 0 10 5665.8 0 9.99368 1 4470.08 3.90515 0 0 0 
214000 100 39.41 0 10 5738.18 0 9.99371 1 5866.7 5.13323 0 0 0 
215000 100 40.63 0 10 5873.19 0 9.99374 1 7713.48 6.69501 0 0 0 
216000 100 32.59 0 10 6070.59 0 9.99377 1 4816.83 4.19383 0 0 0 
217000 100 29.12 0 10 6249.32 0 9.9938 1 4161.21 3.63002 0 0 0 
218000 100 36.94 0 10 6335.09 0 9.99383 1 5483.09 4.75371 0 0 0 
219000 100 42.17 0 10 6522.96 0 9.99386 1 8290.39 7.08237 0 0 0 
220000 100 33.05 0 10 6652.59 0 9.99388 1 3623.02 3.06968 0 0 0 
221000 100 37.96 0 10 6810.72 0 9.99391 1 5059.1 4.29393 0 0 0 
222000 100 33.11 0 10 6973.57 0 9.99394 1 3859.14 3.26331 0 0 0 
223000 100 34.32 0 10 7127.18 0 9.99397 1 5794.19 4.8801 0 0 0 
224000 100 30.17 0 10 7259.96 0 9.99399 1 2827.01 2.37957 0 0 0 
225000 100 35.03 0 10 7401.57 0 9.99402 1 2842.9 2.38042 0 0 0 
226000 100 22.66 0 10 7561.01 0 9.99405 1 2421.49 2.05238 0 0 0 
227000 100 27.24 0 10 7708.59 0 9.99407 1 4207.26 3.58073 0 0 0 
228000 100 39.63 0 10 7857.18 0 9.9941 1 4109.88 3.48205 0 0 0 
229000 100 31.29 0 10 7955.75 0 9.99412 1 2586.93 2.19898 0 0 0 
230000 100 43.15 0 10 8062.77 0 9.99415 1 3327.14 2.85737 0 0 0 
231000 100 33.29 0 10 8152.56 0 9.99418 1 2277.49 1.96159 0 0 0 
232000 100 36.69 0 10 8304.97 0 9.9942 1 3762.12 3.22263 0 0 0 
233000 100 47.1 0 10 8397.55 0 9.99423 1 10591 9.04949 0 0 0 
234000 100 39.81 0 10 8519.84 0 9.99425 1 7326.23 6.30005 0 0 0 
235000 100 33.99 0 10 8684.74 0 9.99427 1 4670.35 3.97977 0 0 0 
236000 100 31.91 0 10 8825.12 0 9.9943 1 2123 1.79707 0 0 0 
237000 100 33.28 0 10 8960.15 0 9.99432 1 3932.95 3.29163 0 0 0 
238000 100 25.14 0 10 9089.42 0 9.99435 1 2276.77 1.89814 0 0 0 
239000 100 31.6 0 10 9215.14 0 9.99437 1 4022.64 3.37187 0 0 0 
240000 100 41.53 0 10 9357.54 0 9.99439 1 2028 1.70796 0 0 0 
241000 100 37.81 0 10 9501.86 0 9.99442 1 2402.34 2.02769 0 0 0 
242000 100 35.73 0 10 9623.79 0 9.99444 1 2536.71 2.16306 0 0 0 
243000 100 31.26 0 10 9731.72 0 9.99446 1 3254.67 2.77554 0 0 0 
244000 100 34.63 0 10 9861.88 0 9.99449 1 4060.01 3.48249 0 0 0 
245000 100 39.3 0 10 9957.11 0 9.99451 1 3949.49 3.35707 0 0 0 
246000 100 36.01 0 10 10070.5 0 9.99453 1 3256.14 2.77085 0 0 0 
247000 100 39.46 0 10 10190.9 0 9.99455 1 4803.75 4.04552 0 0 0 
248000 100 37.96 0 10 10314.1 0 9.99458 1 3054.24 2.56046 0 0 0 
249000 100 37.09 0 10 10439 0 9.9946 1 2317.5 1.94913 0 0 0 
250000 100 36.46 0 10 10588.2 0 9.99462 1 3678.03 3.09503 0 0 0 