# Avida Average Deme Data
# Mon Apr  7 03:09:31 2014
#  1: Update
#  2: Count
#  3: Age
#  4: Births
#  5: Organisms
#  6: Generation
#  7: Births (at last replication)
#  8: Organisms (at last replication)
#  9: Merit
# 10: Gestation Time
# 11: Time Used (normalized by org fitness)
# 12: Generations between current and last founders
# 13: Events killed
# 14: Attempts to kill event

0 100 0 0 1 0 0 0 1 0 0 0 0 0 
1000 100 56.83 0 10 9.42 0 8.55794 1 39297.5 33.8643 0 0 0 
2000 100 69.92 0 10 18.96 0 9.27861 1 42614 36.7738 0 0 0 
3000 100 66.84 0 10 31.26 0 9.51899 1 44022.3 38.0166 0 0 0 
4000 100 75.17 0 10 39.53 0 9.63922 1 43024.6 37.174 0 0 0 
5000 100 72.8 0 10 47.89 0 9.71136 1 40113.1 34.6672 0 0 0 
6000 100 83.78 0 10 57.91 0 9.75946 1 38529.1 33.3987 0 0 0 
7000 100 77.68 0 10 64.47 0 9.79382 1 39380.9 34.1247 0 0 0 
8000 100 71.02 0 10 74.53 0 9.81959 1 39103.2 33.8315 0 0 0 
9000 100 71.62 0 10 90.64 0 9.83963 1 38023.1 33.0277 0 0 0 
10000 100 64.54 0 10 104.86 0 9.85566 1 39536.9 34.2683 0 0 0 
11000 100 76.71 0 10 118.59 0 9.86878 1 41645 35.959 0 0 0 
12000 100 76.59 0 10 134.88 0 9.87972 1 35362.2 30.3738 0 0 0 
13000 100 69.87 0 10 148.68 0 9.88897 1 35323.1 30.2661 0 0 0 
14000 100 82.31 0 10 159.8 0 9.8969 1 40066.7 34.3058 0 0 0 
15000 100 70.28 0 10 169.05 0 9.90377 1 39857.6 34.0883 0 0 0 
16000 100 70.51 0 10 187.05 0 9.90979 1 38785.8 33.1447 0 0 0 
17000 100 62.63 0 10 202.48 0 9.91509 1 38866.7 33.2379 0 0 0 
18000 100 74.43 0 10 213.88 0 9.91981 1 36235.7 30.7088 0 0 0 
19000 100 74.41 0 10 227.9 0 9.92403 1 40371.6 34.121 0 0 0 
20000 100 68.76 0 10 240.97 0 9.92783 1 34345.4 28.9946 0 0 0 
21000 100 74.25 0 10 252.12 0 9.93127 1 36913.4 31.135 0 0 0 
22000 100 69.73 0 10 257.54 0 9.93439 1 34276.7 28.9428 0 0 0 
23000 100 85.89 0 10 269.23 0 9.93724 1 36733.7 31.1278 0 0 0 
24000 100 78.78 0 10 283.27 0 9.93986 1 37339.3 31.6752 0 0 0 
25000 100 71.63 0 10 300.13 0 9.94226 1 35116.7 29.8697 0 0 0 
26000 100 77.79 0 10 314.19 0 9.94448 1 35820.7 30.4885 0 0 0 
27000 100 66.77 0 10 328.86 0 9.94654 1 35981 30.5134 0 0 0 
28000 100 75.17 0 10 341.22 0 9.94845 1 34864.9 29.2853 0 0 0 
29000 100 81.66 0 10 354.37 0 9.95023 1 33650.3 28.2621 0 0 0 
30000 100 61.82 0 10 361.97 0 9.95188 1 35984.6 29.9531 0 0 0 
31000 100 65.94 0 10 373.68 0 9.95344 1 30875.5 25.712 0 0 0 
32000 100 65.65 0 10 385.25 0 9.95489 1 35638.9 29.5737 0 0 0 
33000 100 73.57 0 10 394.96 0 9.95626 1 34744.8 28.7068 0 0 0 
34000 100 71 0 10 410.42 0 9.95755 1 39226.2 32.462 0 0 0 
35000 100 64.9 0 10 423.35 0 9.95876 1 37073.9 30.5623 0 0 0 
36000 100 75.74 0 10 435.17 0 9.9599 1 40892.3 33.8233 0 0 0 
37000 100 75.95 0 10 448.33 0 9.96099 1 32538.3 27.0121 0 0 0 
38000 100 72.74 0 10 458.08 0 9.96201 1 37156.2 30.6691 0 0 0 
39000 100 65.98 0 10 473.28 0 9.96299 1 39988.4 33.0679 0 0 0 
40000 100 73.93 0 10 482.28 0 9.96391 1 34689.4 28.5199 0 0 0 
41000 100 68.72 0 10 496.46 0 9.96479 1 35167.4 28.6434 0 0 0 
42000 100 62.81 0 10 510.91 0 9.96563 1 37964.6 30.9974 0 0 0 
43000 100 67.35 0 10 532.7 0 9.96643 1 32168.1 26.4 0 0 0 
44000 100 62.35 0 10 550.81 0 9.96719 1 31141.5 25.5498 0 0 0 
45000 100 59.76 0 10 577.72 0 9.96792 1 31103.7 25.6193 0 0 0 
46000 100 73.57 0 10 601.3 0 9.96862 1 28356.1 23.4422 0 0 0 
47000 100 68.24 0 10 620.47 0 9.96929 1 31708.3 26.2376 0 0 0 
48000 100 70.27 0 10 632.68 0 9.96993 1 33075.4 27.339 0 0 0 
49000 100 69.93 0 10 649.93 0 9.97054 1 32180.4 26.5341 0 0 0 
50000 100 56.81 0 10 670.19 0 9.97113 1 35544.4 29.2826 0 0 0 
51000 100 69.47 0 10 695.18 0 9.9717 1 32087.2 26.6036 0 0 0 
52000 100 62.99 0 10 717.26 0 9.97224 1 28184.1 23.286 0 0 0 
53000 100 66.44 0 10 727.79 0 9.97276 1 32139.8 26.4792 0 0 0 
54000 100 71.65 0 10 742.56 0 9.97327 1 35484.4 29.1761 0 0 0 
55000 100 61.93 0 10 763.66 0 9.97376 1 33928.4 28.0597 0 0 0 
56000 100 74.84 0 10 791.76 0 9.97422 1 32259.9 26.5297 0 0 0 
57000 100 74.9 0 10 815.02 0 9.97468 1 38917.8 31.8151 0 0 0 
58000 100 67.37 0 10 829.13 0 9.97511 1 28897.3 23.6932 0 0 0 
59000 100 57.87 0 10 844.44 0 9.97553 1 33991.4 27.9338 0 0 0 
60000 100 71.07 0 10 859.68 0 9.97594 1 32055.5 26.3454 0 0 0 
61000 100 63.59 0 10 881.88 0 9.97634 1 30409.3 25.1527 0 0 0 
62000 100 65.42 0 10 894.14 0 9.97672 1 29624.9 24.5151 0 0 0 
63000 100 62.41 0 10 909.55 0 9.97709 1 25856.6 21.3524 0 0 0 
64000 100 69.59 0 10 924.8 0 9.97745 1 32398.9 26.6509 0 0 0 
65000 100 64.37 0 10 939.26 0 9.97779 1 35673.3 29.1312 0 0 0 
66000 100 70.6 0 10 960.34 0 9.97813 1 29869.5 24.3549 0 0 0 
67000 100 65.89 0 10 979.27 0 9.97846 1 33137.5 27.0606 0 0 0 
68000 100 62.75 0 10 995.84 0 9.97877 1 29673.8 24.2728 0 0 0 
69000 100 58.32 0 10 1015.17 0 9.97908 1 32615.5 26.7108 0 0 0 
70000 100 70.79 0 10 1033.89 0 9.97938 1 28135.6 22.9768 0 0 0 
71000 100 68.28 0 10 1054.41 0 9.97967 1 37023.7 29.9324 0 0 0 
72000 100 67.88 0 10 1066.73 0 9.97995 1 30913.3 25.3385 0 0 0 
73000 100 71.94 0 10 1079.09 0 9.98023 1 34534.3 28.2121 0 0 0 
74000 100 62.85 0 10 1092.47 0 9.98049 1 31386.5 25.8115 0 0 0 
75000 100 68.8 0 10 1106.06 0 9.98075 1 34792.5 28.7901 0 0 0 
76000 100 68.28 0 10 1117.14 0 9.98101 1 33216.6 27.5759 0 0 0 
77000 100 66.11 0 10 1135.24 0 9.98125 1 31572 26.02 0 0 0 
78000 100 70.88 0 10 1156.72 0 9.98149 1 32459.3 26.4297 0 0 0 
79000 100 65.22 0 10 1169.26 0 9.98173 1 31221.9 25.6199 0 0 0 
80000 100 69.63 0 10 1181.8 0 9.98196 1 38797.5 31.8135 0 0 0 
81000 100 65.15 0 10 1177.05 0 9.98218 1 35890.3 29.9094 0 0 0 
82000 100 60.24 0 10 1189.05 0 9.9824 1 37048.7 30.8293 0 0 0 
83000 100 62.13 0 10 1199.82 0 9.98261 1 32412.6 26.9809 0 0 0 
84000 100 59.03 0 10 1217.42 0 9.98282 1 35460 29.442 0 0 0 
85000 100 61.57 0 10 1238.8 0 9.98302 1 31723.9 26.2029 0 0 0 
86000 100 65.24 0 10 1264.34 0 9.98322 1 27570 22.7396 0 0 0 
87000 100 64.65 0 10 1287.46 0 9.98341 1 29671.9 24.3885 0 0 0 
88000 100 63.91 0 10 1324.75 0 9.9836 1 26444.4 21.6622 0 0 0 
89000 100 60.54 0 10 1347.8 0 9.98378 1 28383.4 23.2442 0 0 0 
90000 100 69.02 0 10 1378.29 0 9.98396 1 21516.1 17.6523 0 0 0 
91000 100 71.48 0 10 1399.02 0 9.98414 1 28825.1 23.6395 0 0 0 
92000 100 60.61 0 10 1423.69 0 9.98431 1 28171 23.0207 0 0 0 
93000 100 66.04 0 10 1442.93 0 9.98448 1 29799.7 24.3807 0 0 0 
94000 100 59.86 0 10 1462.82 0 9.98464 1 26534.7 21.7824 0 0 0 
95000 100 61.52 0 10 1485.73 0 9.98481 1 29933.3 24.4907 0 0 0 
96000 100 52.51 0 10 1507.88 0 9.98496 1 32866 26.9774 0 0 0 
97000 100 68.14 0 10 1531.69 0 9.98512 1 27322.5 22.253 0 0 0 
98000 100 63.81 0 10 1561.72 0 9.98527 1 25745.8 20.9987 0 0 0 
99000 100 64.69 0 10 1580.09 0 9.98542 1 30571.7 24.9537 0 0 0 
100000 100 70.06 0 10 1602.85 0 9.98557 1 27783.9 22.7002 0 0 0 
101000 100 71.73 0 10 1609.52 0 9.98571 1 26878 21.9997 0 0 0 
102000 100 66.15 0 10 1635.63 0 9.98585 1 29653 24.2835 0 0 0 
103000 100 59.51 0 10 1654.2 0 9.98599 1 27857.4 22.8034 0 0 0 
104000 100 58.52 0 10 1680.57 0 9.98612 1 22232.6 18.222 0 0 0 
105000 100 61.08 0 10 1701.59 0 9.98625 1 30489.2 25.0347 0 0 0 
106000 100 60.35 0 10 1721.17 0 9.98638 1 30610.3 25.2455 0 0 0 
107000 100 65.83 0 10 1740.14 0 9.98651 1 29782.9 24.708 0 0 0 
108000 100 63.57 0 10 1758.71 0 9.98663 1 29656.2 24.7742 0 0 0 
109000 100 62.42 0 10 1776.36 0 9.98676 1 33841 28.1046 0 0 0 
110000 100 58.86 0 10 1796.37 0 9.98688 1 30746.5 25.5958 0 0 0 
111000 100 64.61 0 10 1812.66 0 9.987 1 26605.4 22.1156 0 0 0 
112000 100 64.85 0 10 1824.78 0 9.98711 1 33074.2 27.5826 0 0 0 
113000 100 61.33 0 10 1842.89 0 9.98723 1 33578 28.018 0 0 0 
114000 100 65.49 0 10 1863.53 0 9.98734 1 28833.3 24.1501 0 0 0 
115000 100 73.46 0 10 1885.24 0 9.98745 1 32011.5 26.7313 0 0 0 
116000 100 57.56 0 10 1906.35 0 9.98756 1 33293.7 27.7994 0 0 0 
117000 100 71.1 0 10 1928.51 0 9.98766 1 33610.8 28.103 0 0 0 
118000 100 58.85 0 10 1952.4 0 9.98777 1 25978.3 21.8167 0 0 0 
119000 100 62.96 0 10 1992.88 0 9.98787 1 20449.1 17.2052 0 0 0 
120000 100 61.04 0 10 2023.46 0 9.98797 1 28744.6 24.2745 0 0 0 
121000 100 63.56 0 10 2046.22 0 9.98807 1 27476.7 23.3161 0 0 0 
122000 100 57.61 0 10 2070.14 0 9.98817 1 23448.5 19.7986 0 0 0 
123000 100 64.76 0 10 2106.39 0 9.98826 1 22552.5 19.0875 0 0 0 
124000 100 50.4 0 10 2130.05 0 9.98836 1 23090.8 19.5257 0 0 0 
125000 100 65.44 0 10 2156.69 0 9.98845 1 20693 17.4061 0 0 0 
126000 100 59.37 0 10 2184.67 0 9.98854 1 21480.6 18.0244 0 0 0 
127000 100 59.12 0 10 2208.44 0 9.98863 1 23527.2 19.6416 0 0 0 
128000 100 58.73 0 10 2237.41 0 9.98872 1 23347.5 19.4799 0 0 0 
129000 100 64.16 0 10 2264.21 0 9.98881 1 19014.4 15.8597 0 0 0 
130000 100 61.22 0 10 2290.52 0 9.9889 1 22113.9 18.5841 0 0 0 
131000 100 59.69 0 10 2321.48 0 9.98898 1 21965.2 18.433 0 0 0 
132000 100 65.16 0 10 2341.05 0 9.98906 1 23559.9 19.7529 0 0 0 
133000 100 60.94 0 10 2363.86 0 9.98915 1 26460.6 22.2051 0 0 0 
134000 100 61.97 0 10 2396.42 0 9.98923 1 23539.7 19.7904 0 0 0 
135000 100 63.48 0 10 2418.86 0 9.98931 1 19739.5 16.5867 0 0 0 
136000 100 63.45 0 10 2444.63 0 9.98939 1 22214.6 18.6514 0 0 0 
137000 100 62.65 0 10 2454.9 0 9.98946 1 20872.5 17.5111 0 0 0 
138000 100 57.99 0 10 2479.71 0 9.98954 1 29178.6 24.6911 0 0 0 
139000 100 64.77 0 10 2497.38 0 9.98962 1 27622.7 23.3003 0 0 0 
140000 100 52.97 0 10 2514.38 0 9.98969 1 29776.1 25.2149 0 0 0 
141000 100 62.82 0 10 2548.43 0 9.98976 1 24053.4 20.6221 0 0 0 
142000 100 56.74 0 10 2574.86 0 9.98983 1 21804.9 18.8215 0 0 0 
143000 100 64.52 0 10 2597.06 0 9.98991 1 25220.3 21.7661 0 0 0 
144000 100 65.72 0 10 2627.91 0 9.98998 1 23645.4 20.3687 0 0 0 
145000 100 57.01 0 10 2656.8 0 9.99004 1 24921.9 21.462 0 0 0 
146000 100 49.9 0 10 2684.93 0 9.99011 1 22361.6 19.3744 0 0 0 
147000 100 68.81 0 10 2709.86 0 9.99018 1 27177.4 23.4519 0 0 0 
148000 100 64.44 0 10 2738.33 0 9.99025 1 21127 18.2414 0 0 0 
149000 100 52.85 0 10 2765.08 0 9.99031 1 23999.7 20.7721 0 0 0 
150000 100 63.33 0 10 2790.28 0 9.99038 1 25086 21.794 0 0 0 
151000 100 55.68 0 10 2815.59 0 9.99044 1 24836.3 21.6208 0 0 0 
152000 100 59.4 0 10 2834.7 0 9.9905 1 21072.4 18.327 0 0 0 
153000 100 57.32 0 10 2853.89 0 9.99057 1 22246.4 19.2659 0 0 0 
154000 100 68.28 0 10 2887.49 0 9.99063 1 26467.4 23.0289 0 0 0 
155000 100 58.37 0 10 2930.36 0 9.99069 1 21052.4 18.1518 0 0 0 
156000 100 62.01 0 10 2961.42 0 9.99075 1 21816.2 18.6793 0 0 0 
157000 100 61.22 0 10 2989.77 0 9.99081 1 18196.5 15.5842 0 0 0 
158000 100 56.94 0 10 3025.27 0 9.99086 1 22835 19.5163 0 0 0 
159000 100 57.74 0 10 3051.54 0 9.99092 1 21515.5 18.3555 0 0 0 
160000 100 48.8 0 10 3080.58 0 9.99098 1 23171.6 19.9598 0 0 0 
161000 100 57.16 0 10 3098.91 0 9.99103 1 28873.8 24.9401 0 0 0 
162000 100 62.05 0 10 3128.47 0 9.99109 1 19026.2 16.4458 0 0 0 
163000 100 64.55 0 10 3160.59 0 9.99114 1 27476.4 23.6424 0 0 0 
164000 100 70.29 0 10 3202.36 0 9.9912 1 21008.4 18.0736 0 0 0 
165000 100 54.08 0 10 3213.4 0 9.99125 1 26712.4 22.9315 0 0 0 
166000 100 60.52 0 10 3247.17 0 9.9913 1 25173.6 21.5899 0 0 0 
167000 100 59.1 0 10 3261.56 0 9.99136 1 28315.9 24.2249 0 0 0 
168000 100 67.65 0 10 3283.14 0 9.99141 1 23836.6 20.457 0 0 0 
169000 100 67.2 0 10 3303.06 0 9.99146 1 25590.8 21.8969 0 0 0 
170000 100 65.51 0 10 3318.59 0 9.99151 1 25803.5 21.9587 0 0 0 
171000 100 64.81 0 10 3343.11 0 9.99156 1 21633.4 18.3636 0 0 0 
172000 100 60.82 0 10 3375.49 0 9.99161 1 27807.2 23.495 0 0 0 
173000 100 69.52 0 10 3407.28 0 9.99166 1 28073 23.7752 0 0 0 
174000 100 55.83 0 10 3441.26 0 9.9917 1 19327.2 16.4631 0 0 0 
175000 100 58.93 0 10 3473.98 0 9.99175 1 24126.3 20.4354 0 0 0 
176000 100 55.76 0 10 3498.04 0 9.9918 1 26723.8 22.5431 0 0 0 
177000 100 60.28 0 10 3524.86 0 9.99184 1 19015.2 16.0762 0 0 0 
178000 100 59.5 0 10 3547.33 0 9.99189 1 25709.5 21.6618 0 0 0 
179000 100 64.07 0 10 3579.84 0 9.99194 1 22691.7 18.9399 0 0 0 
180000 100 55.93 0 10 3602.87 0 9.99198 1 19953.7 16.7826 0 0 0 
181000 100 54.47 0 10 3623.18 0 9.99202 1 20659.2 17.0787 0 0 0 
182000 100 59.73 0 10 3655.68 0 9.99207 1 23367.1 19.1135 0 0 0 
183000 100 58.08 0 10 3684.17 0 9.99211 1 18922.8 15.4737 0 0 0 
184000 100 56.15 0 10 3711.89 0 9.99215 1 22193.5 18.3658 0 0 0 
185000 100 57.17 0 10 3734.21 0 9.9922 1 25235.2 21.2252 0 0 0 
186000 100 62.05 0 10 3758.89 0 9.99224 1 29909.1 25.114 0 0 0 
187000 100 59.34 0 10 3787.58 0 9.99228 1 23843.2 20.0966 0 0 0 
188000 100 56.9 0 10 3812.64 0 9.99232 1 22927.6 19.2753 0 0 0 
189000 100 58.49 0 10 3843 0 9.99236 1 27612.4 23.2415 0 0 0 
190000 100 60.48 0 10 3874.7 0 9.9924 1 24109.9 20.2888 0 0 0 
191000 100 58.75 0 10 3896.42 0 9.99244 1 24139.6 20.247 0 0 0 
192000 100 66.84 0 10 3924.97 0 9.99248 1 23457.5 19.5563 0 0 0 
193000 100 53.8 0 10 3962.73 0 9.99252 1 22491.8 18.5825 0 0 0 
194000 100 56.36 0 10 3976.43 0 9.99256 1 25347.9 21.0034 0 0 0 
195000 100 58.91 0 10 4004.08 0 9.9926 1 26566.8 21.9821 0 0 0 
196000 100 77.18 0 10 4035.4 0 9.99264 1 23043.9 18.9999 0 0 0 
197000 100 65.74 0 10 4062.42 0 9.99267 1 27064.8 22.4333 0 0 0 
198000 100 62.79 0 10 4093.32 0 9.99271 1 22627.5 18.7349 0 0 0 
199000 100 56.99 0 10 4120.1 0 9.99275 1 25112 20.8919 0 0 0 
200000 100 53.57 0 10 4141.18 0 9.99278 1 21294 17.6504 0 0 0 
201000 100 63.92 0 10 4173.21 0 9.99282 1 26333.5 21.8463 0 0 0 
202000 100 64.04 0 10 4188.19 0 9.99285 1 18898.2 15.574 0 0 0 
203000 100 61.07 0 10 4208.66 0 9.99289 1 25475 20.9359 0 0 0 
204000 100 59.19 0 10 4227.93 0 9.99292 1 21219.6 17.4085 0 0 0 
205000 100 70.35 0 10 4258.92 0 9.99296 1 21509.5 17.7004 0 0 0 
206000 100 67.96 0 10 4286.68 0 9.99299 1 24746.4 20.4659 0 0 0 
207000 100 63.93 0 10 4318.65 0 9.99303 1 20818.9 17.246 0 0 0 
208000 100 54.97 0 10 4351.5 0 9.99306 1 25259.5 20.9301 0 0 0 
209000 100 53.39 0 10 4379.67 0 9.99309 1 20679.5 17.1915 0 0 0 
210000 100 64.08 0 10 4396.91 0 9.99313 1 23012.5 19.1624 0 0 0 
211000 100 53.55 0 10 4419.2 0 9.99316 1 20844.9 17.2776 0 0 0 
212000 100 71.3 0 10 4448.15 0 9.99319 1 20351.9 16.9459 0 0 0 
213000 100 58.99 0 10 4476.05 0 9.99322 1 24287.6 20.2745 0 0 0 
214000 100 58.63 0 10 4500.99 0 9.99325 1 23793.2 19.6504 0 0 0 
215000 100 66.81 0 10 4525.62 0 9.99329 1 22401 18.6602 0 0 0 
216000 100 54.52 0 10 4555.35 0 9.99332 1 27642.3 23.0254 0 0 0 
217000 100 58.01 0 10 4581.39 0 9.99335 1 22237.2 18.4718 0 0 0 
218000 100 50.73 0 10 4612.08 0 9.99338 1 21319.1 17.8064 0 0 0 
219000 100 59.31 0 10 4634.74 0 9.99341 1 21551.7 18.1165 0 0 0 
220000 100 55.84 0 10 4661.15 0 9.99344 1 20338 17.0982 0 0 0 
221000 100 62.43 0 10 4694.21 0 9.99347 1 27074.9 22.7482 0 0 0 
222000 100 49.12 0 10 4722.55 0 9.9935 1 18806.5 15.8905 0 0 0 
223000 100 68.81 0 10 4749.17 0 9.99353 1 24308.5 20.5866 0 0 0 
224000 100 63.41 0 10 4776.61 0 9.99356 1 22584 19.1472 0 0 0 
225000 100 64.99 0 10 4799.06 0 9.99358 1 22432.8 18.9901 0 0 0 
226000 100 57.42 0 10 4827.47 0 9.99361 1 22053.5 18.6725 0 0 0 
227000 100 58.48 0 10 4850.64 0 9.99364 1 23051.5 19.4908 0 0 0 
228000 100 73.99 0 10 4874.47 0 9.99367 1 23934.1 20.2503 0 0 0 
229000 100 47.63 0 10 4901.33 0 9.9937 1 22805.5 19.3636 0 0 0 
230000 100 61.98 0 10 4941.34 0 9.99372 1 20921 17.7675 0 0 0 
231000 100 57.3 0 10 4966.01 0 9.99375 1 23125.8 19.6059 0 0 0 
232000 100 60.77 0 10 4998.15 0 9.99378 1 19400 16.4719 0 0 0 
233000 100 61.11 0 10 5017.69 0 9.9938 1 20503.5 17.2901 0 0 0 
234000 100 63.95 0 10 5045.32 0 9.99383 1 21513.4 18.2955 0 0 0 
235000 100 61.69 0 10 5076.98 0 9.99386 1 21017.7 17.8721 0 0 0 
236000 100 69.36 0 10 5108.22 0 9.99388 1 20562.9 17.538 0 0 0 
237000 100 60.76 0 10 5136.41 0 9.99391 1 23095.3 19.673 0 0 0 
238000 100 63.36 0 10 5166.43 0 9.99393 1 20973.6 17.8543 0 0 0 
239000 100 57.98 0 10 5197.65 0 9.99396 1 22699.9 19.2478 0 0 0 
240000 100 52.43 0 10 5224.22 0 9.99399 1 22511.1 19.1791 0 0 0 
241000 100 68.27 0 10 5261.25 0 9.99401 1 26008.8 22.0651 0 0 0 
242000 100 61.04 0 10 5289.48 0 9.99404 1 22579.1 19.27 0 0 0 
243000 100 58.11 0 10 5304.95 0 9.99406 1 23813.3 20.258 0 0 0 
244000 100 54.29 0 10 5336.86 0 9.99408 1 24746.2 21.2004 0 0 0 
245000 100 49.93 0 10 5360.82 0 9.99411 1 23253.5 19.935 0 0 0 
246000 100 61.96 0 10 5383.74 0 9.99413 1 22356.8 19.1087 0 0 0 
247000 100 58.01 0 10 5418.08 0 9.99416 1 21653.2 18.5796 0 0 0 
248000 100 57.12 0 10 5448.86 0 9.99418 1 23612.9 20.5048 0 0 0 
249000 100 54.97 0 10 5477.79 0 9.9942 1 23482.2 20.3141 0 0 0 
250000 100 57.28 0 10 5505.62 0 9.99423 1 23498.5 20.437 0 0 0 