# Avida Average Deme Data
# Mon Apr  7 19:15:17 2014
#  1: Update
#  2: Count
#  3: Age
#  4: Births
#  5: Organisms
#  6: Generation
#  7: Births (at last replication)
#  8: Organisms (at last replication)
#  9: Merit
# 10: Gestation Time
# 11: Time Used (normalized by org fitness)
# 12: Generations between current and last founders
# 13: Events killed
# 14: Attempts to kill event

0 100 0 0 1 0 0 0 1 0 0 0 0 0 
1000 100 56.75 0 10 9.54 0 8.53357 1 44750.8 38.5838 0 0 0 
2000 100 66.92 0 10 18.83 0 9.26642 1 36481 31.4844 0 0 0 
3000 100 61.27 0 10 30.56 0 9.51086 1 40466.9 35.0606 0 0 0 
4000 100 83.97 0 10 42.27 0 9.63312 1 47361.1 41.1303 0 0 0 
5000 100 65.27 0 10 56.11 0 9.70648 1 36419.3 31.6474 0 0 0 
6000 100 68.85 0 10 68.37 0 9.75539 1 36724.5 31.8808 0 0 0 
7000 100 75.76 0 10 90.34 0 9.79033 1 33883.3 29.393 0 0 0 
8000 100 63.43 0 10 110.73 0 9.81654 1 31634 27.4669 0 0 0 
9000 100 76.23 0 10 128.52 0 9.83692 1 33526.3 29.1716 0 0 0 
10000 100 58.87 0 10 140.51 0 9.85322 1 33753 29.4545 0 0 0 
11000 100 70.07 0 10 154.63 0 9.86657 1 32588.7 28.3554 0 0 0 
12000 100 57.1 0 10 172.24 0 9.87769 1 35985.9 30.9664 0 0 0 
13000 100 71.61 0 10 189.76 0 9.88709 1 32086.9 27.5899 0 0 0 
14000 100 62.18 0 10 213.19 0 9.89516 1 32575 27.9719 0 0 0 
15000 100 61.51 0 10 229.37 0 9.90215 1 27997 23.9489 0 0 0 
16000 100 70.8 0 10 252.73 0 9.90826 1 29430.7 25.0809 0 0 0 
17000 100 72.69 0 10 284.64 0 9.91366 1 31731.6 26.9049 0 0 0 
18000 100 69.98 0 10 296.69 0 9.91845 1 30389.1 25.8072 0 0 0 
19000 100 67.23 0 10 313.64 0 9.92275 1 35667.6 30.3024 0 0 0 
20000 100 63.49 0 10 343.26 0 9.92661 1 31395.1 26.7672 0 0 0 
21000 100 53.96 0 10 359.42 0 9.9301 1 34062 29.4516 0 0 0 
22000 100 67.69 0 10 378.89 0 9.93328 1 29330.9 24.8076 0 0 0 
23000 100 67.61 0 10 396.53 0 9.93618 1 25795.1 21.8503 0 0 0 
24000 100 62.07 0 10 416.73 0 9.93884 1 32043.9 27.0244 0 0 0 
25000 100 68.95 0 10 437.93 0 9.94129 1 21648.6 18.1081 0 0 0 
26000 100 65.54 0 10 484.71 0 9.94354 1 24296.8 20.4761 0 0 0 
27000 100 69.54 0 10 502.6 0 9.94564 1 31398.2 26.5806 0 0 0 
28000 100 75.29 0 10 522.68 0 9.94758 1 31313.9 26.4411 0 0 0 
29000 100 70.99 0 10 538.7 0 9.94938 1 22862.5 19.3162 0 0 0 
30000 100 67.53 0 10 550.38 0 9.95107 1 24032.2 20.3545 0 0 0 
31000 100 66.02 0 10 564.95 0 9.95265 1 28338.6 23.9621 0 0 0 
32000 100 66.02 0 10 582.62 0 9.95413 1 29913 25.3047 0 0 0 
33000 100 62.35 0 10 596.33 0 9.95552 1 27917 23.5895 0 0 0 
34000 100 70.79 0 10 621.59 0 9.95683 1 28098.5 23.7526 0 0 0 
35000 100 66.15 0 10 642.48 0 9.95806 1 30969.6 26.2085 0 0 0 
36000 100 61.57 0 10 679.07 0 9.95923 1 33511.2 28.4552 0 0 0 
37000 100 67.56 0 10 708.42 0 9.96033 1 26434.6 22.4939 0 0 0 
38000 100 57.08 0 10 731.73 0 9.96137 1 31354.8 26.7072 0 0 0 
39000 100 64.05 0 10 739.96 0 9.96236 1 30963.8 26.2973 0 0 0 
40000 100 63.22 0 10 761.15 0 9.9633 1 31933 27.0633 0 0 0 
41000 100 67.23 0 10 778.43 0 9.9642 1 31796.8 26.8622 0 0 0 
42000 100 63.31 0 10 808.16 0 9.96505 1 22502.9 19.0173 0 0 0 
43000 100 61.18 0 10 817.53 0 9.96586 1 29228.5 24.8029 0 0 0 
44000 100 69.09 0 10 845.4 0 9.96664 1 33194.7 28.1389 0 0 0 
45000 100 80.21 0 10 877.93 0 9.96738 1 34765.2 29.4426 0 0 0 
46000 100 73.72 0 10 906.16 0 9.96809 1 28418.3 23.9515 0 0 0 
47000 100 61.09 0 10 923.11 0 9.96877 1 32523.3 27.3084 0 0 0 
48000 100 59 0 10 942.44 0 9.96942 1 27122.6 22.7872 0 0 0 
49000 100 73.78 0 10 969.75 0 9.97004 1 33791.8 28.2516 0 0 0 
50000 100 64.97 0 10 991.62 0 9.97064 1 30063.1 24.9454 0 0 0 
51000 100 60.87 0 10 1007.6 0 9.97122 1 30723.7 25.4344 0 0 0 
52000 100 66.71 0 10 1026.57 0 9.97177 1 28869.7 23.8612 0 0 0 
53000 100 65.55 0 10 1042.71 0 9.9723 1 28440.8 23.5035 0 0 0 
54000 100 65.4 0 10 1063.66 0 9.97282 1 25404.1 20.9763 0 0 0 
55000 100 64.16 0 10 1085.09 0 9.97331 1 35760.1 29.5319 0 0 0 
56000 100 53.55 0 10 1114.39 0 9.97379 1 26996.8 22.4053 0 0 0 
57000 100 65.07 0 10 1137.2 0 9.97425 1 34758.7 28.7643 0 0 0 
58000 100 60.98 0 10 1161.07 0 9.97469 1 31197.1 25.8104 0 0 0 
59000 100 68.55 0 10 1183.64 0 9.97512 1 29720.4 24.5694 0 0 0 
60000 100 70.81 0 10 1213.6 0 9.97554 1 27983 23.189 0 0 0 
61000 100 66.09 0 10 1231.86 0 9.97594 1 27315.4 22.6631 0 0 0 
62000 100 61.6 0 10 1265.42 0 9.97632 1 27597.8 22.8723 0 0 0 
63000 100 73.65 0 10 1285.67 0 9.9767 1 25526 21.2129 0 0 0 
64000 100 63.97 0 10 1314.97 0 9.97706 1 21667.4 18.0121 0 0 0 
65000 100 67.67 0 10 1327.83 0 9.97742 1 30867 25.5693 0 0 0 
66000 100 59.6 0 10 1351.95 0 9.97776 1 33770.4 27.8587 0 0 0 
67000 100 59.24 0 10 1373.13 0 9.97809 1 25341.7 20.7634 0 0 0 
68000 100 60.69 0 10 1402.47 0 9.97841 1 28505.3 22.9864 0 0 0 
69000 100 58.97 0 10 1422.65 0 9.97873 1 29249.8 23.6239 0 0 0 
70000 100 72.9 0 10 1444.91 0 9.97903 1 24961.7 20.1915 0 0 0 
71000 100 53.53 0 10 1459.85 0 9.97933 1 26318.3 21.3418 0 0 0 
72000 100 66.99 0 10 1481.6 0 9.97961 1 24829.5 19.9421 0 0 0 
73000 100 60.41 0 10 1497.59 0 9.97989 1 33220.4 26.5059 0 0 0 
74000 100 72.24 0 10 1513.46 0 9.98016 1 28770.2 23.0265 0 0 0 
75000 100 62.06 0 10 1529.91 0 9.98043 1 29912.5 23.4751 0 0 0 
76000 100 54.39 0 10 1552.12 0 9.98069 1 24696.3 19.1778 0 0 0 
77000 100 41.69 0 10 1625.27 0 9.98094 1 8170.68 6.20839 0 0 0 
78000 100 45.3 0 10 1687.34 0 9.98118 1 10632.7 8.05307 0 0 0 
79000 100 47.5 0 10 1770.89 0 9.98142 1 7811.14 5.88455 0 0 0 
80000 100 37.94 0 10 1837.76 0 9.98165 1 9889.14 7.47711 0 0 0 
81000 100 41.46 0 10 1910.76 0 9.98188 1 9186.3 6.90336 0 0 0 
82000 100 45.74 0 10 1995.98 0 9.9821 1 10269.3 7.74175 0 0 0 
83000 100 40.5 0 10 2080.03 0 9.98231 1 6400.52 4.84982 0 0 0 
84000 100 43.54 0 10 2192.12 0 9.98253 1 3676.36 2.77733 0 0 0 
85000 100 39.68 0 10 2301.13 0 9.98273 1 7877.14 5.9711 0 0 0 
86000 100 40.88 0 10 2408.39 0 9.98293 1 4106.49 3.15189 0 0 0 
87000 100 32.1 0 10 2535.82 0 9.98313 1 5495.89 4.24313 0 0 0 
88000 100 32.97 0 10 2653.82 0 9.98332 1 2611.31 1.99691 0 0 0 
89000 100 35.47 0 10 2741.15 0 9.98351 1 3314.26 2.52314 0 0 0 
90000 100 30.49 0 10 2862.41 0 9.98369 1 3145.13 2.40435 0 0 0 
91000 100 36.67 0 10 2989.97 0 9.98387 1 2961.71 2.22886 0 0 0 
92000 100 39.77 0 10 3120.01 0 9.98404 1 2963.36 2.25514 0 0 0 
93000 100 42.48 0 10 3240.84 0 9.98422 1 3228.74 2.49468 0 0 0 
94000 100 35.54 0 10 3382.27 0 9.98438 1 4309.97 3.3148 0 0 0 
95000 100 36.86 0 10 3503.34 0 9.98455 1 2285.53 1.74435 0 0 0 
96000 100 44.37 0 10 3613.53 0 9.98471 1 2870.81 2.21375 0 0 0 
97000 100 43.7 0 10 3737.78 0 9.98487 1 2652.34 2.02773 0 0 0 
98000 100 26.62 0 10 3873.54 0 9.98502 1 3363.94 2.58046 0 0 0 
99000 100 31.99 0 10 4007.91 0 9.98517 1 3420.2 2.62975 0 0 0 
100000 100 26.22 0 10 4170.97 0 9.98532 1 2421.46 1.87205 0 0 0 
101000 100 25.82 0 10 4337.9 0 9.98547 1 1961.98 1.54334 0 0 0 
102000 100 23.99 0 10 4483.53 0 9.98561 1 3137.2 2.50438 0 0 0 
103000 100 27.61 0 10 4654.84 0 9.98575 1 1946.03 1.52812 0 0 0 
104000 100 32.55 0 10 4807.94 0 9.98589 1 2127.57 1.66327 0 0 0 
105000 100 32.28 0 10 4952.78 0 9.98602 1 2941.98 2.31144 0 0 0 
106000 100 27.62 0 10 5146.57 0 9.98615 1 2007.91 1.55988 0 0 0 
107000 100 32.16 0 10 5296.27 0 9.98628 1 2504.71 1.95781 0 0 0 
108000 100 26.61 0 10 5439.53 0 9.98641 1 1697.74 1.33433 0 0 0 
109000 100 25.8 0 10 5601.4 0 9.98653 1 3068.09 2.40746 0 0 0 
110000 100 31.27 0 10 5721.66 0 9.98666 1 2629.23 2.04674 0 0 0 
111000 100 32.51 0 10 5896.65 0 9.98678 1 3287.56 2.56345 0 0 0 
112000 100 28.87 0 10 6027.17 0 9.98689 1 2088.43 1.63859 0 0 0 
113000 100 40.07 0 10 6137.16 0 9.98701 1 2769.11 2.17746 0 0 0 
114000 100 41.5 0 10 6278.57 0 9.98712 1 4036.16 3.17615 0 0 0 
115000 100 33.98 0 10 6385.61 0 9.98724 1 3781.24 2.93776 0 0 0 
116000 100 40.61 0 10 6508.1 0 9.98735 1 3808.32 2.94754 0 0 0 
117000 100 35 0 10 6600.44 0 9.98745 1 3971.95 3.02236 0 0 0 
118000 100 33.63 0 10 6711.59 0 9.98756 1 5107.7 3.87057 0 0 0 
119000 100 38.25 0 10 6827.74 0 9.98766 1 4024.47 3.04607 0 0 0 
120000 100 35.11 0 10 6983.58 0 9.98777 1 2429.1 1.86652 0 0 0 
121000 100 27.37 0 10 7120.08 0 9.98787 1 3328.18 2.54408 0 0 0 
122000 100 36.61 0 10 7264.89 0 9.98797 1 5016.05 3.82902 0 0 0 
123000 100 26.39 0 10 7417.82 0 9.98807 1 1898.57 1.44897 0 0 0 
124000 100 39.03 0 10 7535.98 0 9.98816 1 2691.06 2.02425 0 0 0 
125000 100 35.91 0 10 7655.85 0 9.98826 1 3085.02 2.32451 0 0 0 
126000 100 30.3 0 10 7809.54 0 9.98835 1 2697.77 2.0436 0 0 0 
127000 100 33.27 0 10 7948.3 0 9.98844 1 2344.73 1.77418 0 0 0 
128000 100 29.53 0 10 8089.66 0 9.98853 1 4194.54 3.1461 0 0 0 
129000 100 40.43 0 10 8194.62 0 9.98862 1 3748.42 2.78771 0 0 0 
130000 100 41.07 0 10 8302.95 0 9.98871 1 4417.49 3.28767 0 0 0 
131000 100 34.76 0 10 8402.41 0 9.98879 1 4997.92 3.76768 0 0 0 
132000 100 32.68 0 10 8506.16 0 9.98888 1 6595.45 5.00094 0 0 0 
133000 100 47.8 0 10 8593.58 0 9.98896 1 4979.37 3.75057 0 0 0 
134000 100 39 0 10 8686.56 0 9.98905 1 4015.33 2.99077 0 0 0 
135000 100 38.29 0 10 8787.03 0 9.98913 1 5028.08 3.71999 0 0 0 
136000 100 42.12 0 10 8882.01 0 9.98921 1 3071.98 2.2818 0 0 0 
137000 100 39.02 0 10 8968.32 0 9.98929 1 3660.58 2.71591 0 0 0 
138000 100 32.87 0 10 9067.25 0 9.98936 1 4044.1 3.00581 0 0 0 
139000 100 26.63 0 10 9203.93 0 9.98944 1 3554.87 2.68112 0 0 0 
140000 100 40.29 0 10 9328.12 0 9.98952 1 3657.43 2.7612 0 0 0 
141000 100 35.79 0 10 9441.24 0 9.98959 1 2965.59 2.23485 0 0 0 
142000 100 25.37 0 10 9562.83 0 9.98966 1 3072.85 2.30396 0 0 0 
143000 100 40.07 0 10 9687.48 0 9.98974 1 4733.03 3.57293 0 0 0 
144000 100 37.21 0 10 9806.59 0 9.98981 1 3192.14 2.41167 0 0 0 
145000 100 38.35 0 10 9899.83 0 9.98988 1 7694.97 5.75549 0 0 0 
146000 100 33.22 0 10 9999.28 0 9.98995 1 7169.11 5.37573 0 0 0 
147000 100 38.68 0 10 10090.1 0 9.99001 1 7695.4 5.82092 0 0 0 
148000 100 35.43 0 10 10195.5 0 9.99008 1 3773.33 2.85643 0 0 0 
149000 100 36.89 0 10 10285.8 0 9.99015 1 3285.81 2.49942 0 0 0 
150000 100 40.38 0 10 10409.9 0 9.99021 1 3935.04 2.99414 0 0 0 
151000 100 34.59 0 10 10528.8 0 9.99028 1 2162.31 1.64514 0 0 0 
152000 100 33.6 0 10 10664.8 0 9.99034 1 2771.4 2.09382 0 0 0 
153000 100 31.25 0 10 10822.9 0 9.99041 1 2041.36 1.55226 0 0 0 
154000 100 24.66 0 10 10979.9 0 9.99047 1 2001.16 1.48174 0 0 0 
155000 100 28.1 0 10 11140.9 0 9.99053 1 2783.23 2.05077 0 0 0 
156000 100 40.88 0 10 11286.2 0 9.99059 1 3276.29 2.42726 0 0 0 
157000 100 31.75 0 10 11428.9 0 9.99065 1 2306.12 1.70491 0 0 0 
158000 100 31.19 0 10 11560.6 0 9.99071 1 1860.42 1.36791 0 0 0 
159000 100 31.28 0 10 11696.7 0 9.99077 1 4591.21 3.40169 0 0 0 
160000 100 39.56 0 10 11787.4 0 9.99083 1 2251.95 1.66852 0 0 0 
161000 100 30.1 0 10 11917.2 0 9.99088 1 4228.51 3.10716 0 0 0 
162000 100 38.96 0 10 12037.3 0 9.99094 1 3440.73 2.53651 0 0 0 
163000 100 37.31 0 10 12154.4 0 9.99099 1 3588.51 2.62224 0 0 0 
164000 100 31.53 0 10 12280.1 0 9.99105 1 1872.76 1.37249 0 0 0 
165000 100 32.96 0 10 12410.8 0 9.9911 1 1758.89 1.2829 0 0 0 
166000 100 31.99 0 10 12570.5 0 9.99116 1 1843.37 1.33509 0 0 0 
167000 100 31.18 0 10 12720.5 0 9.99121 1 2340.48 1.71396 0 0 0 
168000 100 22.77 0 10 12879 0 9.99126 1 3029.99 2.22381 0 0 0 
169000 100 30.32 0 10 13037.5 0 9.99131 1 2109.54 1.52898 0 0 0 
170000 100 24.36 0 10 13219.8 0 9.99137 1 1827.45 1.31456 0 0 0 
171000 100 30.06 0 10 13402.6 0 9.99142 1 2375.42 1.68821 0 0 0 
172000 100 25 0 10 13549.5 0 9.99147 1 2610.67 1.85085 0 0 0 
173000 100 25.39 0 10 13730.6 0 9.99152 1 2031.92 1.42842 0 0 0 
174000 100 29.05 0 10 13915.6 0 9.99156 1 2712.74 1.89296 0 0 0 
175000 100 27.72 0 10 14080.6 0 9.99161 1 2554.99 1.77867 0 0 0 
176000 100 28.39 0 10 14226.1 0 9.99166 1 2204.3 1.56484 0 0 0 
177000 100 30.28 0 10 14380.6 0 9.99171 1 2264.85 1.60045 0 0 0 
178000 100 33.73 0 10 14517.3 0 9.99175 1 4001.64 2.81902 0 0 0 
179000 100 28.54 0 10 14656.7 0 9.9918 1 4008.75 2.8145 0 0 0 
180000 100 31.72 0 10 14801.8 0 9.99185 1 1978.37 1.40304 0 0 0 
181000 100 29.66 0 10 14938.8 0 9.99189 1 1982.73 1.41259 0 0 0 
182000 100 27.7 0 10 15105.1 0 9.99193 1 1899.12 1.34854 0 0 0 
183000 100 24.15 0 10 15276.3 0 9.99198 1 2289.89 1.63007 0 0 0 
184000 100 29.27 0 10 15428.7 0 9.99202 1 1588.5 1.13064 0 0 0 
185000 100 30.41 0 10 15544.7 0 9.99207 1 4839.57 3.45301 0 0 0 
186000 100 39.66 0 10 15666.1 0 9.99211 1 4845.75 3.39772 0 0 0 
187000 100 28.47 0 10 15785 0 9.99215 1 2890.41 2.04461 0 0 0 
188000 100 36.49 0 10 15911 0 9.99219 1 2617.14 1.85458 0 0 0 
189000 100 36.71 0 10 16044.6 0 9.99223 1 2640.32 1.8945 0 0 0 
190000 100 33.93 0 10 16189.5 0 9.99227 1 2885.02 2.07272 0 0 0 
191000 100 30.63 0 10 16348 0 9.99231 1 2343.38 1.67966 0 0 0 
192000 100 35.22 0 10 16464.4 0 9.99235 1 5677.32 4.02696 0 0 0 
193000 100 31.34 0 10 16581.8 0 9.99239 1 4380.86 3.11066 0 0 0 
194000 100 37.57 0 10 16702 0 9.99243 1 3443.52 2.45003 0 0 0 
195000 100 30.02 0 10 16824 0 9.99247 1 2323.3 1.66228 0 0 0 
196000 100 35.7 0 10 16959.6 0 9.99251 1 2974.34 2.1224 0 0 0 
197000 100 25.4 0 10 17127.7 0 9.99255 1 2046.74 1.48122 0 0 0 
198000 100 34.18 0 10 17307.4 0 9.99259 1 2135.03 1.56697 0 0 0 
199000 100 24.18 0 10 17486.9 0 9.99262 1 1846.83 1.3549 0 0 0 
200000 100 36 0 10 17643.9 0 9.99266 1 2300.85 1.68884 0 0 0 
201000 100 30.7 0 10 17788 0 9.9927 1 2452.82 1.81279 0 0 0 
202000 100 26.18 0 10 17948 0 9.99273 1 1998.44 1.47508 0 0 0 
203000 100 25.4 0 10 18093.6 0 9.99277 1 1929.29 1.40868 0 0 0 
204000 100 26.64 0 10 18258.3 0 9.9928 1 3989.42 2.88841 0 0 0 
205000 100 26.05 0 10 18419 0 9.99284 1 2924.7 2.12635 0 0 0 
206000 100 31.62 0 10 18562.2 0 9.99287 1 1947.41 1.4196 0 0 0 
207000 100 30.74 0 10 18699.5 0 9.99291 1 4566.55 3.3028 0 0 0 
208000 100 31.47 0 10 18840 0 9.99294 1 2042.61 1.46595 0 0 0 
209000 100 33.35 0 10 18946.7 0 9.99298 1 3887.45 2.7715 0 0 0 
210000 100 34.51 0 10 19070.7 0 9.99301 1 4665.85 3.28568 0 0 0 
211000 100 34.39 0 10 19184.7 0 9.99304 1 2567.5 1.80513 0 0 0 
212000 100 30.64 0 10 19312.2 0 9.99308 1 4373.42 3.09023 0 0 0 
213000 100 37.42 0 10 19430.7 0 9.99311 1 5418.85 3.81856 0 0 0 
214000 100 40.86 0 10 19530.2 0 9.99314 1 2896.87 2.04475 0 0 0 
215000 100 36.78 0 10 19637.5 0 9.99317 1 2790.36 1.97712 0 0 0 
216000 100 36.3 0 10 19764.3 0 9.9932 1 3357.94 2.3832 0 0 0 
217000 100 29.65 0 10 19918.8 0 9.99324 1 2911.91 2.06576 0 0 0 
218000 100 32.24 0 10 20055.5 0 9.99327 1 3630.94 2.57297 0 0 0 
219000 100 26.68 0 10 20198.7 0 9.9933 1 3045.43 2.15285 0 0 0 
220000 100 34.55 0 10 20353.5 0 9.99333 1 4287.58 3.04081 0 0 0 
221000 100 32.74 0 10 20501.6 0 9.99336 1 3211.13 2.32291 0 0 0 
222000 100 30.37 0 10 20614.3 0 9.99339 1 3688.03 2.65554 0 0 0 
223000 100 30.77 0 10 20782.4 0 9.99342 1 3183 2.29356 0 0 0 
224000 100 30.5 0 10 20914.5 0 9.99345 1 2878.41 2.0726 0 0 0 
225000 100 29.9 0 10 21044 0 9.99348 1 3078.93 2.22448 0 0 0 
226000 100 38.14 0 10 21190.8 0 9.9935 1 2275.42 1.63095 0 0 0 
227000 100 37.24 0 10 21324.1 0 9.99353 1 5065.38 3.59965 0 0 0 
228000 100 39.14 0 10 21416.5 0 9.99356 1 5375.64 3.83785 0 0 0 
229000 100 39.31 0 10 21512.3 0 9.99359 1 3374.21 2.4438 0 0 0 
230000 100 32.6 0 10 21606.6 0 9.99362 1 4076.52 2.98064 0 0 0 
231000 100 38.86 0 10 21727.7 0 9.99365 1 4002.67 2.92878 0 0 0 
232000 100 37.5 0 10 21833.2 0 9.99367 1 3629.48 2.64063 0 0 0 
233000 100 36.31 0 10 21937.1 0 9.9937 1 4276.02 3.12158 0 0 0 
234000 100 37.61 0 10 22031.4 0 9.99373 1 3962.85 2.858 0 0 0 
235000 100 26.75 0 10 22157.8 0 9.99375 1 2573.4 1.85218 0 0 0 
236000 100 33.32 0 10 22296 0 9.99378 1 2441.21 1.74364 0 0 0 
237000 100 28.55 0 10 22411.8 0 9.99381 1 3730.66 2.72132 0 0 0 
238000 100 35.44 0 10 22564.7 0 9.99383 1 3547.55 2.51601 0 0 0 
239000 100 31.6 0 10 22687.6 0 9.99386 1 3720.55 2.66717 0 0 0 
240000 100 29.04 0 10 22809.8 0 9.99388 1 5169.2 3.68786 0 0 0 
241000 100 31.47 0 10 22947.8 0 9.99391 1 2145.8 1.53484 0 0 0 
242000 100 51.94 0 10 23060.3 0 9.99393 1 4390.66 3.13473 0 0 0 
243000 100 43.45 0 10 23191.8 0 9.99396 1 4547.76 3.30905 0 0 0 
244000 100 30.17 0 10 23314.7 0 9.99398 1 2483.67 1.79734 0 0 0 
245000 100 34.29 0 10 23446.8 0 9.99401 1 4227.26 3.02577 0 0 0 
246000 100 42.04 0 10 23572.7 0 9.99403 1 4770.44 3.42184 0 0 0 
247000 100 33.68 0 10 23679.8 0 9.99406 1 5477.84 3.90988 0 0 0 
248000 100 26.58 0 10 23777.5 0 9.99408 1 2372.9 1.6887 0 0 0 
249000 100 31.91 0 10 23879.9 0 9.9941 1 5426.15 3.8947 0 0 0 
250000 100 31.92 0 10 23978.8 0 9.99413 1 3429.49 2.46861 0 0 0 