# Avida Average Deme Data
# Mon Apr  7 11:11:45 2014
#  1: Update
#  2: Count
#  3: Age
#  4: Births
#  5: Organisms
#  6: Generation
#  7: Births (at last replication)
#  8: Organisms (at last replication)
#  9: Merit
# 10: Gestation Time
# 11: Time Used (normalized by org fitness)
# 12: Generations between current and last founders
# 13: Events killed
# 14: Attempts to kill event

0 100 0 0 1 0 0 0 1 0 0 0 0 0 
1000 100 61.04 0 10 9.28 0 8.66424 1 40738.5 35.1184 0 0 0 
2000 100 74.62 0 10 19.28 0 9.33178 1 39772.9 34.2929 0 0 0 
3000 100 71.93 0 10 32.86 0 9.55445 1 39091.3 33.7433 0 0 0 
4000 100 70.21 0 10 43.65 0 9.66581 1 37733.3 32.66 0 0 0 
5000 100 70.42 0 10 57.42 0 9.73263 1 40836.6 35.1895 0 0 0 
6000 100 60.81 0 10 68.33 0 9.77719 1 41051.9 35.3491 0 0 0 
7000 100 73.22 0 10 81.54 0 9.80901 1 42353.4 36.2897 0 0 0 
8000 100 75.88 0 10 87.57 0 9.83288 1 36566.1 31.2961 0 0 0 
9000 100 75.17 0 10 99.13 0 9.85145 1 39649.6 33.8874 0 0 0 
10000 100 80.23 0 10 106.96 0 9.8663 1 40497.6 34.781 0 0 0 
11000 100 72.1 0 10 116.19 0 9.87846 1 40324.8 34.8188 0 0 0 
12000 100 74.55 0 10 123.86 0 9.88858 1 39691.1 34.1455 0 0 0 
13000 100 79.4 0 10 139 0 9.89715 1 39462.6 34.1116 0 0 0 
14000 100 76.06 0 10 147.2 0 9.9045 1 43753.9 38.1464 0 0 0 
15000 100 64.63 0 10 155.58 0 9.91087 1 44622.1 38.7961 0 0 0 
16000 100 68.62 0 10 168.22 0 9.91644 1 37102.2 32.3687 0 0 0 
17000 100 63.46 0 10 179.29 0 9.92135 1 36660.2 32.2981 0 0 0 
18000 100 69.99 0 10 191.73 0 9.92572 1 35036.3 30.782 0 0 0 
19000 100 66.77 0 10 204.63 0 9.92963 1 35935 31.595 0 0 0 
20000 100 70.95 0 10 217.58 0 9.93315 1 39519.3 34.8465 0 0 0 
21000 100 76.85 0 10 228.09 0 9.93633 1 42460.4 37.5438 0 0 0 
22000 100 64.75 0 10 239.1 0 9.93923 1 40196.9 35.4747 0 0 0 
23000 100 67.26 0 10 249.16 0 9.94187 1 40746.9 35.8592 0 0 0 
24000 100 75.62 0 10 260.06 0 9.94429 1 37939.8 33.2019 0 0 0 
25000 100 75.54 0 10 273.7 0 9.94652 1 42436 37.1405 0 0 0 
26000 100 71.88 0 10 284.39 0 9.94858 1 32711 28.7399 0 0 0 
27000 100 73.69 0 10 300.76 0 9.95048 1 36582.2 32.2601 0 0 0 
28000 100 58.89 0 10 311.32 0 9.95225 1 35998.2 31.6953 0 0 0 
29000 100 62.72 0 10 320.83 0 9.95389 1 34226.1 29.9533 0 0 0 
30000 100 74.66 0 10 329.5 0 9.95543 1 36282.3 31.8806 0 0 0 
31000 100 61.02 0 10 343.09 0 9.95687 1 34322.7 30.2227 0 0 0 
32000 100 60.27 0 10 367.64 0 9.95822 1 33535.6 29.5817 0 0 0 
33000 100 61.29 0 10 379.9 0 9.95948 1 34128.8 30.1158 0 0 0 
34000 100 61.85 0 10 407.67 0 9.96067 1 32046.8 28.0663 0 0 0 
35000 100 62.62 0 10 433.62 0 9.9618 1 30838.8 26.935 0 0 0 
36000 100 63.75 0 10 453.61 0 9.96286 1 29585.8 26.0061 0 0 0 
37000 100 67.08 0 10 469.62 0 9.96386 1 29770.9 26.4133 0 0 0 
38000 100 63.88 0 10 486.86 0 9.96481 1 31032.3 27.6266 0 0 0 
39000 100 61.1 0 10 505.15 0 9.96572 1 26305.8 23.4545 0 0 0 
40000 100 65.02 0 10 522.03 0 9.96657 1 33191.2 29.6588 0 0 0 
41000 100 63.32 0 10 544.69 0 9.96739 1 31129.6 27.7132 0 0 0 
42000 100 64.11 0 10 562.8 0 9.96817 1 28589.6 25.1492 0 0 0 
43000 100 74.07 0 10 588.2 0 9.96891 1 30696.2 27.0528 0 0 0 
44000 100 60.19 0 10 609.8 0 9.96961 1 35656.6 31.492 0 0 0 
45000 100 67.95 0 10 630.18 0 9.97029 1 28140 24.9223 0 0 0 
46000 100 66.73 0 10 662.79 0 9.97093 1 28693.6 25.3846 0 0 0 
47000 100 76.72 0 10 686.88 0 9.97155 1 34929.1 31.03 0 0 0 
48000 100 67.18 0 10 692.98 0 9.97214 1 35367.3 31.6653 0 0 0 
49000 100 64.28 0 10 702.27 0 9.97271 1 33955.5 30.2788 0 0 0 
50000 100 62.81 0 10 721.64 0 9.97326 1 33361.2 29.5237 0 0 0 
51000 100 64.61 0 10 741.37 0 9.97378 1 33192.7 29.4946 0 0 0 
52000 100 51.93 0 10 758.4 0 9.97429 1 29641.2 26.2978 0 0 0 
53000 100 60.75 0 10 783.64 0 9.97477 1 34045.2 30.3657 0 0 0 
54000 100 55.66 0 10 805.03 0 9.97524 1 33994.5 30.4106 0 0 0 
55000 100 73.72 0 10 827.42 0 9.97569 1 35711.1 31.9067 0 0 0 
56000 100 63.47 0 10 841.35 0 9.97612 1 32359.6 29.044 0 0 0 
57000 100 62.55 0 10 864.09 0 9.97654 1 32728.3 29.4588 0 0 0 
58000 100 62.98 0 10 885.34 0 9.97695 1 25699 23.314 0 0 0 
59000 100 55.83 0 10 907.17 0 9.97734 1 30654.2 27.9551 0 0 0 
60000 100 64.13 0 10 924.57 0 9.97772 1 24158.2 22.0602 0 0 0 
61000 100 56.77 0 10 949.08 0 9.97808 1 27373 24.9997 0 0 0 
62000 100 56.83 0 10 967.64 0 9.97843 1 29172 26.7022 0 0 0 
63000 100 49.66 0 10 991.73 0 9.97878 1 29614.7 27.1838 0 0 0 
64000 100 60.82 0 10 1017.26 0 9.97911 1 22943.3 20.8753 0 0 0 
65000 100 55.15 0 10 1051.39 0 9.97943 1 27462 24.7939 0 0 0 
66000 100 65.04 0 10 1072.29 0 9.97974 1 28557.5 25.7865 0 0 0 
67000 100 66.5 0 10 1087.14 0 9.98004 1 27287 24.5261 0 0 0 
68000 100 64.7 0 10 1115.61 0 9.98034 1 31672.8 28.301 0 0 0 
69000 100 74.31 0 10 1139.67 0 9.98062 1 26162.3 23.2501 0 0 0 
70000 100 62.81 0 10 1166.28 0 9.9809 1 27361.2 24.3298 0 0 0 
71000 100 59.37 0 10 1189.9 0 9.98117 1 30733.4 27.1798 0 0 0 
72000 100 72.37 0 10 1205.41 0 9.98143 1 33427.2 29.5079 0 0 0 
73000 100 66.6 0 10 1227.92 0 9.98168 1 29736.3 26.4485 0 0 0 
74000 100 56.24 0 10 1239.47 0 9.98193 1 34021.2 30.3219 0 0 0 
75000 100 63.5 0 10 1252.22 0 9.98217 1 33916.4 30.2745 0 0 0 
76000 100 56.01 0 10 1283.24 0 9.98241 1 28343.2 25.2195 0 0 0 
77000 100 68.04 0 10 1312.15 0 9.98264 1 32423.6 28.7757 0 0 0 
78000 100 61.77 0 10 1338.38 0 9.98286 1 29448.1 26.0194 0 0 0 
79000 100 56.37 0 10 1354.53 0 9.98307 1 26058.2 23.0187 0 0 0 
80000 100 72.54 0 10 1374.19 0 9.98329 1 31108.3 27.2546 0 0 0 
81000 100 60.16 0 10 1389.57 0 9.98349 1 26793.6 23.2817 0 0 0 
82000 100 64.69 0 10 1407.91 0 9.98369 1 23086.7 20.057 0 0 0 
83000 100 71.59 0 10 1425.68 0 9.98389 1 28740 24.9359 0 0 0 
84000 100 60.34 0 10 1449.61 0 9.98408 1 25736.3 22.2953 0 0 0 
85000 100 55.97 0 10 1471.32 0 9.98427 1 23204.8 20.0145 0 0 0 
86000 100 65.22 0 10 1496.79 0 9.98445 1 26882.9 23.0733 0 0 0 
87000 100 63.02 0 10 1519.27 0 9.98463 1 25628.5 21.9302 0 0 0 
88000 100 61.22 0 10 1531.13 0 9.98481 1 28387.4 24.2431 0 0 0 
89000 100 59.94 0 10 1555.25 0 9.98498 1 28091.3 23.9568 0 0 0 
90000 100 60.5 0 10 1584.21 0 9.98514 1 28682.8 24.3569 0 0 0 
91000 100 65.26 0 10 1607.61 0 9.98531 1 29677.5 25.4537 0 0 0 
92000 100 70.42 0 10 1637.37 0 9.98547 1 29119.2 25.1244 0 0 0 
93000 100 63.3 0 10 1664.45 0 9.98562 1 26581.6 22.8045 0 0 0 
94000 100 69.61 0 10 1684.39 0 9.98578 1 25698.4 21.9684 0 0 0 
95000 100 62.07 0 10 1709.49 0 9.98593 1 24867.2 21.1491 0 0 0 
96000 100 69 0 10 1720 0 9.98607 1 27547.1 23.7055 0 0 0 
97000 100 77.59 0 10 1739.01 0 9.98622 1 26767.9 22.9539 0 0 0 
98000 100 69.98 0 10 1758.59 0 9.98636 1 25850 22.3763 0 0 0 
99000 100 60.56 0 10 1775.85 0 9.98649 1 31019.3 26.9327 0 0 0 
100000 100 64.72 0 10 1794.67 0 9.98663 1 27789.7 24.1619 0 0 0 
101000 100 55.16 0 10 1811.72 0 9.98676 1 27571.7 23.9921 0 0 0 
102000 100 58.41 0 10 1834.78 0 9.98689 1 25623.8 22.2802 0 0 0 
103000 100 64.63 0 10 1858.2 0 9.98702 1 29897.1 25.9596 0 0 0 
104000 100 66.42 0 10 1877.63 0 9.98714 1 33415.5 29.0964 0 0 0 
105000 100 59.96 0 10 1893.77 0 9.98727 1 31746.2 27.5074 0 0 0 
106000 100 69.85 0 10 1917.68 0 9.98739 1 20745.6 17.9278 0 0 0 
107000 100 61.56 0 10 1937.19 0 9.9875 1 29815.7 25.6562 0 0 0 
108000 100 62.99 0 10 1956.27 0 9.98762 1 23718.7 20.2724 0 0 0 
109000 100 60.81 0 10 1978.49 0 9.98773 1 23912.9 20.4792 0 0 0 
110000 100 55.87 0 10 2001.41 0 9.98784 1 29744.5 25.3206 0 0 0 
111000 100 53.12 0 10 2029.71 0 9.98795 1 27754.1 23.7371 0 0 0 
112000 100 65.66 0 10 2055.09 0 9.98806 1 25682.2 22.1583 0 0 0 
113000 100 65.83 0 10 2074.74 0 9.98817 1 28744.6 24.7929 0 0 0 
114000 100 60.81 0 10 2094.75 0 9.98827 1 25890.2 22.3635 0 0 0 
115000 100 64.17 0 10 2122.66 0 9.98837 1 24654.5 21.435 0 0 0 
116000 100 75.35 0 10 2150.61 0 9.98847 1 28494.1 24.6108 0 0 0 
117000 100 68.46 0 10 2179.3 0 9.98857 1 22582.4 19.5635 0 0 0 
118000 100 57.12 0 10 2198.87 0 9.98867 1 29441.9 25.329 0 0 0 
119000 100 58.4 0 10 2219.78 0 9.98876 1 28160.6 24.2042 0 0 0 
120000 100 54.76 0 10 2245.22 0 9.98886 1 28076.4 24.3353 0 0 0 
121000 100 60.92 0 10 2266.54 0 9.98895 1 27292.8 23.3907 0 0 0 
122000 100 55.71 0 10 2291.7 0 9.98904 1 31869.7 27.1053 0 0 0 
123000 100 64.95 0 10 2293.4 0 9.98913 1 31907.8 27.0446 0 0 0 
124000 100 57.33 0 10 2308.3 0 9.98922 1 27890 23.553 0 0 0 
125000 100 64.97 0 10 2318.03 0 9.9893 1 27827.5 23.4032 0 0 0 
126000 100 64.24 0 10 2343.19 0 9.98939 1 27583.8 22.8998 0 0 0 
127000 100 55.21 0 10 2362.89 0 9.98947 1 26081.4 21.5315 0 0 0 
128000 100 55.58 0 10 2387.36 0 9.98955 1 27041.5 22.3765 0 0 0 
129000 100 61.9 0 10 2410.18 0 9.98963 1 23272.8 19.2531 0 0 0 
130000 100 61.63 0 10 2434.55 0 9.98971 1 21835.8 18.1432 0 0 0 
131000 100 64.2 0 10 2457.42 0 9.98979 1 25134.3 21.007 0 0 0 
132000 100 63.29 0 10 2477.03 0 9.98987 1 33946.2 28.4287 0 0 0 
133000 100 74.12 0 10 2496.69 0 9.98995 1 31161.1 26.2977 0 0 0 
134000 100 58.37 0 10 2521.56 0 9.99002 1 27058.4 22.7249 0 0 0 
135000 100 61.98 0 10 2545.54 0 9.9901 1 28811 24.119 0 0 0 
136000 100 48.22 0 10 2568.24 0 9.99017 1 29781.3 25.0283 0 0 0 
137000 100 61.03 0 10 2589.55 0 9.99024 1 25289.5 21.2668 0 0 0 
138000 100 58.25 0 10 2601.71 0 9.99031 1 28724.9 24.3414 0 0 0 
139000 100 58.84 0 10 2619.78 0 9.99038 1 29406.8 25.0091 0 0 0 
140000 100 62.55 0 10 2641.54 0 9.99045 1 30015.8 25.5647 0 0 0 
141000 100 65.25 0 10 2657.37 0 9.99052 1 28025.7 23.8968 0 0 0 
142000 100 58.96 0 10 2678.76 0 9.99058 1 25728 21.8035 0 0 0 
143000 100 52.74 0 10 2692.49 0 9.99065 1 24171.2 20.4267 0 0 0 
144000 100 68.25 0 10 2717.82 0 9.99071 1 32882.7 27.7282 0 0 0 
145000 100 53.97 0 10 2736.2 0 9.99078 1 31085.5 26.2484 0 0 0 
146000 100 58.91 0 10 2751.03 0 9.99084 1 26574 22.302 0 0 0 
147000 100 75.99 0 10 2777.97 0 9.9909 1 28080.9 23.5623 0 0 0 
148000 100 57.6 0 10 2795.36 0 9.99097 1 24118 20.0531 0 0 0 
149000 100 59.38 0 10 2812.42 0 9.99103 1 25112.3 20.7618 0 0 0 
150000 100 57.71 0 10 2832.57 0 9.99109 1 27831.9 23.0886 0 0 0 
151000 100 64.54 0 10 2854.87 0 9.99115 1 25130 20.9922 0 0 0 
152000 100 65.94 0 10 2876.58 0 9.9912 1 26694.8 22.427 0 0 0 
153000 100 60.94 0 10 2891.63 0 9.99126 1 28459.1 23.9212 0 0 0 
154000 100 67.21 0 10 2913.08 0 9.99132 1 28656.4 24.0743 0 0 0 
155000 100 66.71 0 10 2934.4 0 9.99137 1 30118.7 25.3978 0 0 0 
156000 100 69.27 0 10 2955.97 0 9.99143 1 25779.6 21.8372 0 0 0 
157000 100 74.51 0 10 2978.68 0 9.99148 1 27132.9 22.8552 0 0 0 
158000 100 64.89 0 10 3003.73 0 9.99154 1 31407.7 26.5306 0 0 0 
159000 100 64.88 0 10 3028.84 0 9.99159 1 27910.2 23.52 0 0 0 
160000 100 59.49 0 10 3046.94 0 9.99164 1 21452 18.0001 0 0 0 
161000 100 50.45 0 10 3059.12 0 9.9917 1 27759.5 23.2413 0 0 0 
162000 100 69.19 0 10 3076.17 0 9.99175 1 24039.9 20.0824 0 0 0 
163000 100 53.14 0 10 3101.23 0 9.9918 1 29237.6 24.4581 0 0 0 
164000 100 61.21 0 10 3113.76 0 9.99185 1 26137.6 21.9131 0 0 0 
165000 100 62.7 0 10 3139.06 0 9.9919 1 23222.8 19.4715 0 0 0 
166000 100 53.23 0 10 3167.73 0 9.99195 1 26100.1 22.0065 0 0 0 
167000 100 60.1 0 10 3188.05 0 9.99199 1 32411.2 27.2484 0 0 0 
168000 100 64.95 0 10 3206.97 0 9.99204 1 27727 23.2684 0 0 0 
169000 100 60.41 0 10 3232.91 0 9.99209 1 24263.5 20.3714 0 0 0 
170000 100 46.41 0 10 3267.94 0 9.99213 1 16528.3 13.8394 0 0 0 
171000 100 42.77 0 10 3357.43 0 9.99218 1 5198.2 4.3652 0 0 0 
172000 100 38.59 0 10 3436.25 0 9.99223 1 7136.92 5.99004 0 0 0 
173000 100 43.48 0 10 3510.29 0 9.99227 1 5931.57 4.96673 0 0 0 
174000 100 41.04 0 10 3582.55 0 9.99232 1 8355.99 6.96115 0 0 0 
175000 100 45.65 0 10 3649.89 0 9.99236 1 6563.04 5.47371 0 0 0 
176000 100 43.86 0 10 3747.87 0 9.9924 1 5498.04 4.53612 0 0 0 
177000 100 35.3 0 10 3840.59 0 9.99245 1 4440.05 3.65229 0 0 0 
178000 100 46.29 0 10 3921.97 0 9.99249 1 4122.87 3.40287 0 0 0 
179000 100 48.17 0 10 4000.64 0 9.99253 1 7663.64 6.36365 0 0 0 
180000 100 32.39 0 10 4110.77 0 9.99257 1 4640.25 3.82547 0 0 0 
181000 100 39.38 0 10 4211.53 0 9.99261 1 6059.76 4.9534 0 0 0 
182000 100 36.57 0 10 4306.06 0 9.99265 1 5281.25 4.28099 0 0 0 
183000 100 39.18 0 10 4404.92 0 9.99269 1 5767.63 4.65951 0 0 0 
184000 100 41.99 0 10 4515.23 0 9.99273 1 4749.84 3.83231 0 0 0 
185000 100 36.4 0 10 4607.67 0 9.99277 1 4727.75 3.83941 0 0 0 
186000 100 38.62 0 10 4707.3 0 9.99281 1 3054.33 2.47912 0 0 0 
187000 100 26.84 0 10 4814.96 0 9.99285 1 3830.59 3.1254 0 0 0 
188000 100 39.01 0 10 4932.59 0 9.99289 1 3031.84 2.4635 0 0 0 
189000 100 32.44 0 10 5040.86 0 9.99293 1 3701.2 2.99989 0 0 0 
190000 100 35.14 0 10 5179.46 0 9.99296 1 3031.37 2.45547 0 0 0 
191000 100 40.8 0 10 5298.94 0 9.993 1 2788.34 2.24951 0 0 0 
192000 100 30.8 0 10 5405.36 0 9.99304 1 4087.71 3.28849 0 0 0 
193000 100 24.47 0 10 5525.3 0 9.99307 1 2411.11 1.94937 0 0 0 
194000 100 37.73 0 10 5645.32 0 9.99311 1 2871.01 2.3418 0 0 0 
195000 100 36.77 0 10 5753.44 0 9.99314 1 4025.12 3.27384 0 0 0 
196000 100 34.53 0 10 5874 0 9.99318 1 5414.44 4.43676 0 0 0 
197000 100 30.6 0 10 6000.31 0 9.99321 1 5512.45 4.54631 0 0 0 
198000 100 28.69 0 10 6133.73 0 9.99325 1 2255.6 1.88026 0 0 0 
199000 100 35.94 0 10 6267.19 0 9.99328 1 2758.48 2.26999 0 0 0 
200000 100 28.43 0 10 6390.04 0 9.99331 1 4026.66 3.26473 0 0 0 
201000 100 29.65 0 10 6516.98 0 9.99335 1 3227.09 2.6168 0 0 0 
202000 100 30.33 0 10 6653.07 0 9.99338 1 2226.69 1.79289 0 0 0 
203000 100 23.5 0 10 6802.24 0 9.99341 1 2206.53 1.77348 0 0 0 
204000 100 26.7 0 10 6952.6 0 9.99345 1 2172.43 1.77375 0 0 0 
205000 100 32.48 0 10 7115.85 0 9.99348 1 1837.7 1.51614 0 0 0 
206000 100 29.89 0 10 7260.2 0 9.99351 1 2576.62 2.09445 0 0 0 
207000 100 26.57 0 10 7394.58 0 9.99354 1 2129.3 1.71742 0 0 0 
208000 100 26.38 0 10 7543.54 0 9.99357 1 2552.75 2.07165 0 0 0 
209000 100 26.12 0 10 7701.78 0 9.9936 1 2233.63 1.76 0 0 0 
210000 100 31.88 0 10 7835.96 0 9.99363 1 3479.84 2.73911 0 0 0 
211000 100 31.89 0 10 7964.98 0 9.99366 1 3730.6 2.9269 0 0 0 
212000 100 30.22 0 10 8104.51 0 9.99369 1 2298.26 1.80498 0 0 0 
213000 100 23.4 0 10 8234.28 0 9.99372 1 2962.9 2.34326 0 0 0 
214000 100 36.12 0 10 8365.64 0 9.99375 1 4759.68 3.75659 0 0 0 
215000 100 29.13 0 10 8504.67 0 9.99378 1 2410.37 1.91835 0 0 0 
216000 100 35.56 0 10 8644.52 0 9.99381 1 2834.99 2.23988 0 0 0 
217000 100 30.84 0 10 8753.77 0 9.99384 1 2961.74 2.31156 0 0 0 
218000 100 28.22 0 10 8898.14 0 9.99387 1 2197.56 1.69461 0 0 0 
219000 100 37.95 0 10 9027.66 0 9.99389 1 3776.55 2.90628 0 0 0 
220000 100 28.6 0 10 9168.31 0 9.99392 1 2723.69 2.08499 0 0 0 
221000 100 34.1 0 10 9296.65 0 9.99395 1 2498.43 1.92998 0 0 0 
222000 100 38.06 0 10 9418.17 0 9.99398 1 3917.93 3.01154 0 0 0 
223000 100 27.65 0 10 9562.18 0 9.994 1 2006.05 1.58212 0 0 0 
224000 100 28.38 0 10 9704.63 0 9.99403 1 3320.7 2.61371 0 0 0 
225000 100 30.1 0 10 9856.94 0 9.99406 1 2307.92 1.85554 0 0 0 
226000 100 29.8 0 10 10003.5 0 9.99408 1 2809.79 2.27611 0 0 0 
227000 100 28.26 0 10 10160.8 0 9.99411 1 2503.42 2.03164 0 0 0 
228000 100 22.23 0 10 10311.7 0 9.99414 1 2637.31 2.13094 0 0 0 
229000 100 27.21 0 10 10463.6 0 9.99416 1 1973.49 1.61353 0 0 0 
230000 100 23.6 0 10 10616.8 0 9.99419 1 2591.99 2.12584 0 0 0 
231000 100 29.09 0 10 10781.7 0 9.99421 1 1831.95 1.49693 0 0 0 
232000 100 24.84 0 10 10957.5 0 9.99424 1 1829.3 1.50494 0 0 0 
233000 100 25.51 0 10 11129.5 0 9.99426 1 1712.23 1.40346 0 0 0 
234000 100 25.13 0 10 11319.1 0 9.99429 1 1549.73 1.26164 0 0 0 
235000 100 28.99 0 10 11491.9 0 9.99431 1 1813.49 1.4794 0 0 0 
236000 100 28.21 0 10 11656.3 0 9.99433 1 1906.79 1.55676 0 0 0 
237000 100 26.95 0 10 11807.8 0 9.99436 1 2048.41 1.677 0 0 0 
238000 100 25.23 0 10 11964.7 0 9.99438 1 1927.08 1.59735 0 0 0 
239000 100 25.01 0 10 12126.6 0 9.99441 1 3344.45 2.7429 0 0 0 
240000 100 26.83 0 10 12292.5 0 9.99443 1 2295.75 1.83322 0 0 0 
241000 100 23.33 0 10 12448.8 0 9.99445 1 2112.99 1.67651 0 0 0 
242000 100 25.02 0 10 12596.4 0 9.99447 1 2379.51 1.86605 0 0 0 
243000 100 27.67 0 10 12775.2 0 9.9945 1 2583.34 2.06966 0 0 0 
244000 100 25.54 0 10 12946.9 0 9.99452 1 1909 1.51951 0 0 0 
245000 100 22.03 0 10 13131 0 9.99454 1 2321.75 1.87447 0 0 0 
246000 100 22.13 0 10 13308.3 0 9.99456 1 1542.79 1.23483 0 0 0 
247000 100 19.5 0 10 13520.8 0 9.99459 1 1516.31 1.2134 0 0 0 
248000 100 20.42 0 10 13671.9 0 9.99461 1 1733.01 1.40263 0 0 0 
249000 100 24.92 0 10 13850.7 0 9.99463 1 1712.6 1.3782 0 0 0 
250000 100 28.44 0 10 14039.9 0 9.99465 1 2053.84 1.65687 0 0 0 